0.236959 0.0947838 -0.966885
0.226289 0.0905157 -0.969845
0.221937 0.0443874 -0.97405
0.181046 0.0905232 -0.9793
0.186994 0.186994 -0.9644
0.182755 0.182755 -0.966024
0.0886312 0.221578 -0.971106
0.132881 0.221469 -0.966071
0.0885443 0.221361 -0.971164
0.136816 0.182421 -0.973655
0.136816 0.182421 -0.973655
0.139941 0.186588 -0.97242
0.0913457 0.182691 -0.978918
0.0882853 0.220713 -0.971335
0.0882853 0.220713 -0.971335
0.174181 0.261271 -0.94942
0.179907 0.224884 -0.957633
0.186183 0.186183 -0.964713
0.239444 0.143666 -0.960222
0.190024 0.190024 -0.963214
0.144097 0.144097 -0.979016
0.186183 0.186183 -0.964713
0.222534 0.178027 -0.958533
0.22204 0.177632 -0.95872
0.263849 0.219874 -0.939169
0.266345 0.177564 -0.947381
0.221442 0.177153 -0.958947
0.265629 0.177086 -0.947672
0.267608 0.133804 -0.954192
0.365572 0.137089 -0.920632
0.370673 0.185336 -0.910083
0.365572 0.137089 -0.920632
0.411079 0.137026 -0.901242
0.373933 0.140225 -0.916794
0.376326 0.0940815 -0.921698
0.385258 0.0963146 -0.917769
0.339398 0.0484854 -0.939392
0.330171 0.0943344 -0.939196
0.377265 0.0943161 -0.92129
0.322641 0.0921831 -0.942022
0.369354 0.0923384 -0.92469
0.322641 0.0921831 -0.942022
0.383657 0.143872 -0.9122
0.392874 0.147328 -0.907714
0.343945 0.147405 -0.927348
0.348925 0.199386 -0.915695
0.35242 0.151037 -0.923574
0.302216 0.151108 -0.941186
0.302216 0.151108 -0.941186
0.353972 0.101135 -0.929772
0.302216 0.151108 -0.941186
0.302888 0.151444 -0.940916
0.196741 0.147556 -0.969289
0.251226 0.150735 -0.956119
0.196789 0.0983944 -0.975496
0.0966412 0.0966412 -0.990616
0.148506 0.0990038 -0.983943
0.0966412 0.0966412 -0.990616
0.0944638 0.0472319 -0.994407
0.0968435 0 -0.9953
0.0945703 0 -0.995518
0.0923014 0.0461507 -0.994661
0.0991047 0.0495523 -0.993842
0.0944638 0.0472319 -0.994407
0.0920054 0.0920054 -0.991499
0.046004 0.0920079 -0.994695
0.0968435 0 -0.9953
0.0923014 0.0461507 -0.994661
0.0992278 0 -0.995065
0.0968435 0 -0.9953
0.0506206 0.0506206 -0.997434
0.10124 0.0506201 -0.993573
0.0924007 0 -0.995722
0.0481957 0.0963915 -0.994176
0.0963883 0.0963883 -0.990666
0.0936248 0.140437 -0.985653
0.093344 0.140016 -0.98574
0.0432528 0.173011 -0.98397
0.132031 0.176042 -0.975488
0.0919468 0.183894 -0.978636
0.0951753 0.142763 -0.98517
0.138946 0.138946 -0.980504
0.138946 0.138946 -0.980504
0.137134 0.0914227 -0.986325
0.185233 0.138925 -0.972825
0.182122 0.0910609 -0.97905
0.182122 0.0910609 -0.97905
0.217917 0.0871669 -0.972067
0.169255 0.126942 -0.977363
0.166449 0.124837 -0.978116
0.169255 0.126942 -0.977363
0.170697 0.0853486 -0.98162
0.222672 0.0890686 -0.970816
0.22152 0.132912 -0.966056
0.173647 0.0868233 -0.980973
0.217917 0.0871669 -0.972067
0.178817 0.0894086 -0.979811
0.178817 0.0894086 -0.979811
0.26718 0.0890599 -0.959522
0.229282 0.0458563 -0.972279
0.27513 0.0458551 -0.960313
0.230069 0.0460138 -0.972086
0.276392 0 -0.961045
0.338952 0 -0.940804
0.338952 0 -0.940804
0.330996 0 -0.943632
0.338504 0.0483578 -0.939721
0.284427 0 -0.958698
0.284427 0 -0.958698
0.283711 0 -0.95891
0.283367 0.0472278 -0.957848
0.290159 0.0483599 -0.955756
0.329348 0.0940995 -0.939508
0.330996 0 -0.943632
0.377789 0.0472236 -0.924687
0.337865 0 -0.941195
0.322457 0 -0.946584
0.322457 0 -0.946584
0.27513 0.0458551 -0.960313
0.328352 0.0938147 -0.939885
0.275444 0 -0.961317
0.322457 0 -0.946584
0.316147 0 -0.94871
0.276075 0.0460125 -0.960034
0.234601 0.0938406 -0.967552
0.293952 0.0979841 -0.950784
0.234601 0.0938406 -0.967552
0.191422 0.0957111 -0.97683
0.193687 0 -0.981063
0.193066 0 -0.981186
0.144627 0.0482091 -0.988311
0.144627 0.0482091 -0.988311
0.188922 0.0472304 -0.980856
0.18827 0.0941349 -0.977596
0.192751 0.0963753 -0.976503
0.18827 0.0941349 -0.977596
0.192751 0.0963753 -0.976503
0.196789 0.0983944 -0.975496
0.184801 0 -0.982776
0.148655 0.0495516 -0.987647
0.202374 0.101187 -0.974067
0.202374 0.101187 -0.974067
0.148655 0.0495516 -0.987647
0.156327 0.0521091 -0.98633
0.148655 0.0495516 -0.987647
0.148655 0.0495516 -0.987647
0.148655 0.0495516 -0.987647
0.151795 0.101197 -0.983218
0.151795 0.101197 -0.983218
0.202374 0.101187 -0.974067
0.202374 0.101187 -0.974067
0.151264 0.100843 -0.983336
0.151264 0.100843 -0.983336
0.151795 0.101197 -0.983218
0.197447 0.0987233 -0.97533
0.197447 0.0987233 -0.97533
0.197447 0.0987233 -0.97533
0.202374 0.101187 -0.974067
0.202374 0.101187 -0.974067
0.202374 0.101187 -0.974067
0.151264 0.100843 -0.983336
0.202472 0.050618 -0.977979
0.202374 0.101187 -0.974067
0.148155 0.0493851 -0.98773
0.142746 0.142746 -0.979412
0.138444 0.184592 -0.973015
0.135416 0.180554 -0.974198
0.154298 0.0514328 -0.986685
0.130876 0.218127 -0.967105
0.179164 0.268747 -0.946401
0.230229 0.230229 -0.94551
0.276081 0.230067 -0.933193
0.270235 0.225196 -0.936088
0.231272 0.185018 -0.955134
0.278964 0.185976 -0.942121
0.231272 0.185018 -0.955134
0.279671 0.139836 -0.949858
0.277399 0.184933 -0.942788
0.23168 0.139008 -0.962809
0.277399 0.184933 -0.942788
0.269883 0.179922 -0.945934
0.264276 0.176184 -0.948218
0.261839 0.218199 -0.940122
0.256597 0.213831 -0.942568
0.261839 0.218199 -0.940122
0.260349 0.260349 -0.929751
0.313372 0.223837 -0.922873
0.320054 0.22861 -0.919403
0.327002 0.233573 -0.915704
0.326187 0.279588 -0.903013
0.367394 0.229621 -0.901275
0.367394 0.229621 -0.901275
0.362965 0.226853 -0.903767
0.367394 0.229621 -0.901275
0.321813 0.229867 -0.918476
0.371466 0.185733 -0.909679
0.31654 0.2261 -0.921239
0.361401 0.225876 -0.904638
0.32343 0.231021 -0.917618
0.317916 0.227083 -0.920523
0.355341 0.222088 -0.90797
0.361401 0.225876 -0.904638
0.463427 0.185371 -0.866529
0.412781 0.229323 -0.881489
0.36923 0.230769 -0.90023
0.417532 0.18557 -0.889512
0.373371 0.186685 -0.908704
0.371466 0.185733 -0.909679
0.369395 0.184697 -0.910733
0.379793 0.189896 -0.905371
0.306409 0.175091 -0.935659
0.364386 0.273289 -0.890245
0.43096 0.301672 -0.850451
0.439489 0.307643 -0.843923
0.394343 0.262895 -0.880556
0.393182 0.305808 -0.867116
0.346386 0.259789 -0.901402
0.391028 0.260685 -0.882689
0.346386 0.259789 -0.901402
0.264615 0.220512 -0.938804
0.268317 0.268317 -0.925209
0.311505 0.178003 -0.933423
0.268397 0.178932 -0.946544
0.323902 0.138815 -0.935851
0.278841 0.139421 -0.950163
0.333428 0.0952651 -0.93795
0.277721 0.13886 -0.950573
0.279823 0.139912 -0.949802
0.232429 0.139457 -0.962563
0.279823 0.139912 -0.949802
0.320942 0.0916979 -0.942649
0.274197 0.091399 -0.95732
0.275132 0.0917106 -0.957022
0.272665 0.136332 -0.952401
0.273583 0.136791 -0.952072
0.286347 0.143173 -0.947368
0.292045 0.146022 -0.945192
0.286347 0.143173 -0.947368
0.279823 0.139912 -0.949802
0.321873 0.0919638 -0.942306
0.280662 0.140331 -0.949492
0.233949 0.140369 -0.962063
0.229968 0.091987 -0.968841
0.233949 0.140369 -0.962063
0.230946 0.0923785 -0.968571
0.176884 0.088442 -0.98025
0.13267 0.088447 -0.987206
0.181437 0.0453593 -0.982356
0.177778 0 -0.984071
0.222222 0 -0.974996
0.222167 0 -0.975009
0.173872 0 -0.984768
0.133202 0 -0.991089
0.173703 0.0434257 -0.98384
0.173703 0.0434257 -0.98384
0.173703 0.0434257 -0.98384
0.173703 0.0434257 -0.98384
0.177778 0 -0.984071
0.173703 0.0434257 -0.98384
0.173703 0.0434257 -0.98384
0.177778 0 -0.984071
0.136364 0 -0.990659
0.227214 0 -0.973845
0.181818 0 -0.983332
0.177778 0 -0.984071
0.133199 0.0443998 -0.990094
0.177553 0.0443883 -0.98311
0.17358 0.043395 -0.983863
0.127427 0.0424757 -0.990938
0.130312 0 -0.991473
0.173872 0 -0.984768
0.177602 0 -0.984102
0.133202 0 -0.991089
0.181577 0.0453944 -0.982328
0.136364 0 -0.990659
0.135758 0.0905056 -0.986599
0.177553 0.0443883 -0.98311
0.173872 0 -0.984768
0.177597 0.0443992 -0.983101
0.177553 0.0443883 -0.98311
0.221251 0.0885003 -0.971193
0.226967 0.0453934 -0.972844
0.275883 0.137941 -0.951242
0.275883 0.137941 -0.951242
0.1842 0.13815 -0.973132
0.273919 0.182613 -0.944257
0.233654 0.186923 -0.954183
0.182802 0.182802 -0.966006
0.23359 0.186872 -0.954209
0.182802 0.182802 -0.966006
0.182802 0.182802 -0.966006
0.188492 0.141369 -0.971846
0.228425 0.18274 -0.956257
0.235564 0.141338 -0.961526
0.180096 0.135072 -0.974331
0.188492 0.141369 -0.971846
0.230143 0.138086 -0.96331
0.276101 0.138051 -0.951162
0.269964 0.134982 -0.953362
0.271241 0.0904138 -0.958255
0.277696 0.0925654 -0.956199
0.277696 0.0925654 -0.956199
0.271241 0.0904138 -0.958255
0.271449 0.0904831 -0.95819
0.31749 0.0453557 -0.947176
0.310695 0.044385 -0.949473
0.31749 0.0453557 -0.947176
0.331277 0.0946504 -0.938774
0.316407 0.090402 -0.944306
0.311034 0 -0.950399
0.354805 0.0443506 -0.933888
0.309081 0.0883088 -0.946927
0.303388 0.0433412 -0.951881
0.310695 0.044385 -0.949473
0.314868 0.134944 -0.939494
0.415986 0.0924414 -0.90466
0.367876 0.137953 -0.919585
0.322017 0.138007 -0.936621
0.329491 0.14121 -0.933539
0.329491 0.14121 -0.933539
0.277696 0.0925654 -0.956199
0.284235 0.0947451 -0.954062
0.277771 0.0925902 -0.956175
0.277771 0.0925902 -0.956175
0.231502 0.0926009 -0.968417
0.270033 0.135016 -0.953338
0.267997 0.178664 -0.946708
0.220175 0.132105 -0.966474
0.220175 0.132105 -0.966474
0.220175 0.132105 -0.966474
0.220175 0.132105 -0.966474
0.26793 0.17862 -0.946736
0.218571 0.174857 -0.960027
0.262191 0.174794 -0.949054
0.262191 0.174794 -0.949054
0.262191 0.174794 -0.949054
0.262191 0.174794 -0.949054
0.26793 0.17862 -0.946736
0.26793 0.17862 -0.946736
0.223197 0.178557 -0.95828
0.269964 0.134982 -0.953362
0.269964 0.134982 -0.953362
0.26793 0.17862 -0.946736
0.314868 0.134944 -0.939494
0.269964 0.134982 -0.953362
0.276101 0.138051 -0.951162
0.326675 0.186671 -0.926519
0.326675 0.186671 -0.926519
0.326675 0.186671 -0.926519
0.322017 0.138007 -0.936621
0.282519 0.14126 -0.948804
0.288986 0.144493 -0.946366
0.282285 0.141143 -0.948891
0.235499 0.141299 -0.961548
0.224852 0.134911 -0.965008
0.223363 0.178691 -0.958216
0.223363 0.178691 -0.958216
0.219962 0.131977 -0.96654
0.219962 0.131977 -0.96654
0.219962 0.131977 -0.96654
0.26793 0.17862 -0.946736
0.220122 0.132073 -0.96649
0.220122 0.132073 -0.96649
0.176126 0.132095 -0.975464
0.176169 0.132127 -0.975452
0.185169 0.0925845 -0.978336
0.23144 0.0925761 -0.968434
0.138923 0.0926156 -0.985963
0.177553 0.0443883 -0.98311
0.133167 0.0443889 -0.990099
0.0942725 0.141409 -0.985452
0.138775 0.0925164 -0.985993
0.0925208 0.0925208 -0.991403
0.142161 0.0947737 -0.985296
0.185996 0 -0.98255
0.136223 0 -0.990678
0.185638 0.0464095 -0.981522
0.185846 0 -0.982579
0.14233 0.0474434 -0.988682
0.189374 0.094687 -0.977329
0.142041 0.094694 -0.985321
0.189533 0.0947666 -0.97729
0.185389 0.0463472 -0.981572
0.142531 0.0475103 -0.988649
0.185389 0.0463472 -0.981572
0.226501 0.0453002 -0.972957
0.185389 0.0463472 -0.981572
0.231731 0.0463462 -0.971675
0.236363 0.0945453 -0.967054
0.199182 0.0497956 -0.978697
0.253665 0.101466 -0.961956
0.198752 0.0496879 -0.97879
0.188741 0.0943703 -0.977482
0.235903 0.0943611 -0.967185
0.241808 0.0483616 -0.969118
0.241808 0.0483616 -0.969118
0.236146 0.0472293 -0.970569
0.242447 0.0484893 -0.968952
0.242447 0.0484893 -0.968952
0.235903 0.0943611 -0.967185
0.188741 0.0943703 -0.977482
0.235903 0.0943611 -0.967185
0.230946 0.0923785 -0.968571
0.176901 0.0442252 -0.983235
0.176368 0.0881838 -0.980366
0.176368 0.0881838 -0.980366
0.220443 0.0881773 -0.971406
0.180309 0.0901546 -0.97947
0.180309 0.0901546 -0.97947
0.224855 0.0899421 -0.970232
0.180309 0.0901546 -0.97947
0.231731 0.0463462 -0.971675
0.231731 0.0463462 -0.971675
0.236741 0.0473482 -0.970418
0.188741 0.0943703 -0.977482
0.185247 0 -0.982692
0.188741 0.0943703 -0.977482
0.185041 0.0462603 -0.981641
0.231297 0.0462593 -0.971783
0.185041 0.0462603 -0.981641
0.231731 0.0463462 -0.971675
0.231731 0.0463462 -0.971675
0.231731 0.0463462 -0.971675
0.185041 0.0462603 -0.981641
0.185041 0.0462603 -0.981641
0.231731 0.0463462 -0.971675
0.185041 0.0462603 -0.981641
0.188741 0.0943703 -0.977482
0.188741 0.0943703 -0.977482
0.231731 0.0463462 -0.971675
0.180631 0.0903153 -0.979396
0.176368 0.0881838 -0.980366
0.175983 0.0879916 -0.980453
0.214239 0.128543 -0.968286
0.212812 0.17025 -0.962146
0.171416 0.128562 -0.976774
0.170641 0.170641 -0.970445
0.213587 0.170869 -0.961865
0.218156 0.174525 -0.960182
0.263138 0.131569 -0.955745
0.219697 0.131818 -0.966622
0.221088 0.0884354 -0.971236
0.270896 0.0902986 -0.958364
0.224568 0.134741 -0.965098
0.26942 0.13471 -0.953554
0.224568 0.134741 -0.965098
0.220819 0.0883276 -0.971307
0.224173 0.134504 -0.965223
0.229235 0.137541 -0.963605
0.221501 0.0443002 -0.974153
0.181204 0.0453011 -0.982402
0.229968 0.091987 -0.968841
0.187199 0.140399 -0.972237
0.132935 0.177247 -0.975147
0.177207 0.177207 -0.968089
0.178966 0.134225 -0.974656
0.133875 0.133875 -0.981914
0.177686 0.177686 -0.967913
0.177686 0.177686 -0.967913
0.177686 0.177686 -0.967913
0.177686 0.177686 -0.967913
0.177686 0.177686 -0.967913
0.179371 0.134528 -0.97454
0.183762 0.137822 -0.973261
0.229657 0.137794 -0.963468
0.229235 0.137541 -0.963605
0.229657 0.137794 -0.963468
0.275013 0.137507 -0.951556
0.27552 0.13776 -0.951373
0.278365 0.185577 -0.942377
0.275013 0.137507 -0.951556
0.234526 0.140716 -0.961871
0.232642 0.186114 -0.954588
0.232642 0.186114 -0.954588
0.229235 0.137541 -0.963605
0.227479 0.181983 -0.956627
0.183424 0.137568 -0.973361
0.183896 0.22987 -0.955689
0.181728 0.272592 -0.944811
0.18749 0.234362 -0.953898
0.177879 0.266818 -0.947189
0.133117 0.266233 -0.954673
0.177879 0.266818 -0.947189
0.133117 0.266233 -0.954673
0.130697 0.261395 -0.956342
0.133117 0.266233 -0.954673
0.181728 0.272592 -0.944811
0.135988 0.271976 -0.952647
0.135988 0.271976 -0.952647
0.22699 0.272388 -0.935029
0.22699 0.272388 -0.935029
0.22699 0.272388 -0.935029
0.234931 0.234931 -0.943194
0.226352 0.271623 -0.935407
0.181216 0.271824 -0.945131
0.181728 0.272592 -0.944811
0.185738 0.278607 -0.942274
0.185738 0.278607 -0.942274
0.181728 0.272592 -0.944811
0.134178 0.313081 -0.9402
0.185191 0.277787 -0.942623
0.138978 0.277957 -0.950487
0.187106 0.327436 -0.926162
0.187106 0.327436 -0.926162
0.191267 0.334717 -0.922703
0.189918 0.284877 -0.939562
0.185738 0.278607 -0.942274
0.178775 0.312856 -0.932824
0.133744 0.31207 -0.940598
0.136058 0.31747 -0.938457
0.0944307 0.283292 -0.954373
0.142095 0.28419 -0.94818
0.0947744 0.284323 -0.954033
0.137047 0.319775 -0.93753
0.134548 0.313944 -0.939859
0.13939 0.278779 -0.950186
0.138978 0.277957 -0.950487
0.175571 0.307249 -0.935293
0.127308 0.339488 -0.931955
0.125077 0.375232 -0.918453
0.0847076 0.33883 -0.937027
0.131418 0.306643 -0.942709
0.177398 0.266097 -0.947482
0.12838 0.299553 -0.945403
0.131011 0.305693 -0.943074
0.133744 0.31207 -0.940598
0.0873807 0.305832 -0.948067
0.0876528 0.306785 -0.947734
0.131418 0.306643 -0.942709
0.183109 0.320441 -0.929402
0.180215 0.36043 -0.915212
0.090005 0.36002 -0.928593
0.0894968 0.313239 -0.945448
0.091678 0.320873 -0.942675
0.0950681 0.285204 -0.95374
0.0950681 0.285204 -0.95374
0.045854 0.320978 -0.945976
0.0947744 0.284323 -0.954033
0.0491289 0.245644 -0.968114
0.048505 0.19402 -0.979798
0.0941009 0.235252 -0.967368
0.0941009 0.235252 -0.967368
0.0909514 0.272854 -0.957747
0.0447617 0.313332 -0.948588
0.0438384 0.306869 -0.950742
0.0890176 0.267053 -0.959562
0.0894968 0.313239 -0.945448
0.0443975 0.266385 -0.962844
0.0860969 0.301339 -0.949622
0.0871606 0.261482 -0.961265
0.133478 0.266956 -0.95442
0.136691 0.273382 -0.952144
0.141107 0.235178 -0.961655
0.136373 0.272746 -0.952372
0.141107 0.235178 -0.961655
0.141107 0.235178 -0.961655
0.141107 0.235178 -0.961655
0.142561 0.190082 -0.971363
0.1916 0.1437 -0.970896
0.1916 0.1437 -0.970896
0.185731 0.185731 -0.964888
0.140422 0.140422 -0.980083
0.0938564 0.140785 -0.985581
0.141566 0.0943772 -0.98542
0.13845 0.0461502 -0.989294
0.138783 0.0462611 -0.989242
0.13524 0.0901601 -0.986702
0.176513 0.0441282 -0.983309
0.134932 0.0899547 -0.986763
0.138783 0.0462611 -0.989242
0.0947018 0.0473509 -0.994379
0.138331 0.0922209 -0.986083
0.0922252 0.0922252 -0.991458
0.0881921 0.0881921 -0.992192
0.0857243 0.128587 -0.987986
0.125917 0.125917 -0.984017
0.0841173 0.126176 -0.988435
0.0885398 0 -0.996073
0.0884525 0.0442262 -0.995098
0.0906985 0 -0.995878
0.0888012 0 -0.996049
0.0888012 0 -0.996049
0.130404 0 -0.991461
0.1333 0 -0.991076
0.130158 0 -0.991493
0.136223 0 -0.990678
0.136223 0 -0.990678
0.173872 0 -0.984768
0.181771 0 -0.983341
0.133199 0.0443998 -0.990094
0.173703 0.0434257 -0.98384
0.227214 0 -0.973845
0.272657 0 -0.962111
0.272353 0.0453922 -0.961126
0.143209 0.190945 -0.971098
0.31749 0.0453557 -0.947176
0.317735 0.0453907 -0.947092
0.266318 0.0443863 -0.962863
0.353615 0.0884037 -0.931204
0.31749 0.0453557 -0.947176
0.316649 0.0904713 -0.944218
0.323673 0.0924779 -0.941639
0.316649 0.0904713 -0.944218
0.316649 0.0904713 -0.944218
0.285362 0.0475604 -0.957239
0.324019 0.0925768 -0.94151
0.333333 0 -0.942809
0.309685 0.0884813 -0.946713
0.363111 0.0453889 -0.93064
0.390244 0 -0.920712
0.487226 0 -0.873276
0.486902 0.0486902 -0.872099
0.486902 0.0486902 -0.872099
0.474958 0.0474958 -0.878726
0.474291 0.0474291 -0.87909
0.463354 0.0463354 -0.884961
0.472246 0.0944492 -0.876392
0.425147 0.0944771 -0.90018
0.425147 0.0944771 -0.90018
0.425147 0.0944771 -0.90018
0.435319 0.0967375 -0.895064
0.441696 0.147232 -0.885001
0.421489 0.140496 -0.895884
0.442624 0.147541 -0.884486
0.380112 0.190056 -0.905204
0.380112 0.190056 -0.905204
0.426138 0.189395 -0.88461
0.43026 0.14342 -0.891239
0.379157 0.189578 -0.905704
0.389041 0.19452 -0.900449
0.389041 0.19452 -0.900449
0.320749 0.137464 -0.937136
0.440459 0.244699 -0.863781
0.332864 0.190208 -0.923592
0.388018 0.194009 -0.901001
0.388018 0.194009 -0.901001
0.388018 0.194009 -0.901001
0.332864 0.190208 -0.923592
0.389041 0.19452 -0.900449
0.343018 0.147008 -0.927754
0.391817 0.146931 -0.908235
0.343018 0.147008 -0.927754
0.343945 0.147405 -0.927348
0.294935 0.147467 -0.944069
0.343945 0.147405 -0.927348
0.296904 0.0989679 -0.949765
0.294935 0.147467 -0.944069
0.30136 0.15068 -0.94153
0.294935 0.147467 -0.944069
0.343018 0.147008 -0.927754
0.35242 0.151037 -0.923574
0.309857 0.154928 -0.938076
0.309857 0.154928 -0.938076
0.360236 0.154387 -0.919997
0.294935 0.147467 -0.944069
0.294138 0.147069 -0.94438
0.335858 0.143939 -0.930849
0.287988 0.143994 -0.946746
0.334994 0.143569 -0.931218
0.284776 0.18985 -0.939606
0.334994 0.143569 -0.931218
0.294935 0.147467 -0.944069
0.294138 0.147069 -0.94438
0.299318 0.199545 -0.933054
0.343018 0.147008 -0.927754
0.340714 0.194694 -0.919787
0.332864 0.190208 -0.923592
0.332864 0.190208 -0.923592
0.391817 0.146931 -0.908235
0.343945 0.147405 -0.927348
0.332864 0.190208 -0.923592
0.332864 0.190208 -0.923592
0.332025 0.189729 -0.923993
0.343945 0.147405 -0.927348
0.343945 0.147405 -0.927348
0.339814 0.19418 -0.920229
0.328338 0.234527 -0.914982
0.332025 0.189729 -0.923993
0.293957 0.244964 -0.923895
0.290539 0.193693 -0.937054
0.272725 0.227271 -0.934863
0.262822 0.262822 -0.928359
0.339464 0.297031 -0.892489
0.330405 0.289105 -0.898471
0.302234 0.302234 -0.904052
0.396533 0.308414 -0.864663
0.308669 0.264574 -0.913632
0.38875 0.302361 -0.870316
0.260644 0.347526 -0.900717
0.303426 0.303426 -0.903253
0.314663 0.314663 -0.89553
0.375417 0.234635 -0.896665
0.376109 0.282082 -0.882594
0.368269 0.276202 -0.887744
0.399005 0.310337 -0.862836
0.435818 0.305073 -0.846755
0.437745 0.306421 -0.845272
0.381228 0.296511 -0.87564
0.338189 0.295916 -0.893343
0.336781 0.294683 -0.894282
0.336781 0.294683 -0.894282
0.378238 0.294185 -0.877719
0.392767 0.261845 -0.881573
0.409201 0.2728 -0.870709
0.446341 0.267805 -0.85385
0.446341 0.267805 -0.85385
0.416692 0.231496 -0.879078
0.462229 0.231115 -0.856114
0.472361 0.23618 -0.849173
0.410978 0.273985 -0.8695
0.416692 0.231496 -0.879078
0.400836 0.267224 -0.876312
0.410978 0.273985 -0.8695
0.402897 0.313365 -0.859928
0.396533 0.308414 -0.864663
0.453688 0.272213 -0.848568
0.372178 0.279134 -0.885194
0.419639 0.326386 -0.84698
0.453296 0.317307 -0.83297
0.453296 0.317307 -0.83297
0.409153 0.31823 -0.855174
0.386846 0.343863 -0.855633
0.346205 0.346205 -0.871943
0.381664 0.381664 -0.841822
0.423989 0.339191 -0.839752
0.427488 0.299242 -0.853058
0.396047 0.352042 -0.848064
0.393182 0.305808 -0.867116
0.390023 0.346687 -0.853048
0.388513 0.345345 -0.85428
0.396533 0.308414 -0.864663
0.347424 0.303996 -0.887065
0.354492 0.31018 -0.882113
0.367406 0.275555 -0.888303
0.367406 0.275555 -0.888303
0.321975 0.275978 -0.905631
0.370896 0.23181 -0.899277
0.382135 0.238834 -0.89271
0.321975 0.275978 -0.905631
0.285201 0.332735 -0.898859
0.235607 0.282728 -0.929814
0.191084 0.238855 -0.952069
0.184552 0.276827 -0.943031
0.133744 0.31207 -0.940598
0.132693 0.265387 -0.954967
0.132693 0.265387 -0.954967
0.0873807 0.305832 -0.948067
0.0881706 0.264512 -0.960343
0.044256 0.265536 -0.963085
0.044256 0.265536 -0.963085
0.0888766 0.311068 -0.946223
0.0452066 0.27124 -0.96145
0.044256 0.265536 -0.963085
0.0446167 0.312317 -0.94893
0.0903926 0.271178 -0.958275
0.0944307 0.283292 -0.954373
0.0956204 0.239051 -0.966287
0.0956204 0.239051 -0.966287
0.0934824 0.233706 -0.967803
0.0934824 0.233706 -0.967803
0.14068 0.234467 -0.961891
0.0934824 0.233706 -0.967803
0.14068 0.234467 -0.961891
0.0923702 0.27711 -0.956388
0.0923702 0.27711 -0.956388
0.0944307 0.283292 -0.954373
0.142612 0.332761 -0.932165
0.141581 0.283162 -0.948564
0.141581 0.283162 -0.948564
0.138497 0.276994 -0.950838
0.137948 0.275895 -0.951237
0.138978 0.277957 -0.950487
0.185191 0.277787 -0.942623
0.177542 0.310699 -0.93378
0.226363 0.316909 -0.921047
0.177719 0.355437 -0.917649
0.217509 0.348014 -0.911908
0.220856 0.35337 -0.909039
0.220856 0.35337 -0.909039
0.233551 0.280262 -0.931079
0.233868 0.327416 -0.91548
0.233551 0.280262 -0.931079
0.303561 0.346927 -0.887408
0.346205 0.346205 -0.871943
0.304765 0.348303 -0.886456
0.397643 0.35346 -0.846727
0.388513 0.345345 -0.85428
0.346205 0.346205 -0.871943
0.374032 0.327278 -0.86775
0.335766 0.383733 -0.860238
0.409866 0.364325 -0.836228
0.355438 0.311008 -0.881441
0.349677 0.349677 -0.869168
0.306634 0.350439 -0.884968
0.344703 0.344703 -0.873132
0.380089 0.380089 -0.843246
0.43041 0.344328 -0.834377
0.491513 0.312781 -0.812762
0.516071 0.234578 -0.823799
0.470181 0.23509 -0.850684
0.453688 0.272213 -0.848568
0.457925 0.228962 -0.859
0.513463 0.233392 -0.825762
0.54968 0.27484 -0.788869
0.463199 0.27792 -0.84155
0.463199 0.27792 -0.84155
0.474308 0.237154 -0.847814
0.499875 0.272659 -0.82206
0.493136 0.268983 -0.827324
0.447981 0.268789 -0.852682
0.439489 0.307643 -0.843923
0.396533 0.308414 -0.864663
0.38875 0.302361 -0.870316
0.433529 0.346824 -0.831724
0.48515 0.308732 -0.818116
0.442407 0.309685 -0.841648
0.438913 0.263348 -0.859071
0.440266 0.264159 -0.858129
0.440266 0.264159 -0.858129
0.395749 0.263832 -0.879645
0.373957 0.290856 -0.880658
0.3697 0.328623 -0.869097
0.427638 0.342111 -0.836711
0.470119 0.282072 -0.836315
0.377861 0.283396 -0.881424
0.376443 0.235277 -0.896066
0.413641 0.229801 -0.880961
0.36338 0.18169 -0.913753
0.40921 0.181871 -0.894131
0.458871 0.229436 -0.858369
0.428043 0.190241 -0.883508
0.418426 0.185967 -0.889009
0.380112 0.190056 -0.905204
0.380112 0.190056 -0.905204
0.38086 0.19043 -0.904811
0.376443 0.235277 -0.896066
0.333993 0.190853 -0.923051
0.375724 0.234827 -0.896486
0.375724 0.234827 -0.896486
0.422883 0.234935 -0.8752
0.432511 0.240284 -0.869021
0.378798 0.284098 -0.880795
0.424194 0.282796 -0.860283
0.416884 0.277923 -0.865428
0.416884 0.277923 -0.865428
0.422883 0.234935 -0.8752
0.375724 0.234827 -0.896486
0.438087 0.194705 -0.877593
0.375724 0.234827 -0.896486
0.389041 0.19452 -0.900449
0.389041 0.19452 -0.900449
0.340714 0.194694 -0.919787
0.384308 0.240193 -0.891412
0.375724 0.234827 -0.896486
0.384308 0.240193 -0.891412
0.364018 0.318516 -0.875236
0.306779 0.350604 -0.884852
0.317206 0.317206 -0.893734
0.309603 0.309603 -0.899051
0.219847 0.351754 -0.90991
0.178775 0.312856 -0.932824
0.185738 0.278607 -0.942274
0.142535 0.28507 -0.94785
0.141581 0.283162 -0.948564
0.192921 0.289382 -0.937571
0.144796 0.289591 -0.946135
0.24316 0.24316 -0.939014
0.191084 0.238855 -0.952069
0.22254 0.311557 -0.923801
0.22254 0.311557 -0.923801
0.214848 0.343757 -0.914151
0.210683 0.337093 -0.917595
0.219164 0.350662 -0.910496
0.281256 0.281256 -0.917491
0.227457 0.272949 -0.934752
0.218695 0.306173 -0.926515
0.301831 0.258712 -0.917587
0.299218 0.341964 -0.890803
0.297934 0.297934 -0.906902
0.339993 0.297494 -0.892133
0.341749 0.299031 -0.890948
0.341749 0.299031 -0.890948
0.385586 0.2999 -0.872573
0.428588 0.342871 -0.835914
0.341296 0.341296 -0.875805
0.390291 0.346925 -0.852828
0.407003 0.316558 -0.856819
0.423804 0.329625 -0.843645
0.431281 0.287521 -0.855178
0.367872 0.321888 -0.872387
0.413525 0.275683 -0.867753
0.444418 0.311093 -0.840068
0.386846 0.343863 -0.855633
0.434617 0.347693 -0.830794
0.432352 0.345882 -0.832729
0.424457 0.382011 -0.820916
0.424457 0.382011 -0.820916
0.429929 0.343943 -0.834784
0.381248 0.381248 -0.8422
0.440479 0.352383 -0.825715
0.397737 0.353544 -0.846647
0.39036 0.39036 -0.833809
0.448834 0.359067 -0.818302
0.446142 0.356914 -0.820713
0.421201 0.327601 -0.845735
0.454427 0.318099 -0.832051
0.412811 0.321075 -0.852348
0.366076 0.274557 -0.889161
0.391265 0.304317 -0.868506
0.433717 0.303602 -0.848361
0.478029 0.3042 -0.823985
0.4266 0.34128 -0.83758
0.435818 0.305073 -0.846755
0.389196 0.302708 -0.869997
0.405106 0.270071 -0.87347
0.435818 0.305073 -0.846755
0.449194 0.269517 -0.851813
0.440266 0.264159 -0.858129
0.440266 0.264159 -0.858129
0.442476 0.265486 -0.856582
0.48781 0.266078 -0.831411
0.478183 0.260827 -0.838636
0.480112 0.305526 -0.822281
0.478029 0.3042 -0.823985
0.444504 0.266702 -0.855153
0.453688 0.272213 -0.848568
0.451538 0.270923 -0.850126
0.506756 0.322481 -0.799503
0.428442 0.333233 -0.839877
0.328018 0.328018 -0.885894
0.238725 0.28647 -0.927871
0.193693 0.242116 -0.950717
0.0978534 0.244634 -0.964665
0.0483039 0.289823 -0.95586
0.0487191 0.243596 -0.968652
0 0 0
-0.0496726 0.198691 -0.978803
-0.0494747 0.197899 -0.978973
-0.0496726 0.198691 -0.978803
0 0 0
0 0 0
-0.0469166 0.234583 -0.970963
-0.0491289 0.245644 -0.968114
-0.0491289 0.245644 -0.968114
0 0 0
-0.0470592 0.235296 -0.970784
-0.0458806 0.229403 -0.97225
-0.0453575 0.272145 -0.961187
-0.044256 0.265536 -0.963085
-0.0447617 0.313332 -0.948588
-0.0461965 0.277179 -0.959707
-0.0479983 0.239992 -0.969588
0 0 0
-0.0501058 0.250529 -0.966812
0.0498716 0.249358 -0.967126
0.0969302 0.242326 -0.965341
0.141341 0.235569 -0.961525
0.135918 0.271836 -0.952697
0.135918 0.271836 -0.952697
0.139649 0.232748 -0.962459
0.0901171 0.270351 -0.958535
0.181123 0.271685 -0.945189
0.173811 0.260716 -0.94964
0.218208 0.261849 -0.940117
0.218208 0.261849 -0.940117
0.258258 0.301301 -0.917889
0.176595 0.220744 -0.959211
0.185085 0.185085 -0.965136
0.185085 0.185085 -0.965136
0.185085 0.185085 -0.965136
0.185085 0.185085 -0.965136
0.185085 0.185085 -0.965136
0.195823 0.244779 -0.949598
0.200365 0.250456 -0.947167
0.198053 0.198053 -0.959974
0.190346 0.190346 -0.963087
0.194744 0.194744 -0.961327
0.146107 0.19481 -0.969898
0.194744 0.194744 -0.961327
0.194744 0.194744 -0.961327
0.142803 0.190404 -0.971264
0.0957389 0.191478 -0.976816
0.0478756 0.191502 -0.980324
0.0487191 0.243596 -0.968652
0.0498716 0.249358 -0.967126
0 0 0
0 0 0
0 0 0
0 0 0
0 0 0
0.0481105 0.192442 -0.980128
0.0465593 0.232796 -0.97141
0 0 0
0.0481105 0.192442 -0.980128
0 0 0
0.0478756 0.191502 -0.980324
0.0478756 0.191502 -0.980324
0.0481105 0.192442 -0.980128
0.0481105 0.192442 -0.980128
0.0952134 0.238034 -0.966579
0.0492492 0.196997 -0.979166
0.14952 0.2492 -0.95684
0.150929 0.301859 -0.94133
0.140338 0.280676 -0.949487
0.232356 0.278827 -0.931808
0.233551 0.280262 -0.931079
0.270129 0.31515 -0.909786
0.270129 0.31515 -0.909786
0.268848 0.313656 -0.910681
0.338884 0.290472 -0.894865
0.239178 0.239178 -0.941057
0.233968 0.233968 -0.943673
0.226237 0.271484 -0.935475
0.182175 0.227718 -0.956534
0.283901 0.189267 -0.939989
0.326321 0.186469 -0.926684
0.31816 0.227257 -0.920396
0.316139 0.225813 -0.921447
0.272935 0.227446 -0.934759
0.320054 0.22861 -0.919403
0.313372 0.223837 -0.922873
0.309641 0.265407 -0.913062
0.31816 0.227257 -0.920396
0.31816 0.227257 -0.920396
0.306097 0.262369 -0.915132
0.351475 0.263606 -0.898319
0.351475 0.263606 -0.898319
0.31816 0.227257 -0.920396
0.365395 0.228372 -0.902404
0.31816 0.227257 -0.920396
0.353419 0.265065 -0.897126
0.39899 0.265993 -0.877527
0.407241 0.271494 -0.872036
0.365395 0.228372 -0.902404
0.33064 0.188937 -0.924651
0.348174 0.198956 -0.916074
0.383761 0.239851 -0.891739
0.36923 0.230769 -0.90023
0.383343 0.255562 -0.887545
0.384983 0.256656 -0.886519
0.393885 0.218825 -0.892732
0.361401 0.225876 -0.904638
0.406087 0.225604 -0.885548
0.44799 0.179196 -0.875896
0.399313 0.221841 -0.88957
0.405076 0.180034 -0.896382
0.451138 0.180455 -0.87402
0.406406 0.180625 -0.895661
0.385329 0.192664 -0.902442
0.341242 0.243744 -0.907823
0.38775 0.242344 -0.889337
0.341242 0.243744 -0.907823
0.338725 0.193557 -0.920761
0.243449 0.146069 -0.958852
0.244391 0.146635 -0.958526
0.291477 0.194318 -0.936633
0.19854 0.19854 -0.959773
0.192403 0.240504 -0.951388
0.0982361 0.24559 -0.964383
0.094767 0.189534 -0.97729
0.0475363 0.190145 -0.980604
0.0489103 0.146731 -0.987966
-0.048505 0.19402 -0.979798
-0.0473893 0.189557 -0.980725
-0.0458806 0.229403 -0.97225
-0.0458806 0.229403 -0.97225
-0.0457245 0.228622 -0.972441
-0.0966284 0.193257 -0.976378
-0.048505 0.19402 -0.979798
-0.0956204 0.239051 -0.966287
-0.0934824 0.233706 -0.967803
-0.0938159 0.23454 -0.967569
-0.0966284 0.193257 -0.976378
-0.0934824 0.233706 -0.967803
-0.0934824 0.233706 -0.967803
-0.0445745 0.222873 -0.973828
-0.0469166 0.234583 -0.970963
-0.0463576 0.278145 -0.95942
-0.0452066 0.27124 -0.96145
-0.0450344 0.270206 -0.961749
0 0 0
-0.0914338 0.228585 -0.969221
-0.0452066 0.27124 -0.96145
-0.0457245 0.228622 -0.972441
-0.0472173 0.188869 -0.980866
-0.0457245 0.228622 -0.972441
-0.0457245 0.228622 -0.972441
-0.0472173 0.188869 -0.980866
-0.0472173 0.188869 -0.980866
0 0 0
-0.0457245 0.228622 -0.972441
-0.0451509 0.180603 -0.982519
-0.0451509 0.180603 -0.982519
-0.0451509 0.180603 -0.982519
-0.0451509 0.180603 -0.982519
-0.0454772 0.136431 -0.989605
0 0 0
0 0 0
0.0456308 0.136892 -0.989534
0.0458707 0.0917413 -0.994726
0.0447541 0.134262 -0.989935
0.0899585 0.0899585 -0.991874
0.0449804 0.0899608 -0.994929
0 0 0
0.046004 0.0920079 -0.994695
0 0 0
0 0 0
-0.0458702 0.13761 -0.989424
0 0 0
-0.0434976 0.17399 -0.983786
-0.0880924 0.220231 -0.971462
-0.0903779 0.225945 -0.969939
-0.19358 0.241975 -0.950776
-0.242022 0.242022 -0.939601
-0.247875 0.247875 -0.936545
-0.238861 0.286633 -0.927786
-0.184267 0.322467 -0.928472
-0.23859 0.286308 -0.927956
-0.193298 0.241622 -0.950923
-0.186542 0.279813 -0.941757
-0.182481 0.273722 -0.94434
-0.235971 0.235971 -0.942674
-0.279283 0.279283 -0.918696
-0.241459 0.241459 -0.939891
-0.292124 0.292124 -0.910674
-0.247573 0.247573 -0.936705
-0.243751 0.292501 -0.924678
-0.193298 0.241622 -0.950923
-0.192905 0.241131 -0.951128
-0.241459 0.241459 -0.939891
-0.197904 0.24738 -0.948492
-0.202724 0.253405 -0.94588
-0.195487 0.293231 -0.935842
-0.195197 0.292796 -0.936039
-0.193298 0.241622 -0.950923
-0.193298 0.241622 -0.950923
-0.192905 0.241131 -0.951128
-0.192905 0.241131 -0.951128
-0.185738 0.278607 -0.942274
-0.183109 0.320441 -0.929402
-0.191267 0.334717 -0.922703
-0.141139 0.376371 -0.915655
-0.1904 0.2856 -0.939245
-0.139729 0.279458 -0.949936
-0.13939 0.278779 -0.950186
-0.134548 0.313944 -0.939859
-0.179671 0.314425 -0.932124
-0.134548 0.313944 -0.939859
-0.134853 0.314656 -0.939578
-0.134548 0.313944 -0.939859
-0.0909514 0.272854 -0.957747
-0.136373 0.272746 -0.952372
-0.0929666 0.2789 -0.95581
-0.139729 0.279458 -0.949936
-0.0962826 0.240706 -0.965811
-0.0972613 0.291784 -0.951526
-0.146205 0.292409 -0.945051
-0.146205 0.292409 -0.945051
-0.142898 0.285795 -0.947577
-0.146205 0.292409 -0.945051
-0.0977242 0.293173 -0.951052
-0.146727 0.293455 -0.944646
-0.138203 0.322473 -0.936435
-0.132437 0.30902 -0.941789
-0.0902218 0.315776 -0.944534
-0.137118 0.274236 -0.951837
-0.182718 0.274077 -0.94419
-0.0902907 0.316017 -0.944447
-0.221555 0.354488 -0.908434
-0.184267 0.322467 -0.928472
-0.191211 0.286817 -0.938709
-0.146859 0.293718 -0.944543
-0.146727 0.293455 -0.944646
-0.189156 0.236445 -0.953055
-0.140185 0.28037 -0.9496
-0.191048 0.286572 -0.938817
-0.143508 0.287017 -0.947115
-0.143386 0.286771 -0.947208
-0.138203 0.322473 -0.936435
-0.140185 0.28037 -0.9496
-0.135262 0.315612 -0.939198
-0.132276 0.308645 -0.941935
-0.132052 0.308122 -0.942137
-0.0897441 0.314104 -0.945137
-0.178275 0.267412 -0.946947
-0.182481 0.273722 -0.94434
-0.0953105 0.285932 -0.953498
-0.24097 0.24097 -0.940142
-0.141459 0.235765 -0.961459
-0.133776 0.267552 -0.954212
-0.176551 0.353102 -0.918776
-0.175951 0.307915 -0.935003
-0.182151 0.273226 -0.944547
-0.139729 0.279458 -0.949936
-0.180317 0.225397 -0.957435
-0.133776 0.267552 -0.954212
-0.136939 0.273879 -0.951965
-0.138308 0.230513 -0.96319
-0.184334 0.230417 -0.955473
-0.141459 0.235765 -0.961459
-0.141107 0.235178 -0.961655
-0.0953033 0.190607 -0.977029
-0.138308 0.230513 -0.96319
-0.137979 0.229965 -0.963368
-0.141459 0.235765 -0.961459
-0.136691 0.273382 -0.952144
-0.144751 0.241252 -0.959607
-0.144751 0.241252 -0.959607
-0.188526 0.235657 -0.953375
-0.094336 0.23584 -0.967202
-0.0913296 0.273989 -0.957387
-0.135289 0.225482 -0.964808
-0.135289 0.225482 -0.964808
-0.139676 0.186234 -0.972526
-0.139676 0.186234 -0.972526
-0.136568 0.18209 -0.973752
-0.0912268 0.182454 -0.978973
-0.136251 0.181668 -0.973875
-0.135289 0.225482 -0.964808
-0.135289 0.225482 -0.964808
-0.0890758 0.178152 -0.979963
-0.137588 0.137588 -0.980887
-0.0459548 0.137865 -0.989384
-0.0456182 0.182473 -0.982152
-0.0912268 0.182454 -0.978973
-0.0913457 0.182691 -0.978918
-0.0914172 0.182834 -0.978884
-0.093516 0.187032 -0.977893
-0.097067 0.097067 -0.990533
-0.0993759 0.0993759 -0.990075
-0.10042 0.20084 -0.974464
-0.136994 0.182659 -0.973585
-0.0914172 0.182834 -0.978884
-0.0914172 0.182834 -0.978884
-0.181007 0.226259 -0.957101
-0.12873 0.257459 -0.957676
-0.171563 0.257344 -0.950968
-0.171563 0.257344 -0.950968
-0.170573 0.341147 -0.924405
-0.170419 0.340838 -0.924547
-0.215638 0.301893 -0.928634
-0.258496 0.301579 -0.917731
-0.261886 0.261886 -0.928887
-0.368647 0.230405 -0.900563
-0.311689 0.267162 -0.911852
-0.296291 0.338619 -0.893056
-0.296291 0.338619 -0.893056
-0.263837 0.30781 -0.914135
-0.311154 0.266704 -0.912169
-0.282945 0.235787 -0.929702
-0.329148 0.235105 -0.914542
-0.28501 0.28501 -0.915171
-0.243248 0.291898 -0.925001
-0.248264 0.297916 -0.921743
-0.295726 0.246438 -0.922938
-0.288917 0.240764 -0.926585
-0.24097 0.24097 -0.940142
-0.24097 0.24097 -0.940142
-0.195033 0.195033 -0.96121
-0.192403 0.240504 -0.951388
-0.192403 0.240504 -0.951388
-0.194514 0.194514 -0.96142
-0.145816 0.291633 -0.945351
-0.149659 0.299318 -0.942343
-0.145816 0.291633 -0.945351
-0.144374 0.240623 -0.959821
-0.191795 0.239744 -0.951702
-0.18749 0.234362 -0.953898
-0.18749 0.234362 -0.953898
-0.141107 0.235178 -0.961655
-0.141107 0.235178 -0.961655
-0.190024 0.190024 -0.963214
-0.190024 0.190024 -0.963214
-0.189438 0.189438 -0.963445
-0.141107 0.235178 -0.961655
-0.133776 0.267552 -0.954212
-0.177879 0.266818 -0.947189
-0.141107 0.235178 -0.961655
-0.197482 0.246853 -0.948717
-0.186189 0.279283 -0.941984
-0.13939 0.278779 -0.950186
-0.0920123 0.230031 -0.968824
-0.134981 0.224969 -0.964971
-0.12909 0.30121 -0.94478
-0.0911636 0.273491 -0.957545
-0.0962826 0.240706 -0.965811
-0.146324 0.195099 -0.969807
-0.141459 0.235765 -0.961459
-0.0941009 0.235252 -0.967368
-0.136691 0.273382 -0.952144
-0.133776 0.267552 -0.954212
-0.134009 0.268018 -0.954048
-0.180216 0.315378 -0.931697
-0.186795 0.280193 -0.941594
-0.138313 0.32273 -0.936331
-0.143386 0.286771 -0.947208
-0.181179 0.362358 -0.91426
-0.186189 0.279283 -0.941984
-0.241459 0.241459 -0.939891
-0.242022 0.242022 -0.939601
-0.244329 0.293194 -0.924306
-0.235214 0.3293 -0.914459
-0.235214 0.3293 -0.914459
-0.236219 0.377951 -0.895184
-0.147917 0.345139 -0.926822
-0.150408 0.300816 -0.941747
-0.19242 0.336735 -0.921729
-0.197011 0.34477 -0.91778
-0.245693 0.34397 -0.906267
-0.246515 0.394423 -0.885246
-0.193652 0.435716 -0.879005
-0.193238 0.386477 -0.901828
-0.18922 0.378439 -0.906079
-0.196833 0.344458 -0.917935
-0.141964 0.378571 -0.91462
-0.145243 0.387315 -0.910435
-0.141964 0.378571 -0.91462
-0.142083 0.378888 -0.91447
-0.196833 0.344458 -0.917935
-0.147783 0.344826 -0.92696
-0.0991199 0.39648 -0.912677
-0.151254 0.352925 -0.923345
-0.147783 0.344826 -0.92696
-0.133667 0.401002 -0.906273
-0.174608 0.392868 -0.902866
-0.178015 0.400534 -0.898823
-0.188342 0.329598 -0.925145
-0.196833 0.344458 -0.917935
-0.197011 0.34477 -0.91778
-0.145243 0.387315 -0.910435
-0.145116 0.386976 -0.910599
-0.141964 0.378571 -0.91462
-0.141964 0.378571 -0.91462
-0.189062 0.378124 -0.906244
-0.240215 0.336301 -0.910603
-0.226177 0.361883 -0.90437
-0.234956 0.328938 -0.914656
-0.234956 0.328938 -0.914656
-0.234956 0.328938 -0.914656
-0.184121 0.322212 -0.92859
-0.184121 0.322212 -0.92859
-0.184121 0.322212 -0.92859
-0.232983 0.279579 -0.931426
-0.23859 0.286308 -0.927956
-0.239394 0.335151 -0.911243
-0.191759 0.335578 -0.922289
-0.191759 0.335578 -0.922289
-0.190777 0.286166 -0.938996
-0.192905 0.241131 -0.951128
-0.144374 0.240623 -0.959821
-0.186542 0.279813 -0.941757
-0.186189 0.279283 -0.941984
-0.139995 0.279989 -0.949741
-0.188526 0.235657 -0.953375
-0.192905 0.241131 -0.951128
-0.146324 0.195099 -0.969807
-0.141459 0.235765 -0.961459
-0.195033 0.195033 -0.96121
-0.136691 0.273382 -0.952144
-0.133117 0.266233 -0.954673
-0.129348 0.21558 -0.967881
-0.125155 0.25031 -0.960042
-0.0862512 0.215628 -0.972659
-0.132107 0.220178 -0.966473
-0.0900112 0.225028 -0.970186
-0.136251 0.181668 -0.973875
-0.136251 0.181668 -0.973875
-0.137979 0.229965 -0.963368
-0.0905931 0.181186 -0.979267
-0.136251 0.181668 -0.973875
-0.136251 0.181668 -0.973875
-0.139337 0.185782 -0.972661
-0.139337 0.185782 -0.972661
-0.136871 0.136871 -0.981088
-0.140422 0.140422 -0.980083
-0.18399 0.0919951 -0.978614
-0.18399 0.0919951 -0.978614
-0.224233 0.0896932 -0.970399
-0.223669 0.134201 -0.965382
-0.22204 0.177632 -0.95872
-0.268947 0.134473 -0.953721
-0.266936 0.177958 -0.947141
-0.22292 0.178336 -0.958386
-0.229657 0.137794 -0.963468
-0.219327 0.131596 -0.966736
-0.217331 0.173865 -0.960489
-0.206792 0.206792 -0.956281
-0.217589 0.261107 -0.940467
-0.268813 0.224011 -0.936781
-0.240063 0.144038 -0.960012
-0.240063 0.144038 -0.960012
-0.238038 0.190431 -0.952404
-0.241544 0.0966175 -0.965568
-0.234526 0.140716 -0.961871
-0.187199 0.140399 -0.972237
-0.229235 0.137541 -0.963605
-0.182992 0.137244 -0.973488
-0.182992 0.137244 -0.973488
-0.187199 0.140399 -0.972237
-0.140422 0.140422 -0.980083
-0.139337 0.185782 -0.972661
-0.142561 0.190082 -0.971363
-0.139676 0.186234 -0.972526
-0.0879998 0.0879998 -0.992226
-0.0875737 0.131361 -0.987459
-0.0886374 0.177275 -0.980162
-0.0434976 0.17399 -0.983786
-0.0875737 0.131361 -0.987459
-0.0888777 0.177755 -0.980053
-0.0888777 0.177755 -0.980053
-0.0895034 0.134255 -0.986897
-0.0920054 0.0920054 -0.991499
-0.0920054 0.0920054 -0.991499
-0.0920054 0.0920054 -0.991499
-0.0938564 0.140785 -0.985581
-0.140769 0.140769 -0.979984
-0.0936248 0.140437 -0.985653
-0.0963883 0.0963883 -0.990666
-0.0938564 0.140785 -0.985581
-0.0963883 0.0963883 -0.990666
-0.144574 0.096383 -0.984789
-0.144574 0.096383 -0.984789
-0.0941465 0.0941465 -0.991097
-0.0936248 0.140437 -0.985653
-0.0936248 0.140437 -0.985653
-0.0915185 0.137278 -0.986296
-0.045762 0.137286 -0.989474
-0.136871 0.136871 -0.981088
-0.0915185 0.137278 -0.986296
-0.0936248 0.140437 -0.985653
-0.0915185 0.137278 -0.986296
-0.0915185 0.137278 -0.986296
-0.139676 0.186234 -0.972526
-0.0929088 0.185818 -0.978182
-0.0931351 0.18627 -0.978074
-0.130977 0.261954 -0.956151
-0.172372 0.301651 -0.937707
-0.211 0.2954 -0.931782
-0.16919 0.296083 -0.940058
-0.223352 0.268023 -0.937165
-0.180353 0.315617 -0.931589
-0.223352 0.268023 -0.937165
-0.178941 0.268411 -0.946539
-0.135365 0.315853 -0.939102
-0.178941 0.268411 -0.946539
-0.228223 0.273868 -0.934297
-0.189314 0.236643 -0.952974
-0.189314 0.236643 -0.952974
-0.186795 0.280193 -0.941594
-0.228223 0.273868 -0.934297
-0.182861 0.274292 -0.944101
-0.186795 0.280193 -0.941594
-0.186189 0.279283 -0.941984
-0.149985 0.299971 -0.942084
-0.195487 0.293231 -0.935842
-0.195662 0.293493 -0.935723
-0.184267 0.322467 -0.928472
-0.184267 0.322467 -0.928472
-0.184121 0.322212 -0.92859
-0.138748 0.369995 -0.918614
-0.0962297 0.336804 -0.936644
-0.15022 0.300439 -0.941897
-0.196833 0.344458 -0.917935
-0.188186 0.329326 -0.925273
-0.174484 0.392589 -0.903011
-0.136019 0.362717 -0.921919
-0.141265 0.329618 -0.933486
-0.135845 0.362253 -0.922127
-0.131004 0.393011 -0.910154
-0.174484 0.392589 -0.903011
-0.174608 0.392868 -0.902866
-0.162152 0.445919 -0.880263
-0.168109 0.420273 -0.89169
-0.168056 0.462154 -0.87073
-0.174675 0.436687 -0.882493
-0.167628 0.502884 -0.847944
-0.174799 0.436997 -0.882314
-0.226714 0.408085 -0.884346
-0.226177 0.361883 -0.90437
-0.179988 0.31498 -0.931875
-0.227516 0.273019 -0.934718
-0.215289 0.301405 -0.928873
-0.169616 0.339231 -0.925285
-0.172014 0.301025 -0.937974
-0.177879 0.266818 -0.947189
-0.179907 0.224884 -0.957633
-0.185184 0.185184 -0.965098
-0.185184 0.185184 -0.965098
-0.228041 0.136825 -0.96399
-0.231396 0.185117 -0.955085
-0.197447 0.0987233 -0.97533
-0.242251 0.193801 -0.95066
-0.201038 0.150779 -0.96791
-0.193151 0.193151 -0.96197
-0.188753 0.188753 -0.963714
-0.188753 0.188753 -0.963714
-0.184543 0.184543 -0.965343
-0.190295 0.142722 -0.971297
-0.184543 0.184543 -0.965343
-0.184543 0.184543 -0.965343
-0.230596 0.184477 -0.955402
-0.237815 0.142689 -0.960773
-0.193151 0.193151 -0.96197
-0.24316 0.24316 -0.939014
-0.238702 0.238702 -0.941298
-0.186067 0.232584 -0.954612
-0.182743 0.228429 -0.956256
-0.182743 0.228429 -0.956256
-0.228307 0.228307 -0.946442
-0.182743 0.228429 -0.956256
-0.178827 0.223534 -0.958151
-0.183812 0.183812 -0.965622
-0.178162 0.222702 -0.958469
-0.13367 0.222783 -0.96566
-0.178827 0.223534 -0.958151
-0.178162 0.222702 -0.958469
-0.184543 0.184543 -0.965343
-0.184543 0.184543 -0.965343
-0.184543 0.184543 -0.965343
-0.182743 0.228429 -0.956256
-0.185184 0.185184 -0.965098
-0.185184 0.185184 -0.965098
-0.142121 0.189495 -0.971542
-0.183365 0.229206 -0.955951
-0.183365 0.229206 -0.955951
-0.189438 0.189438 -0.963445
-0.183365 0.229206 -0.955951
-0.138925 0.185234 -0.972825
-0.183365 0.229206 -0.955951
-0.138925 0.185234 -0.972825
-0.138925 0.185234 -0.972825
-0.178827 0.223534 -0.958151
-0.221597 0.265917 -0.938181
-0.218022 0.30523 -0.926985
-0.228646 0.320105 -0.919377
-0.182151 0.273226 -0.944547
-0.292251 0.194834 -0.936285
-0.282399 0.235332 -0.929984
-0.276154 0.230128 -0.933156
-0.232079 0.185663 -0.954813
-0.232079 0.185663 -0.954813
-0.233949 0.140369 -0.962063
-0.235903 0.0943611 -0.967185
-0.234526 0.140716 -0.961871
-0.235903 0.0943611 -0.967185
-0.235903 0.0943611 -0.967185
-0.187199 0.140399 -0.972237
-0.234526 0.140716 -0.961871
-0.229235 0.137541 -0.963605
-0.182992 0.137244 -0.973488
-0.228695 0.137217 -0.963779
-0.181622 0.181622 -0.966451
-0.228695 0.137217 -0.963779
-0.136251 0.181668 -0.973875
-0.18111 0.18111 -0.966643
-0.178082 0.178082 -0.967767
-0.136251 0.181668 -0.973875
-0.13758 0.229299 -0.963584
-0.13758 0.229299 -0.963584
-0.137112 0.22852 -0.963835
-0.0903926 0.271178 -0.958275
-0.0458072 0.274843 -0.960397
-0.0966284 0.193257 -0.976378
-0.048094 0.288564 -0.956252
-0.0478756 0.191502 -0.980324
-0.0463463 0.231731 -0.971675
-0.0448416 0.269049 -0.962082
-0.044629 0.267774 -0.962448
-0.044629 0.267774 -0.962448
-0.044629 0.267774 -0.962448
-0.0439133 0.26348 -0.963665
-0.0439133 0.26348 -0.963665
-0.0453469 0.226734 -0.9729
-0.0443875 0.221938 -0.97405
-0.0470212 0.188085 -0.981027
-0.0455463 0.227731 -0.972658
-0.0447871 0.179149 -0.982802
-0.0445745 0.222873 -0.973828
-0.0900486 0.270146 -0.958599
-0.0885062 0.309772 -0.946683
-0.132693 0.265387 -0.954967
-0.08533 0.298655 -0.950539
-0.0900486 0.270146 -0.958599
-0.0900486 0.270146 -0.958599
-0.0940312 0.188062 -0.977645
-0.0970045 0.145507 -0.98459
-0.0970045 0.145507 -0.98459
-0.0940312 0.188062 -0.977645
-0.0940312 0.188062 -0.977645
-0.0951753 0.142763 -0.98517
-0.141606 0.188808 -0.971751
-0.0944233 0.188847 -0.977457
-0.0481105 0.192442 -0.980128
-0.148366 0.197821 -0.968945
-0.144796 0.289591 -0.946135
-0.146726 0.244543 -0.958473
-0.14491 0.193213 -0.970397
-0.0940312 0.188062 -0.977645
-0.0944233 0.188847 -0.977457
-0.0940312 0.188062 -0.977645
-0.0940312 0.188062 -0.977645
-0.0940312 0.188062 -0.977645
-0.0910777 0.227694 -0.969464
-0.13417 0.223616 -0.965399
-0.135022 0.270043 -0.953334
-0.0891357 0.222839 -0.970772
-0.0910777 0.227694 -0.969464
-0.0910777 0.227694 -0.969464
-0.0959774 0.239943 -0.966031
-0.144796 0.289591 -0.946135
-0.0982361 0.24559 -0.964383
-0.145462 0.19395 -0.970167
-0.142121 0.189495 -0.971542
-0.0938159 0.23454 -0.967569
-0.0934824 0.233706 -0.967803
-0.132693 0.265387 -0.954967
-0.0884935 0.26548 -0.960046
-0.0892072 0.312225 -0.94581
-0.0876528 0.306785 -0.947734
-0.090694 0.272082 -0.957991
-0.0923702 0.27711 -0.956388
-0.0923702 0.27711 -0.956388
-0.0926918 0.278075 -0.956077
-0.143917 0.239862 -0.96008
-0.148738 0.297477 -0.943072
-0.0957877 0.335257 -0.937245
-0.142095 0.28419 -0.94818
-0.091678 0.320873 -0.942675
-0.0876528 0.306785 -0.947734
-0.0442212 0.353769 -0.934287
-0.0884096 0.353638 -0.931195
-0.0868142 0.347257 -0.933743
-0.0435957 0.392361 -0.918778
-0.0854478 0.384515 -0.919156
-0.0841323 0.462727 -0.882499
-0.0875986 0.437993 -0.8947
-0.0875986 0.437993 -0.8947
-0.1338 0.401399 -0.906077
-0.139406 0.418218 -0.897586
-0.0930527 0.418737 -0.903327
-0.0930527 0.418737 -0.903327
-0.0447012 0.447012 -0.89341
-0.0911043 0.409969 -0.907538
-0.0927921 0.371168 -0.923918
-0.0930276 0.418624 -0.903382
-0.136589 0.455298 -0.879799
-0.0911601 0.455801 -0.885401
-0.093036 0.46518 -0.880313
-0.0969915 0.484957 -0.869143
-0.0928175 0.510496 -0.854856
-0.0971261 0.437068 -0.894169
-0.103842 0.415369 -0.903707
-0.152006 0.405349 -0.901436
-0.145286 0.387428 -0.91038
-0.145286 0.387428 -0.91038
-0.148578 0.396207 -0.90606
-0.193708 0.435843 -0.87893
-0.145478 0.436435 -0.887897
-0.142283 0.474277 -0.868802
-0.142283 0.474277 -0.868802
-0.185582 0.463955 -0.866202
-0.131135 0.480828 -0.866954
-0.087237 0.523422 -0.847596
-0.136589 0.455298 -0.879799
-0.177961 0.489393 -0.853712
-0.178257 0.445642 -0.877284
-0.133887 0.446288 -0.884817
-0.18188 0.4547 -0.871876
-0.181833 0.454583 -0.871946
-0.178301 0.445752 -0.877219
-0.178257 0.445642 -0.877284
-0.167628 0.502884 -0.847944
-0.174442 0.479715 -0.859909
-0.127568 0.552793 -0.823496
-0.185384 0.46346 -0.866509
-0.184796 0.508188 -0.841187
-0.246855 0.444339 -0.861176
-0.207011 0.414022 -0.886416
-0.207011 0.414022 -0.886416
-0.193652 0.435716 -0.879005
-0.136254 0.408761 -0.902413
-0.131025 0.436749 -0.88999
-0.17418 0.43545 -0.883201
-0.174468 0.43617 -0.882789
-0.235181 0.37629 -0.896156
-0.244815 0.342741 -0.90697
-0.239394 0.335151 -0.911243
-0.194277 0.291416 -0.936661
-0.193652 0.290479 -0.937081
-0.282413 0.282413 -0.91678
-0.233395 0.233395 -0.943956
-0.289442 0.192962 -0.937544
-0.286208 0.238506 -0.928009
-0.190274 0.237842 -0.952485
-0.223754 0.179003 -0.958067
-0.187096 0.187096 -0.96436
-0.18797 0.18797 -0.96402
-0.18797 0.18797 -0.96402
-0.292045 0.146022 -0.945192
-0.194808 0.146106 -0.969898
-0.188753 0.188753 -0.963714
-0.190295 0.142722 -0.971297
-0.194808 0.146106 -0.969898
-0.239253 0.0957011 -0.966229
-0.190295 0.142722 -0.971297
-0.143274 0.143274 -0.979257
-0.190999 0.143249 -0.971081
-0.237815 0.142689 -0.960773
-0.185184 0.185184 -0.965098
-0.230596 0.184477 -0.955402
-0.230596 0.184477 -0.955402
-0.230596 0.184477 -0.955402
-0.184543 0.184543 -0.965343
-0.225565 0.180452 -0.95737
-0.225565 0.180452 -0.95737
-0.193886 0.193886 -0.961674
-0.233395 0.233395 -0.943956
-0.193886 0.193886 -0.961674
-0.194808 0.146106 -0.969898
-0.184543 0.184543 -0.965343
-0.13758 0.229299 -0.963584
-0.135866 0.181155 -0.974024
-0.138925 0.185234 -0.972825
-0.0905931 0.181186 -0.979267
-0.0867623 0.173525 -0.981
-0.0849629 0.169926 -0.981787
-0.16465 0.205812 -0.964641
-0.123861 0.206435 -0.970589
-0.133295 0.177727 -0.975011
-0.186183 0.186183 -0.964713
-0.141041 0.141041 -0.979906
-0.186536 0.186536 -0.964577
-0.186183 0.186183 -0.964713
-0.185731 0.185731 -0.964888
-0.181622 0.181622 -0.966451
-0.181622 0.181622 -0.966451
-0.279039 0.186026 -0.942089
-0.279567 0.186378 -0.941863
-0.288569 0.144285 -0.946525
-0.326409 0.18652 -0.926643
-0.286063 0.190709 -0.939041
-0.381396 0.190698 -0.904528
-0.333521 0.190584 -0.923277
-0.322917 0.230655 -0.917891
-0.273351 0.182234 -0.944494
-0.270645 0.225538 -0.935887
-0.270645 0.225538 -0.935887
-0.276665 0.230554 -0.9329
-0.279039 0.186026 -0.942089
-0.279567 0.186378 -0.941863
-0.279039 0.186026 -0.942089
-0.233083 0.186467 -0.954412
-0.285498 0.190332 -0.93929
-0.240548 0.144329 -0.959847
-0.246383 0.14783 -0.957832
-0.292857 0.195238 -0.936011
-0.282399 0.235332 -0.929984
-0.182481 0.273722 -0.94434
-0.225283 0.225283 -0.94789
-0.225283 0.225283 -0.94789
-0.190508 0.190508 -0.963023
-0.232642 0.186114 -0.954588
-0.186183 0.186183 -0.964713
-0.190508 0.190508 -0.963023
-0.182375 0.182375 -0.966167
-0.182375 0.182375 -0.966167
-0.227479 0.181983 -0.956627
-0.182375 0.182375 -0.966167
-0.184677 0.230846 -0.955303
-0.182375 0.182375 -0.966167
-0.182044 0.182044 -0.966292
-0.184677 0.230846 -0.955303
-0.19544 0.19544 -0.961045
-0.19544 0.19544 -0.961045
-0.145047 0.241744 -0.959438
-0.141735 0.236224 -0.961306
-0.235514 0.235514 -0.942903
-0.182481 0.273722 -0.94434
-0.180869 0.226086 -0.957169
-0.131196 0.262392 -0.956001
-0.0874934 0.26248 -0.960963
-0.0830927 0.290825 -0.953161
-0.0432926 0.216463 -0.97533
-0.0438394 0.263037 -0.963789
-0.0433842 0.216921 -0.975225
-0.043374 0.21687 -0.975236
-0.0452539 0.22627 -0.973013
-0.0953033 0.190607 -0.977029
-0.138308 0.230513 -0.96319
-0.186536 0.186536 -0.964577
-0.0931351 0.18627 -0.978074
-0.0902169 0.225542 -0.970047
-0.0857874 0.257362 -0.962499
-0.0865185 0.302815 -0.949114
-0.135365 0.315853 -0.939102
-0.093498 0.280494 -0.955291
-0.0947318 0.23683 -0.966922
-0.142092 0.236819 -0.961107
-0.0915206 0.274562 -0.957204
-0.142052 0.236753 -0.961129
-0.142052 0.236753 -0.961129
-0.143413 0.191218 -0.971014
-0.146849 0.195798 -0.969587
-0.143413 0.191218 -0.971014
-0.146849 0.195798 -0.969587
-0.146849 0.195798 -0.969587
-0.152529 0.254215 -0.955044
-0.146727 0.293455 -0.944646
-0.186542 0.279813 -0.941757
-0.130514 0.348037 -0.928351
-0.176249 0.308436 -0.934775
-0.176249 0.308436 -0.934775
-0.178585 0.267877 -0.946757
-0.178807 0.26821 -0.946621
-0.179988 0.31498 -0.931875
-0.182481 0.273722 -0.94434
-0.178585 0.267877 -0.946757
-0.178585 0.267877 -0.946757
-0.178585 0.267877 -0.946757
-0.224766 0.314672 -0.922205
-0.227928 0.273513 -0.934473
-0.178585 0.267877 -0.946757
-0.134176 0.268352 -0.953931
-0.172853 0.302492 -0.937347
-0.12217 0.285064 -0.950691
-0.124593 0.290716 -0.948663
-0.178807 0.26821 -0.946621
-0.172974 0.302704 -0.937257
-0.171563 0.257344 -0.950968
-0.216088 0.302523 -0.928324
-0.25527 0.34036 -0.904982
-0.212999 0.340799 -0.91569
-0.209616 0.377309 -0.902053
-0.255213 0.340284 -0.905026
-0.220539 0.308755 -0.92522
-0.22038 0.308531 -0.925333
-0.256533 0.256533 -0.93187
-0.217331 0.173865 -0.960489
-0.227479 0.181983 -0.956627
-0.278365 0.185577 -0.942377
-0.272858 0.181905 -0.944701
-0.275013 0.137507 -0.951556
-0.232642 0.186114 -0.954588
-0.279039 0.186026 -0.942089
-0.233083 0.186467 -0.954412
-0.279039 0.186026 -0.942089
-0.272858 0.181905 -0.944701
-0.230717 0.230717 -0.945272
-0.23029 0.23029 -0.94548
-0.246001 0.246001 -0.937532
-0.242607 0.291128 -0.925412
-0.231982 0.278379 -0.932035
-0.188058 0.235072 -0.953612
-0.232544 0.279052 -0.931694
-0.235514 0.235514 -0.942903
-0.227516 0.273019 -0.934718
-0.188058 0.235072 -0.953612
-0.231982 0.278379 -0.932035
-0.185738 0.278607 -0.942274
-0.185738 0.278607 -0.942274
-0.237184 0.284621 -0.928835
-0.185738 0.278607 -0.942274
-0.145816 0.291633 -0.945351
-0.185738 0.278607 -0.942274
-0.185738 0.278607 -0.942274
-0.181728 0.272592 -0.944811
-0.227516 0.273019 -0.934718
-0.181728 0.272592 -0.944811
-0.182151 0.273226 -0.944547
-0.181728 0.272592 -0.944811
-0.181728 0.272592 -0.944811
-0.181216 0.271824 -0.945131
-0.183896 0.22987 -0.955689
-0.183896 0.22987 -0.955689
-0.183896 0.22987 -0.955689
-0.188058 0.235072 -0.953612
-0.145816 0.291633 -0.945351
-0.192403 0.240504 -0.951388
-0.192403 0.240504 -0.951388
-0.188058 0.235072 -0.953612
-0.188058 0.235072 -0.953612
-0.227516 0.273019 -0.934718
-0.222689 0.267227 -0.93755
-0.222689 0.267227 -0.93755
-0.235971 0.235971 -0.942674
-0.228223 0.273868 -0.934297
-0.181007 0.226259 -0.957101
-0.256825 0.256825 -0.931709
-0.174782 0.174782 -0.96897
-0.171226 0.171226 -0.970239
-0.249371 0.207809 -0.945848
-0.251405 0.167603 -0.95326
-0.335003 0.167502 -0.927209
-0.295248 0.126535 -0.947004
-0.309685 0.0884813 -0.946713
-0.31463 0.134841 -0.939588
-0.35396 0.0884901 -0.931065
-0.359723 0.134896 -0.923256
-0.359814 0.13493 -0.923216
-0.367876 0.137953 -0.919585
-0.367973 0.13799 -0.919541
-0.314948 0.134978 -0.939462
-0.324019 0.0925768 -0.94151
-0.28025 0.186834 -0.941569
-0.276101 0.138051 -0.951162
-0.280174 0.186783 -0.941602
-0.23359 0.186872 -0.954209
-0.23359 0.186872 -0.954209
-0.23359 0.186872 -0.954209
-0.228365 0.182692 -0.956281
-0.231024 0.231024 -0.945122
-0.182861 0.274292 -0.944101
-0.233298 0.279958 -0.931233
-0.23859 0.286308 -0.927956
-0.143386 0.286771 -0.947208
-0.193298 0.241622 -0.950923
-0.186542 0.279813 -0.941757
-0.183541 0.321196 -0.929056
-0.139995 0.279989 -0.949741
-0.176938 0.353875 -0.918404
-0.175951 0.307915 -0.935003
-0.134853 0.314656 -0.939578
-0.179671 0.314425 -0.932124
-0.142535 0.28507 -0.94785
-0.139729 0.279458 -0.949936
-0.139729 0.279458 -0.949936
-0.0911636 0.273491 -0.957545
-0.136691 0.273382 -0.952144
-0.0902169 0.225542 -0.970047
-0.0890176 0.267053 -0.959562
-0.136691 0.273382 -0.952144
-0.0902169 0.225542 -0.970047
-0.0890176 0.267053 -0.959562
-0.0920123 0.230031 -0.968824
-0.181728 0.272592 -0.944811
-0.222196 0.266635 -0.937835
-0.266404 0.266404 -0.926314
-0.268915 0.313734 -0.910635
-0.231982 0.278379 -0.932035
-0.282399 0.235332 -0.929984
-0.282399 0.235332 -0.929984
-0.234931 0.234931 -0.943194
-0.243035 0.194428 -0.950332
-0.235971 0.235971 -0.942674
-0.282399 0.235332 -0.929984
-0.238511 0.190809 -0.95221
-0.244189 0.195351 -0.949847
-0.243682 0.194946 -0.950061
-0.244189 0.195351 -0.949847
-0.235514 0.235514 -0.942903
-0.295726 0.246438 -0.922938
-0.246671 0.246671 -0.93718
-0.282399 0.235332 -0.929984
-0.276154 0.230128 -0.933156
-0.276154 0.230128 -0.933156
-0.278365 0.185577 -0.942377
-0.272858 0.181905 -0.944701
-0.276154 0.230128 -0.933156
-0.272858 0.181905 -0.944701
-0.285498 0.190332 -0.93929
-0.287988 0.143994 -0.946746
-0.245862 0.147517 -0.958014
-0.243682 0.194946 -0.950061
-0.246001 0.246001 -0.937532
-0.240345 0.240345 -0.940462
-0.223868 0.313415 -0.922851
-0.22699 0.272388 -0.935029
-0.231982 0.278379 -0.932035
-0.231982 0.278379 -0.932035
-0.188058 0.235072 -0.953612
-0.188526 0.235657 -0.953375
-0.194514 0.194514 -0.96142
-0.24097 0.24097 -0.940142
-0.188058 0.235072 -0.953612
-0.195033 0.195033 -0.96121
-0.192905 0.241131 -0.951128
-0.194793 0.29219 -0.936312
-0.198827 0.298241 -0.933552
-0.189334 0.284 -0.939945
-0.144374 0.240623 -0.959821
-0.142095 0.28419 -0.94818
-0.13939 0.278779 -0.950186
-0.13939 0.278779 -0.950186
-0.0929666 0.2789 -0.95581
-0.185191 0.277787 -0.942623
-0.139729 0.279458 -0.949936
-0.139729 0.279458 -0.949936
-0.185738 0.278607 -0.942274
-0.185738 0.278607 -0.942274
-0.185738 0.278607 -0.942274
-0.185738 0.278607 -0.942274
-0.13939 0.278779 -0.950186
-0.185738 0.278607 -0.942274
-0.13939 0.278779 -0.950186
-0.192403 0.240504 -0.951388
-0.144374 0.240623 -0.959821
-0.139729 0.279458 -0.949936
-0.13939 0.278779 -0.950186
-0.134853 0.314656 -0.939578
-0.134548 0.313944 -0.939859
-0.132532 0.353417 -0.92603
-0.0897441 0.314104 -0.945137
-0.0929666 0.2789 -0.95581
-0.186189 0.279283 -0.941984
-0.13939 0.278779 -0.950186
-0.134548 0.313944 -0.939859
-0.179266 0.313716 -0.932441
-0.179671 0.314425 -0.932124
-0.186189 0.279283 -0.941984
-0.186189 0.279283 -0.941984
-0.192905 0.241131 -0.951128
-0.145047 0.241744 -0.959438
-0.144374 0.240623 -0.959821
-0.144751 0.241252 -0.959607
-0.145047 0.241744 -0.959438
-0.186189 0.279283 -0.941984
-0.183541 0.321196 -0.929056
-0.132532 0.353417 -0.92603
-0.180626 0.361253 -0.914806
-0.137441 0.320695 -0.937158
-0.141459 0.235765 -0.961459
-0.146324 0.195099 -0.969807
-0.190508 0.190508 -0.963023
-0.192096 0.144072 -0.970743
-0.18443 0.0922148 -0.97851
-0.175983 0.0879916 -0.980453
-0.175111 0.131334 -0.97575
-0.175983 0.0879916 -0.980453
-0.219327 0.131596 -0.966736
-0.230516 0.0922066 -0.96869
-0.183424 0.137568 -0.973361
-0.188741 0.0943703 -0.977482
-0.187199 0.140399 -0.972237
-0.183424 0.137568 -0.973361
-0.182375 0.182375 -0.966167
-0.229657 0.137794 -0.963468
-0.233083 0.186467 -0.954412
-0.230717 0.230717 -0.945272
-0.233083 0.186467 -0.954412
-0.232642 0.186114 -0.954588
-0.279039 0.186026 -0.942089
-0.1916 0.1437 -0.970896
-0.298487 0.198991 -0.933439
-0.300322 0.150161 -0.941944
-0.341894 0.146526 -0.928245
-0.391773 0.0979433 -0.914834
-0.38261 0.0956526 -0.918945
-0.325207 0.139375 -0.935315
-0.380083 0.142531 -0.913905
-0.333947 0.14312 -0.931663
-0.286347 0.143173 -0.947368
-0.279823 0.139912 -0.949802
-0.238693 0.143216 -0.960476
-0.238693 0.143216 -0.960476
-0.231396 0.185117 -0.955085
-0.183896 0.22987 -0.955689
-0.188058 0.235072 -0.953612
-0.184334 0.230417 -0.955473
-0.184334 0.230417 -0.955473
-0.225283 0.225283 -0.94789
-0.225283 0.225283 -0.94789
-0.134981 0.224969 -0.964971
-0.136373 0.272746 -0.952372
-0.136691 0.273382 -0.952144
-0.0941009 0.235252 -0.967368
-0.13939 0.278779 -0.950186
-0.138978 0.277957 -0.950487
-0.0890176 0.267053 -0.959562
-0.0914145 0.319951 -0.943014
-0.0468623 0.328036 -0.943502
-0.0957877 0.335257 -0.937245
-0.142898 0.285795 -0.947577
-0.0931932 0.27958 -0.955589
-0.139729 0.279458 -0.949936
-0.134853 0.314656 -0.939578
-0.132052 0.308122 -0.942137
-0.132052 0.308122 -0.942137
-0.131418 0.306643 -0.942709
-0.087885 0.307598 -0.947449
-0.087885 0.307598 -0.947449
-0.0897441 0.314104 -0.945137
-0.0911636 0.273491 -0.957545
-0.0911636 0.273491 -0.957545
-0.0911636 0.273491 -0.957545
-0.136691 0.273382 -0.952144
-0.136691 0.273382 -0.952144
-0.0929666 0.2789 -0.95581
-0.0909514 0.272854 -0.957747
-0.0909514 0.272854 -0.957747
-0.136691 0.273382 -0.952144
-0.133776 0.267552 -0.954212
-0.139729 0.279458 -0.949936
-0.0909514 0.272854 -0.957747
-0.0892165 0.267649 -0.959377
-0.0886044 0.354417 -0.93088
-0.0866309 0.346524 -0.934032
-0.126767 0.295791 -0.946804
-0.126966 0.296253 -0.946633
-0.12957 0.30233 -0.944356
-0.176463 0.308809 -0.934611
-0.173384 0.346768 -0.921786
-0.167895 0.377765 -0.910552
-0.176463 0.308809 -0.934611
-0.177588 0.355175 -0.917776
-0.135365 0.315853 -0.939102
-0.135365 0.315853 -0.939102
-0.173996 0.347991 -0.92121
-0.217254 0.347606 -0.912124
-0.217101 0.347362 -0.912254
-0.133214 0.355238 -0.925235
-0.180216 0.315378 -0.931697
-0.179988 0.31498 -0.931875
-0.138203 0.322473 -0.936435
-0.135845 0.362253 -0.922127
-0.135845 0.362253 -0.922127
-0.187927 0.328873 -0.925487
-0.19242 0.336735 -0.921729
-0.150361 0.300722 -0.941785
-0.200125 0.300187 -0.932651
-0.196833 0.344458 -0.917935
-0.145116 0.386976 -0.910599
-0.193238 0.386477 -0.901828
-0.145116 0.386976 -0.910599
-0.0962297 0.336804 -0.936644
-0.0977242 0.293173 -0.951052
-0.144751 0.241252 -0.959607
-0.192905 0.241131 -0.951128
-0.180317 0.225397 -0.957435
-0.182481 0.273722 -0.94434
-0.272757 0.272757 -0.922609
-0.224372 0.31412 -0.922489
-0.232544 0.279052 -0.931694
-0.279283 0.279283 -0.918696
-0.278758 0.278758 -0.919014
-0.278758 0.278758 -0.919014
-0.27465 0.320425 -0.906584
-0.28501 0.28501 -0.915171
-0.24097 0.24097 -0.940142
-0.189918 0.284877 -0.939562
-0.240345 0.240345 -0.940462
-0.192403 0.240504 -0.951388
-0.198827 0.298241 -0.933552
-0.1956 0.3423 -0.919006
-0.198158 0.297237 -0.934015
-0.143137 0.333987 -0.931646
-0.185895 0.325316 -0.927153
-0.142612 0.332761 -0.932165
-0.237177 0.332048 -0.912957
-0.189974 0.332454 -0.923788
-0.142013 0.331364 -0.932754
-0.189974 0.332454 -0.923788
-0.185895 0.325316 -0.927153
-0.140994 0.281989 -0.949001
-0.140994 0.281989 -0.949001
-0.18865 0.282975 -0.940391
-0.18865 0.282975 -0.940391
-0.142013 0.331364 -0.932754
-0.145171 0.338732 -0.929616
-0.145755 0.38868 -0.909771
-0.14697 0.39192 -0.908184
-0.145171 0.338732 -0.929616
-0.142013 0.331364 -0.932754
-0.185895 0.325316 -0.927153
-0.144796 0.289591 -0.946135
-0.141581 0.283162 -0.948564
-0.141581 0.283162 -0.948564
-0.18865 0.282975 -0.940391
-0.18865 0.282975 -0.940391
-0.18865 0.282975 -0.940391
-0.141581 0.283162 -0.948564
-0.141581 0.283162 -0.948564
-0.138978 0.277957 -0.950487
-0.138978 0.277957 -0.950487
-0.138978 0.277957 -0.950487
-0.131764 0.351371 -0.926918
-0.172061 0.344121 -0.923025
-0.134178 0.313081 -0.9402
-0.137441 0.320695 -0.937158
-0.139539 0.325591 -0.935157
-0.139539 0.325591 -0.935157
-0.181973 0.318452 -0.930309
-0.142095 0.28419 -0.94818
-0.175532 0.351065 -0.919751
-0.175532 0.351065 -0.919751
-0.175532 0.351065 -0.919751
-0.184552 0.276827 -0.943031
-0.133744 0.31207 -0.940598
-0.180616 0.270924 -0.945504
-0.131418 0.306643 -0.942709
-0.168153 0.336306 -0.926619
-0.130546 0.304607 -0.943489
-0.174905 0.349809 -0.920349
-0.142773 0.237955 -0.960725
-0.144281 0.192374 -0.970657
-0.147691 0.196921 -0.969231
-0.145488 0.145488 -0.978604
-0.146134 0.146134 -0.978412
-0.146134 0.146134 -0.978412
-0.146134 0.146134 -0.978412
-0.152621 0.203494 -0.967108
-0.15646 0.208613 -0.965402
-0.151983 0.202644 -0.967386
-0.191795 0.239744 -0.951702
-0.180616 0.270924 -0.945504
-0.178827 0.223534 -0.958151
-0.145462 0.19395 -0.970167
-0.0987381 0.0987381 -0.990203
-0.0958284 0.143743 -0.984964
-0.133295 0.177727 -0.975011
-0.131995 0.0879964 -0.987337
-0.0899585 0.0899585 -0.991874
-0.0883452 1.08188e-17 -0.99609
-0.138783 0.0462611 -0.989242
-0.141261 0.0470871 -0.988852
-0.138783 0.0462611 -0.989242
-0.0899585 0.0899585 -0.991874
-0.138331 0.0922209 -0.986083
-0.18088 0.04522 -0.982465
-0.179371 0.134528 -0.97454
-0.178476 0.133857 -0.974797
-0.183457 0.0917287 -0.978739
-0.13845 0.0461502 -0.989294
-0.230069 0.0460138 -0.972086
-0.224212 0.0448425 -0.973508
-0.218697 0.0874789 -0.971864
-0.219963 0.0879851 -0.971532
-0.175517 0.0877584 -0.980557
-0.179899 0.0899493 -0.979564
-0.224233 0.0896932 -0.970399
-0.229282 0.0458563 -0.972279
-0.234601 0.0938406 -0.967552
-0.192751 0.0963753 -0.976503
-0.192832 0.0482081 -0.980047
-0.19602 0.0980098 -0.97569
-0.191422 0.0957111 -0.97683
-0.192138 0.0960691 -0.976654
-0.186638 0.139978 -0.972405
-0.186638 0.139978 -0.972405
-0.186638 0.139978 -0.972405
-0.182468 0.136851 -0.973641
-0.227275 0.136365 -0.964236
-0.227275 0.136365 -0.964236
-0.182468 0.136851 -0.973641
-0.226313 0.18105 -0.957081
-0.221442 0.177153 -0.958947
-0.193886 0.193886 -0.961674
-0.182992 0.137244 -0.973488
-0.137112 0.22852 -0.963835
-0.180616 0.270924 -0.945504
-0.133478 0.266956 -0.95442
-0.182718 0.274077 -0.94419
-0.223519 0.268223 -0.937068
-0.326187 0.279588 -0.903013
-0.33051 0.236079 -0.9138
-0.322917 0.230655 -0.917891
-0.305807 0.26212 -0.915301
-0.312381 0.267755 -0.911441
-0.309466 0.221047 -0.924862
-0.273919 0.182613 -0.944257
-0.279946 0.186631 -0.9417
-0.23359 0.186872 -0.954209
-0.23359 0.186872 -0.954209
-0.350661 0.200378 -0.914814
-0.34233 0.195617 -0.918991
-0.319145 0.273553 -0.907367
-0.267984 0.267984 -0.925402
-0.273813 0.273813 -0.921983
-0.296007 0.148004 -0.94365
-0.296007 0.148004 -0.94365
-0.342229 0.195559 -0.919041
-0.283573 0.236311 -0.929378
-0.231024 0.231024 -0.945122
-0.282945 0.235787 -0.929702
-0.230717 0.230717 -0.945272
-0.230717 0.230717 -0.945272
-0.223075 0.26769 -0.937326
-0.269722 0.314676 -0.910071
-0.244189 0.195351 -0.949847
-0.197904 0.24738 -0.948492
-0.192144 0.336252 -0.921963
-0.192144 0.336252 -0.921963
-0.188435 0.37687 -0.906897
-0.181442 0.408245 -0.894659
-0.174468 0.43617 -0.882789
-0.136009 0.408027 -0.902782
-0.0948107 0.426648 -0.899434
-0.102934 0.360268 -0.927153
-0.100758 0.352654 -0.930313
-0.149985 0.299971 -0.942084
-0.144247 0.336577 -0.930542
-0.237783 0.28534 -0.928461
-0.237783 0.28534 -0.928461
-0.288917 0.240764 -0.926585
-0.289502 0.241251 -0.926276
-0.232983 0.279579 -0.931426
-0.235971 0.235971 -0.942674
-0.319893 0.319893 -0.891817
-0.318257 0.318257 -0.892987
-0.318257 0.318257 -0.892987
-0.324018 0.277729 -0.904367
-0.280855 0.234046 -0.930775
-0.326208 0.233005 -0.916132
-0.33745 0.192829 -0.921382
-0.290759 0.145379 -0.945687
-0.282877 0.188585 -0.940434
-0.282877 0.188585 -0.940434
-0.244391 0.146635 -0.958526
-0.292045 0.146022 -0.945192
-0.244391 0.146635 -0.958526
-0.244391 0.146635 -0.958526
-0.241335 0.193068 -0.951043
-0.235848 0.188679 -0.953297
-0.235848 0.188679 -0.953297
-0.236704 0.189363 -0.95295
-0.242251 0.193801 -0.95066
-0.251044 0.251044 -0.934855
-0.251044 0.251044 -0.934855
-0.28875 0.28875 -0.912823
-0.234223 0.234223 -0.943546
-0.242251 0.193801 -0.95066
-0.234223 0.234223 -0.943546
-0.242251 0.193801 -0.95066
-0.242251 0.193801 -0.95066
-0.242251 0.193801 -0.95066
-0.229744 0.229744 -0.945746
-0.234223 0.234223 -0.943546
-0.188058 0.235072 -0.953612
-0.242607 0.291128 -0.925412
-0.198827 0.298241 -0.933552
-0.194277 0.291416 -0.936661
-0.142535 0.28507 -0.94785
-0.0929666 0.2789 -0.95581
-0.0486455 0.291873 -0.955219
-0.0998301 0.29949 -0.948862
-0.0476687 0.286012 -0.95704
-0.0476687 0.286012 -0.95704
-0.0931932 0.27958 -0.955589
-0.0899479 0.314818 -0.944881
-0.0862769 0.301969 -0.949406
-0.129359 0.301838 -0.944542
-0.129359 0.301838 -0.944542
-0.127768 0.340715 -0.931444
-0.180216 0.315378 -0.931697
-0.186795 0.280193 -0.941594
-0.145047 0.241744 -0.959438
-0.146727 0.293455 -0.944646
-0.145047 0.241744 -0.959438
-0.0967317 0.241829 -0.965485
-0.136939 0.273879 -0.951965
-0.139995 0.279989 -0.949741
-0.145047 0.241744 -0.959438
-0.0955003 0.286501 -0.953308
-0.145259 0.242098 -0.959317
-0.145047 0.241744 -0.959438
-0.0967317 0.241829 -0.965485
-0.0955003 0.286501 -0.953308
-0.145259 0.242098 -0.959317
-0.0979222 0.195844 -0.975734
-0.145259 0.242098 -0.959317
-0.143386 0.286771 -0.947208
-0.0889319 0.355728 -0.930349
-0.131004 0.393011 -0.910154
-0.132566 0.309321 -0.941672
-0.0902218 0.315776 -0.944534
-0.0956366 0.28691 -0.953172
-0.0956366 0.28691 -0.953172
-0.0921874 0.322656 -0.942016
-0.0888661 0.355464 -0.930456
-0.133051 0.354802 -0.925426
-0.0887568 0.355027 -0.930633
-0.13802 0.322047 -0.936609
-0.093923 0.32873 -0.939742
-0.147249 0.343581 -0.927507
-0.148171 0.395122 -0.9066
-0.14107 0.329163 -0.933676
-0.170881 0.384483 -0.907178
-0.130514 0.348037 -0.928351
-0.176463 0.308809 -0.934611
-0.229183 0.320856 -0.918981
-0.338688 0.290304 -0.894994
-0.284295 0.284295 -0.915616
-0.332033 0.2846 -0.899309
-0.28501 0.28501 -0.915171
-0.28557 0.28557 -0.914822
-0.279283 0.279283 -0.918696
-0.233298 0.279958 -0.931233
-0.279659 0.279659 -0.918467
-0.269722 0.314676 -0.910071
-0.303708 0.390482 -0.869071
-0.270964 0.361285 -0.892218
-0.320472 0.320472 -0.891401
-0.333427 0.285794 -0.898414
-0.244329 0.293194 -0.924306
-0.283651 0.236376 -0.929337
-0.277326 0.231105 -0.932567
-0.322917 0.230655 -0.917891
-0.381396 0.190698 -0.904528
-0.345193 0.14794 -0.926798
-0.345193 0.14794 -0.926798
-0.333993 0.190853 -0.923051
-0.279567 0.186378 -0.941863
-0.285498 0.190332 -0.93929
-0.286063 0.190709 -0.939041
-0.287988 0.143994 -0.946746
-0.288569 0.144285 -0.946525
-0.238511 0.190809 -0.95221
-0.233083 0.186467 -0.954412
-0.321898 0.229927 -0.918431
-0.276154 0.230128 -0.933156
-0.321898 0.229927 -0.918431
-0.285498 0.190332 -0.93929
-0.27552 0.13776 -0.951373
-0.224568 0.134741 -0.965098
-0.229657 0.137794 -0.963468
-0.279039 0.186026 -0.942089
-0.264958 0.0883192 -0.960207
-0.263581 0.131791 -0.955592
-0.263899 0.13195 -0.955482
-0.263899 0.13195 -0.955482
-0.263138 0.131569 -0.955745
-0.262571 0.131286 -0.95594
-0.263138 0.131569 -0.955745
-0.263138 0.131569 -0.955745
-0.223669 0.134201 -0.965382
-0.178966 0.134225 -0.974656
-0.18399 0.0919951 -0.978614
-0.184059 0.0460148 -0.981837
-0.184598 0.0461494 -0.98173
-0.135351 0.045117 -0.98977
-0.13845 0.0461502 -0.989294
-0.13845 0.0461502 -0.989294
-0.188922 0.0472304 -0.980856
-0.184598 0.0461494 -0.98173
-0.184598 0.0461494 -0.98173
-0.184598 0.0461494 -0.98173
-0.184598 0.0461494 -0.98173
-0.180309 0.0901546 -0.97947
-0.179401 0.0897003 -0.979678
-0.179899 0.0899493 -0.979564
-0.178966 0.134225 -0.974656
-0.138002 0.0920012 -0.98615
-0.183457 0.0917287 -0.978739
-0.134243 0.134243 -0.981814
-0.18399 0.0919951 -0.978614
-0.140422 0.140422 -0.980083
-0.18399 0.0919951 -0.978614
-0.222534 0.178027 -0.958533
-0.188526 0.235657 -0.953375
-0.180317 0.225397 -0.957435
-0.227479 0.181983 -0.956627
-0.229235 0.137541 -0.963605
-0.22996 0.137976 -0.963369
-0.23144 0.0925761 -0.968434
-0.263899 0.13195 -0.955482
-0.218156 0.174525 -0.960182
-0.275883 0.137941 -0.951242
-0.282519 0.14126 -0.948804
-0.326763 0.186722 -0.926478
-0.27399 0.18266 -0.944227
-0.262191 0.174794 -0.949054
-0.26793 0.17862 -0.946736
-0.319399 0.182514 -0.929878
-0.326763 0.186722 -0.926478
-0.342229 0.195559 -0.919041
-0.325837 0.279289 -0.903232
-0.318408 0.272921 -0.907816
-0.348821 0.261616 -0.899934
-0.30559 0.261934 -0.915426
-0.316139 0.225813 -0.921447
-0.280174 0.186783 -0.941602
-0.286713 0.191142 -0.938755
-0.279946 0.186631 -0.9417
-0.228187 0.18255 -0.95635
-0.273706 0.18247 -0.944346
-0.273706 0.18247 -0.944346
-0.259632 0.21636 -0.941159
-0.265193 0.220994 -0.938528
-0.259632 0.21636 -0.941159
-0.265193 0.220994 -0.938528
-0.221125 0.221125 -0.949846
-0.23359 0.186872 -0.954209
-0.23885 0.19108 -0.952071
-0.23885 0.19108 -0.952071
-0.2334 0.18672 -0.954285
-0.230717 0.230717 -0.945272
-0.186536 0.186536 -0.964577
-0.182044 0.182044 -0.966292
-0.233083 0.186467 -0.954412
-0.184677 0.230846 -0.955303
-0.182375 0.182375 -0.966167
-0.230717 0.230717 -0.945272
-0.186536 0.186536 -0.964577
-0.190887 0.190887 -0.962873
-0.19544 0.19544 -0.961045
-0.243751 0.292501 -0.924678
-0.233298 0.279958 -0.931233
-0.236299 0.236299 -0.94251
-0.188893 0.236116 -0.953189
-0.184677 0.230846 -0.955303
-0.182612 0.182612 -0.966078
-0.228223 0.273868 -0.934297
-0.181007 0.226259 -0.957101
-0.223519 0.268223 -0.937068
-0.22038 0.308531 -0.925333
-0.264409 0.308477 -0.913745
-0.286214 0.286214 -0.91442
-0.240215 0.336301 -0.910603
-0.23859 0.286308 -0.927956
-0.229904 0.321866 -0.918448
-0.22038 0.308531 -0.925333
-0.22038 0.308531 -0.925333
-0.178807 0.26821 -0.946621
-0.180216 0.315378 -0.931697
-0.225219 0.315306 -0.921878
-0.220114 0.308159 -0.92552
-0.172372 0.301651 -0.937707
-0.266404 0.266404 -0.926314
-0.256903 0.29972 -0.918787
-0.300711 0.300711 -0.905066
-0.308242 0.352276 -0.883679
-0.307581 0.351521 -0.88421
-0.302162 0.345328 -0.888508
-0.307381 0.307381 -0.900574
-0.273249 0.273249 -0.922318
-0.272757 0.272757 -0.922609
-0.325401 0.278915 -0.903505
-0.337389 0.240992 -0.909995
-0.228223 0.273868 -0.934297
-0.189156 0.236445 -0.953055
-0.231209 0.231209 -0.945032
-0.218884 0.26266 -0.939734
-0.211705 0.296387 -0.931309
-0.211705 0.296387 -0.931309
-0.212807 0.340492 -0.915849
-0.223352 0.268023 -0.937165
-0.223519 0.268223 -0.937068
-0.26805 0.26805 -0.925364
-0.226201 0.226201 -0.947453
-0.185071 0.231339 -0.955108
-0.18844 0.14133 -0.971862
-0.18844 0.14133 -0.971862
-0.225022 0.135013 -0.964954
-0.230143 0.138086 -0.96331
-0.231502 0.0926009 -0.968417
-0.230143 0.138086 -0.96331
-0.225022 0.135013 -0.964954
-0.277696 0.0925654 -0.956199
-0.230143 0.138086 -0.96331
-0.273706 0.18247 -0.944346
-0.305753 0.174716 -0.935943
-0.319063 0.273483 -0.907417
-0.305825 0.174757 -0.935912
-0.305825 0.174757 -0.935912
-0.36488 0.18244 -0.913005
-0.273919 0.182613 -0.944257
-0.322017 0.138007 -0.936621
-0.319482 0.182561 -0.92984
-0.226143 0.226143 -0.94748
-0.265452 0.22121 -0.938404
-0.22597 0.22597 -0.947563
-0.231024 0.231024 -0.945122
-0.309391 0.220993 -0.9249
-0.309391 0.220993 -0.9249
-0.364785 0.182393 -0.913052
-0.319399 0.182514 -0.929878
-0.319151 0.182372 -0.929991
-0.333993 0.190853 -0.923051
-0.33051 0.236079 -0.9138
-0.330602 0.236144 -0.91375
-0.283573 0.236311 -0.929378
-0.273813 0.273813 -0.921983
-0.277252 0.231043 -0.932604
-0.338267 0.241619 -0.909503
-0.283573 0.236311 -0.929378
-0.319145 0.273553 -0.907367
-0.312381 0.267755 -0.911441
-0.323173 0.230838 -0.917754
-0.390879 0.19544 -0.899454
-0.330602 0.236144 -0.91375
-0.330602 0.236144 -0.91375
-0.283573 0.236311 -0.929378
-0.326099 0.279513 -0.903068
-0.319063 0.273483 -0.907417
-0.314428 0.314428 -0.895695
-0.333147 0.285554 -0.898594
-0.286214 0.286214 -0.91442
-0.238793 0.286551 -0.927829
-0.238253 0.285903 -0.928167
-0.238253 0.285903 -0.928167
-0.28557 0.28557 -0.914822
-0.279659 0.279659 -0.918467
-0.327841 0.327841 -0.886025
-0.275509 0.321427 -0.905969
-0.27515 0.321009 -0.906226
-0.27515 0.321009 -0.906226
-0.23067 0.369073 -0.90032
-0.235634 0.377014 -0.895733
-0.28259 0.376787 -0.882142
-0.238253 0.285903 -0.928167
-0.303999 0.253332 -0.918372
-0.243751 0.292501 -0.924678
-0.247196 0.247196 -0.936904
-0.241459 0.241459 -0.939891
-0.289502 0.241251 -0.926276
-0.239872 0.335821 -0.910871
-0.239394 0.335151 -0.911243
-0.27465 0.320425 -0.906584
-0.282399 0.235332 -0.929984
-0.282399 0.235332 -0.929984
-0.284776 0.18985 -0.939606
-0.239444 0.143666 -0.960222
-0.239444 0.143666 -0.960222
-0.185731 0.185731 -0.964888
-0.233949 0.140369 -0.962063
-0.187199 0.140399 -0.972237
-0.279823 0.139912 -0.949802
-0.279823 0.139912 -0.949802
-0.233248 0.139949 -0.962294
-0.273583 0.136791 -0.952072
-0.231396 0.185117 -0.955085
-0.294138 0.147069 -0.94438
-0.290539 0.193693 -0.937054
-0.283901 0.189267 -0.939989
-0.286347 0.143173 -0.947368
-0.1916 0.1437 -0.970896
-0.283901 0.189267 -0.939989
-0.236704 0.189363 -0.95295
-0.278365 0.185577 -0.942377
-0.277547 0.185031 -0.942725
-0.232079 0.185663 -0.954813
-0.239444 0.143666 -0.960222
-0.237435 0.189948 -0.952651
-0.232079 0.185663 -0.954813
-0.226952 0.181562 -0.956832
-0.237435 0.189948 -0.952651
-0.237435 0.189948 -0.952651
-0.277547 0.185031 -0.942725
-0.277547 0.185031 -0.942725
-0.234223 0.234223 -0.943546
-0.231302 0.277562 -0.932448
-0.234931 0.234931 -0.943194
-0.229082 0.229082 -0.946067
-0.224772 0.224772 -0.948133
-0.279039 0.186026 -0.942089
-0.232079 0.185663 -0.954813
-0.229744 0.229744 -0.945746
-0.238038 0.190431 -0.952404
-0.229744 0.229744 -0.945746
-0.229744 0.229744 -0.945746
-0.229744 0.229744 -0.945746
-0.238038 0.190431 -0.952404
-0.232642 0.186114 -0.954588
-0.23029 0.23029 -0.94548
-0.243682 0.194946 -0.950061
-0.246671 0.246671 -0.93718
-0.243682 0.194946 -0.950061
-0.235514 0.235514 -0.942903
-0.235514 0.235514 -0.942903
-0.23029 0.23029 -0.94548
-0.23029 0.23029 -0.94548
-0.23029 0.23029 -0.94548
-0.23029 0.23029 -0.94548
-0.184334 0.230417 -0.955473
-0.23029 0.23029 -0.94548
-0.23029 0.23029 -0.94548
-0.184677 0.230846 -0.955303
-0.180317 0.225397 -0.957435
-0.185738 0.278607 -0.942274
-0.243248 0.291898 -0.925001
-0.252633 0.252633 -0.933998
-0.244189 0.195351 -0.949847
-0.282945 0.235787 -0.929702
-0.276665 0.230554 -0.9329
-0.28025 0.186834 -0.941569
-0.28025 0.186834 -0.941569
-0.235499 0.141299 -0.961548
-0.225022 0.135013 -0.964954
-0.230143 0.138086 -0.96331
-0.178613 0.178613 -0.967572
-0.218415 0.174732 -0.960085
-0.216477 0.216477 -0.951985
-0.218415 0.174732 -0.960085
-0.176983 0.221228 -0.959028
-0.219962 0.131977 -0.96654
-0.262191 0.174794 -0.949054
-0.262253 0.174836 -0.949029
-0.27399 0.18266 -0.944227
-0.267997 0.178664 -0.946708
-0.267997 0.178664 -0.946708
-0.228365 0.182692 -0.956281
-0.221287 0.221287 -0.94977
-0.221287 0.221287 -0.94977
-0.176983 0.221228 -0.959028
-0.169677 0.212097 -0.962406
-0.169677 0.212097 -0.962406
-0.216629 0.216629 -0.951916
-0.180869 0.226086 -0.957169
-0.195731 0.195731 -0.960926
-0.2334 0.18672 -0.954285
-0.175999 0.131999 -0.9755
-0.223363 0.178691 -0.958216
-0.220122 0.132073 -0.96649
-0.220122 0.132073 -0.96649
-0.223363 0.178691 -0.958216
-0.22996 0.137976 -0.963369
-0.185071 0.231339 -0.955108
-0.228365 0.182692 -0.956281
-0.221287 0.221287 -0.94977
-0.180869 0.226086 -0.957169
-0.228365 0.182692 -0.956281
-0.191159 0.191159 -0.962765
-0.131114 0.174819 -0.975832
-0.134783 0.134783 -0.981665
-0.131634 0.131634 -0.98252
-0.130741 0.174321 -0.975971
-0.170913 0.170913 -0.970349
-0.128006 0.170674 -0.976977
-0.170913 0.170913 -0.970349
-0.169487 0.211859 -0.962492
-0.164468 0.246703 -0.955033
-0.166061 0.207576 -0.964021
-0.166061 0.207576 -0.964021
-0.174574 0.174574 -0.969045
-0.126954 0.211589 -0.969078
-0.175786 0.13184 -0.97556
-0.178391 0.178391 -0.967654
-0.178391 0.178391 -0.967654
-0.182375 0.182375 -0.966167
-0.182481 0.273722 -0.94434
-0.135704 0.226173 -0.964588
-0.178807 0.26821 -0.946621
-0.135704 0.226173 -0.964588
-0.135704 0.226173 -0.964588
-0.185071 0.231339 -0.955108
-0.181007 0.226259 -0.957101
-0.225276 0.315386 -0.921837
-0.19358 0.241975 -0.950776
-0.191267 0.334717 -0.922703
-0.188435 0.37687 -0.906897
-0.143781 0.383416 -0.912315
-0.190765 0.381529 -0.904458
-0.189961 0.379922 -0.905303
-0.145171 0.338732 -0.929616
-0.145171 0.338732 -0.929616
-0.138349 0.322815 -0.936296
-0.139645 0.372386 -0.917512
-0.138978 0.324281 -0.935696
-0.134477 0.358604 -0.923753
-0.185895 0.325316 -0.927153
-0.189179 0.331063 -0.92445
-0.141581 0.283162 -0.948564
-0.184552 0.276827 -0.943031
-0.181973 0.318452 -0.930309
-0.184552 0.276827 -0.943031
-0.132178 0.352475 -0.92644
-0.176082 0.352164 -0.919226
-0.133744 0.31207 -0.940598
-0.172061 0.344121 -0.923025
-0.124325 0.372975 -0.919474
-0.168153 0.336306 -0.926619
-0.168153 0.336306 -0.926619
-0.218022 0.30523 -0.926985
-0.178199 0.311849 -0.933271
-0.235607 0.282728 -0.929814
-0.197375 0.296063 -0.934553
-0.145346 0.290692 -0.945713
-0.191084 0.238855 -0.952069
-0.193652 0.290479 -0.937081
-0.238702 0.238702 -0.941298
-0.238702 0.238702 -0.941298
-0.191084 0.238855 -0.952069
-0.239588 0.239588 -0.940848
-0.234223 0.234223 -0.943546
-0.18749 0.234362 -0.953898
-0.191084 0.238855 -0.952069
-0.190274 0.237842 -0.952485
-0.191795 0.239744 -0.951702
-0.189334 0.284 -0.939945
-0.178775 0.312856 -0.932824
-0.230505 0.276606 -0.932929
-0.230505 0.276606 -0.932929
-0.18749 0.234362 -0.953898
-0.138978 0.277957 -0.950487
-0.134548 0.313944 -0.939859
-0.136373 0.272746 -0.952372
-0.133478 0.266956 -0.95442
-0.182151 0.273226 -0.944547
-0.179671 0.314425 -0.932124
-0.180638 0.225798 -0.95728
-0.231024 0.231024 -0.945122
-0.228187 0.18255 -0.95635
-0.271264 0.226053 -0.935583
-0.305879 0.262182 -0.915259
-0.271195 0.225996 -0.935617
-0.26805 0.26805 -0.925364
-0.223519 0.268223 -0.937068
-0.223519 0.268223 -0.937068
-0.270988 0.225824 -0.935718
-0.22597 0.22597 -0.947563
-0.273601 0.273601 -0.922109
-0.283573 0.236311 -0.929378
-0.267785 0.267785 -0.925517
-0.275509 0.321427 -0.905969
-0.238793 0.286551 -0.927829
-0.238793 0.286551 -0.927829
-0.220114 0.308159 -0.92552
-0.254757 0.339675 -0.905384
-0.307748 0.307748 -0.900324
-0.269925 0.314913 -0.909929
-0.225891 0.361425 -0.904625
-0.229603 0.321444 -0.918671
-0.264695 0.352926 -0.89743
-0.232544 0.279052 -0.931694
-0.231982 0.278379 -0.932035
-0.234931 0.234931 -0.943194
-0.22699 0.272388 -0.935029
-0.238511 0.190809 -0.95221
-0.245862 0.147517 -0.958014
-0.244189 0.195351 -0.949847
-0.244189 0.195351 -0.949847
-0.244189 0.195351 -0.949847
-0.246383 0.14783 -0.957832
-0.285498 0.190332 -0.93929
-0.243682 0.194946 -0.950061
-0.243682 0.194946 -0.950061
-0.24097 0.24097 -0.940142
-0.246671 0.246671 -0.93718
-0.235514 0.235514 -0.942903
-0.185738 0.278607 -0.942274
-0.185738 0.278607 -0.942274
-0.231982 0.278379 -0.932035
-0.227516 0.273019 -0.934718
-0.22699 0.272388 -0.935029
-0.227516 0.273019 -0.934718
-0.223868 0.313415 -0.922851
-0.222196 0.266635 -0.937835
-0.227516 0.273019 -0.934718
-0.224372 0.31412 -0.922489
-0.225491 0.360786 -0.904979
-0.172014 0.301025 -0.937974
-0.179266 0.313716 -0.932441
-0.21927 0.306978 -0.926113
-0.27465 0.320425 -0.906584
-0.279283 0.279283 -0.918696
-0.279659 0.279659 -0.918467
-0.186948 0.280422 -0.941496
-0.225276 0.315386 -0.921837
-0.225276 0.315386 -0.921837
-0.220593 0.30883 -0.925183
-0.264409 0.308477 -0.913745
-0.269993 0.314992 -0.909881
-0.225276 0.315386 -0.921837
-0.225276 0.315386 -0.921837
-0.220539 0.308755 -0.92522
-0.216038 0.302453 -0.928359
-0.180353 0.315617 -0.931589
-0.180353 0.315617 -0.931589
-0.191211 0.286817 -0.938709
-0.229904 0.321866 -0.918448
-0.184121 0.322212 -0.92859
-0.191266 0.286898 -0.938673
-0.242093 0.242093 -0.939565
-0.242093 0.242093 -0.939565
-0.242093 0.242093 -0.939565
-0.228401 0.274081 -0.934191
-0.269722 0.314676 -0.910071
-0.267785 0.267785 -0.925517
-0.172652 0.302141 -0.937498
-0.178941 0.268411 -0.946539
-0.233488 0.280186 -0.931117
-0.228401 0.274081 -0.934191
-0.228401 0.274081 -0.934191
-0.267984 0.267984 -0.925402
-0.216038 0.302453 -0.928359
-0.218675 0.26241 -0.939852
-0.238038 0.190431 -0.952404
-0.192484 0.144363 -0.970623
-0.186183 0.186183 -0.964713
-0.139941 0.186588 -0.97242
-0.185731 0.185731 -0.964888
-0.232642 0.186114 -0.954588
-0.183424 0.137568 -0.973361
-0.234526 0.140716 -0.961871
-0.186536 0.186536 -0.964577
-0.234979 0.140987 -0.961721
-0.240548 0.144329 -0.959847
-0.240548 0.144329 -0.959847
-0.240548 0.144329 -0.959847
-0.240548 0.144329 -0.959847
-0.289812 0.0966041 -0.952196
-0.234979 0.140987 -0.961721
-0.234526 0.140716 -0.961871
-0.234526 0.140716 -0.961871
-0.233083 0.186467 -0.954412
-0.279039 0.186026 -0.942089
-0.178391 0.178391 -0.967654
-0.230717 0.230717 -0.945272
-0.226143 0.226143 -0.94748
-0.228187 0.18255 -0.95635
-0.236563 0.236563 -0.942378
-0.195907 0.195907 -0.960854
-0.138751 0.231251 -0.962949
-0.177113 0.221391 -0.958967
-0.168088 0.252133 -0.952982
-0.173377 0.216722 -0.960714
-0.173377 0.216722 -0.960714
-0.226143 0.226143 -0.94748
-0.22597 0.22597 -0.947563
-0.175052 0.262578 -0.948899
-0.182718 0.274077 -0.94419
-0.230717 0.230717 -0.945272
-0.188893 0.236116 -0.953189
-0.192484 0.144363 -0.970623
-0.186536 0.186536 -0.964577
-0.184677 0.230846 -0.955303
-0.184677 0.230846 -0.955303
-0.186536 0.186536 -0.964577
-0.138308 0.230513 -0.96319
-0.138308 0.230513 -0.96319
-0.136568 0.18209 -0.973752
-0.136568 0.18209 -0.973752
-0.132622 0.221036 -0.966206
-0.131196 0.262392 -0.956001
-0.174843 0.262265 -0.949024
-0.173053 0.216316 -0.960864
-0.180869 0.226086 -0.957169
-0.172853 0.302492 -0.937347
-0.178807 0.26821 -0.946621
-0.182718 0.274077 -0.94419
-0.182718 0.274077 -0.94419
-0.182718 0.274077 -0.94419
-0.184923 0.231153 -0.955181
-0.182861 0.274292 -0.944101
-0.225049 0.315068 -0.922001
-0.225049 0.315068 -0.922001
-0.228223 0.273868 -0.934297
-0.22038 0.308531 -0.925333
-0.176591 0.309034 -0.934512
-0.137225 0.274451 -0.951759
-0.145386 0.242311 -0.959244
-0.146727 0.293455 -0.944646
-0.195197 0.292796 -0.936039
-0.189334 0.284 -0.939945
-0.285201 0.332735 -0.898859
-0.232109 0.324953 -0.916805
-0.231183 0.323656 -0.917497
-0.186999 0.280498 -0.941463
-0.181273 0.317228 -0.930863
-0.175532 0.351065 -0.919751
-0.258241 0.344322 -0.902637
-0.302243 0.388598 -0.870425
-0.25962 0.38943 -0.883709
-0.225491 0.360786 -0.904979
-0.234635 0.328488 -0.9149
-0.238253 0.285903 -0.928167
-0.238253 0.285903 -0.928167
-0.238253 0.285903 -0.928167
-0.237783 0.28534 -0.928461
-0.238253 0.285903 -0.928167
-0.239872 0.335821 -0.910871
-0.225219 0.315306 -0.921878
-0.218831 0.262598 -0.939763
-0.262384 0.262384 -0.928606
-0.265387 0.221156 -0.938435
-0.265387 0.221156 -0.938435
-0.315899 0.225642 -0.921571
-0.273706 0.18247 -0.944346
-0.273351 0.182234 -0.944494
-0.225683 0.225683 -0.947699
-0.233083 0.186467 -0.954412
-0.240063 0.144038 -0.960012
-0.287988 0.143994 -0.946746
-0.232642 0.186114 -0.954588
-0.226952 0.181562 -0.956832
-0.265629 0.177086 -0.947672
-0.272227 0.181485 -0.944963
-0.229235 0.137541 -0.963605
-0.230516 0.0922066 -0.96869
-0.179687 0.134765 -0.974449
-0.178966 0.134225 -0.974656
-0.228041 0.136825 -0.96399
-0.228041 0.136825 -0.96399
-0.187199 0.140399 -0.972237
-0.233248 0.139949 -0.962294
-0.233949 0.140369 -0.962063
-0.233248 0.139949 -0.962294
-0.228041 0.136825 -0.96399
-0.229968 0.091987 -0.968841
-0.233248 0.139949 -0.962294
-0.233248 0.139949 -0.962294
-0.228695 0.137217 -0.963779
-0.223056 0.133834 -0.965575
-0.186638 0.139978 -0.972405
-0.232642 0.186114 -0.954588
