0.587658 0.0391772 -0.80816
0.551143 0 -0.834411
0.601413 0.0400942 -0.797932
0.643637 0.0402273 -0.764273
0.524689 0.0403607 -0.850337
0.591754 0.0394503 -0.805152
0.540097 0.0385784 -0.840718
0.477412 0.0397843 -0.877779
0.546921 0 -0.837184
0.4213 0.0383 -0.906112
0.507801 0.0781232 -0.857925
0.514878 0.118818 -0.848989
0.516794 0.11926 -0.847763
0.464433 0.0774055 -0.882219
0.512926 0.0394559 -0.857525
0.501637 0.0771749 -0.861629
0.50314 0.0387031 -0.863338
0.530074 0.0757248 -0.844564
0.463428 0 -0.886135
0.373806 0.0373806 -0.926753
0.447369 0.0372807 -0.893572
0.402732 0.073224 -0.912384
0.49001 0.113079 -0.864351
0.501637 0.0771749 -0.861629
0.564846 0.112969 -0.817427
0.530074 0.0757248 -0.844564
0.544672 0.0389052 -0.837746
0.50304 0.0773907 -0.860791
0.448932 0 -0.893566
0.47583 0.0732046 -0.876486
0.540103 0.0771576 -0.838055
0.493637 0.0759442 -0.866346
0.527469 0.113029 -0.842022
0.527469 0.113029 -0.842022
0.461681 0.0769468 -0.883703
0.418336 0.114092 -0.901098
0.446054 0.0371712 -0.894234
0.412451 0.149982 -0.898549
0.393856 0.118157 -0.911546
0.342575 0.114192 -0.932525
0.374315 0.112294 -0.920477
0.338535 0.0752301 -0.937941
0.351642 0.0781426 -0.932867
0.304959 0.11436 -0.945474
0.266112 0.114048 -0.957171
0.303476 0.113804 -0.946018
0.34579 0.153684 -0.92564
0.382168 0.0764337 -0.920926
0.427041 0.116466 -0.8967
0.477172 0.0795287 -0.875204
0.507608 0.0780935 -0.858042
0.514578 0.118749 -0.849181
0.416845 0.15158 -0.89625
0.371887 0.148755 -0.916282
0.308108 0.154054 -0.938796
0.307483 0.153741 -0.939052
0.31592 0.11847 -0.94136
0.435373 0.118738 -0.892385
0.437488 0.0795433 -0.895699
0.543602 0.116486 -0.831221
0.566716 0.151124 -0.809935
0.581739 0.116348 -0.805011
0.490975 0.151069 -0.857976
0.490975 0.151069 -0.857976
0.50278 0.116026 -0.856592
0.513381 0.118472 -0.849944
0.474761 0.11869 -0.872075
0.571192 0.163198 -0.804429
0.515763 0.19837 -0.833449
0.496459 0.190946 -0.846799
0.491368 0.226785 -0.840908
0.454252 0.227126 -0.861434
0.453693 0.226847 -0.861802
0.491798 0.226984 -0.840603
0.54432 0.1944 -0.816042
0.54432 0.1944 -0.816042
0.543818 0.194221 -0.816419
0.54906 0.156874 -0.820929
0.58814 0.156837 -0.793406
0.58814 0.156837 -0.793406
0.554017 0.197863 -0.80865
0.604185 0.201395 -0.770974
0.515763 0.19837 -0.833449
0.554547 0.198052 -0.808241
0.525688 0.202188 -0.8263
0.489652 0.244826 -0.83684
0.486268 0.202612 -0.849995
0.486268 0.202612 -0.849995
0.516062 0.198485 -0.833237
0.477008 0.198754 -0.856131
0.554865 0.198166 -0.807994
0.477101 0.198792 -0.85607
0.521059 0.160326 -0.838328
0.516062 0.198485 -0.833237
0.506456 0.194791 -0.839975
0.534713 0.190969 -0.823172
0.534713 0.190969 -0.823172
0.54958 0.157023 -0.820552
0.509661 0.156819 -0.845963
0.551598 0.1182 -0.825693
0.554688 0.0792412 -0.828276
0.516169 0.158821 -0.841632
0.516169 0.158821 -0.841632
0.516794 0.11926 -0.847763
0.514669 0.15836 -0.842638
0.514669 0.15836 -0.842638
0.516794 0.11926 -0.847763
0.507038 0.117009 -0.853945
0.509646 0.078407 -0.856804
0.511314 0.0786636 -0.855786
0.481367 0.0802278 -0.87284
0.424609 0.0772017 -0.902079
0.435329 0.0395754 -0.899401
0.435329 0.0395754 -0.899401
0.426161 0 -0.904647
0.417792 0.0379811 -0.907749
0.422931 0.0384482 -0.905346
0.452828 0.0377356 -0.890799
0.416517 0.0378652 -0.908339
0.426161 0 -0.904647
0.456172 0 -0.889892
0.416879 0 -0.908962
0.463428 0 -0.886135
0.461795 0 -0.886987
0.48206 0 -0.876138
0.53876 0 -0.842459
0.488545 0.112741 -0.865224
0.486923 0.112367 -0.866187
0.488545 0.112741 -0.865224
0.497627 0.114837 -0.859756
0.417792 0.0379811 -0.907749
0.419916 0.0381742 -0.90676
0.487946 0.0375343 -0.872067
0.541812 0.0387009 -0.839608
0.541812 0.0387009 -0.839608
0.454519 0.0757531 -0.88751
0.416702 0.0757641 -0.90588
0.371932 0.0743863 -0.925275
0.415439 0.0755344 -0.906479
0.416702 0.0757641 -0.90588
0.416018 0.11346 -0.90225
0.424423 0.0385839 -0.904642
0.501547 0.0385805 -0.86427
0.500061 0.0769325 -0.862566
0.461681 0.0769468 -0.883703
0.454519 0.0757531 -0.88751
0.454519 0.0757531 -0.88751
0.446209 0.0743682 -0.891833
0.455756 0.0379797 -0.889294
0.423273 0.0769588 -0.902728
0.463137 0.0771895 -0.882919
0.519593 0.0799374 -0.850666
0.473496 0.039458 -0.879912
0.473972 0 -0.88054
0.427366 0 -0.904079
0.43575 0 -0.900068
0.475364 0 -0.879789
0.490894 0.0409078 -0.870258
0.531768 0.0409052 -0.845902
0.479733 0.0799555 -0.873764
0.442673 0.080486 -0.893064
0.434021 0.118369 -0.893093
0.395928 0.118778 -0.910567
0.325253 0.0813134 -0.942124
0.283355 0.121438 -0.951295
0.286388 0.16365 -0.944034
0.28249 0.121067 -0.9516
0.281348 0.120578 -0.952
0.284076 0.202911 -0.937085
0.28249 0.121067 -0.9516
0.282893 0.12124 -0.951458
0.356785 0.118928 -0.926585
0.358614 0.079692 -0.930078
0.390072 0.0780145 -0.917473
0.406407 0.0406407 -0.912788
0.436113 0.0792933 -0.896391
0.475674 0.079279 -0.876042
0.460179 0 -0.887826
0.507721 0.0390554 -0.860636
0.557221 0 -0.830364
0.515742 0.0396725 -0.855825
0.466912 0.0389094 -0.883447
0.435176 0.0791228 -0.896862
0.419295 0 -0.90785
0.458073 0.0381728 -0.888094
0.44956 0.0374633 -0.892464
0.456993 0.0380828 -0.888655
0.456993 0.0380828 -0.888655
0.497221 0.0382477 -0.866781
0.503645 0 -0.863911
0.457413 0 -0.889255
0.456993 0.0380828 -0.888655
0.531665 0.0379761 -0.846103
0.49553 0 -0.868591
0.448932 0 -0.893566
0.419295 0 -0.90785
0.496224 0.0381711 -0.867355
0.554591 0 -0.832123
0.505069 0 -0.863079
0.545259 0 -0.838268
0.597022 0 -0.802225
0.5464 0 -0.837524
0.545808 0.0389863 -0.837003
0.5464 0 -0.837524
0.505797 0.0389074 -0.861775
0.42076 0.0382509 -0.906365
0.45942 0 -0.888219
0.467365 0 -0.884064
0.468343 0 -0.883547
0.456993 0.0380828 -0.888655
0.493637 0.0759442 -0.866346
0.487004 0.0374618 -0.872596
0.487004 0.0374618 -0.872596
0.525455 0.0375325 -0.849993
0.494795 0.0761223 -0.865669
0.456814 0.0761357 -0.886298
0.455744 0.0759574 -0.886864
0.484573 0.0745497 -0.871568
0.47039 0.0361838 -0.881717
0.50304 0.0773907 -0.860791
0.43929 0.0732151 -0.895357
0.43929 0.0732151 -0.895357
0.49001 0.113079 -0.864351
0.504558 0.0388122 -0.862505
0.464433 0.0774055 -0.882219
0.552967 0 -0.833203
0.464459 0.0387049 -0.884748
0.474883 0.0395736 -0.879159
0.474883 0.0395736 -0.879159
0.514429 0.0395715 -0.856619
0.474883 0.0395736 -0.879159
0.514429 0.0395715 -0.856619
0.466217 0 -0.88467
0.466217 0 -0.88467
0.418926 0.0380842 -0.907221
0.454519 0.0757531 -0.88751
0.407884 0.0741607 -0.910017
0.40656 0.07392 -0.910629
0.421688 0.153341 -0.893681
0.407293 0.22216 -0.885865
0.373897 0.186948 -0.908433
0.438412 0.182672 -0.880015
0.372285 0.186142 -0.909261
0.365853 0.182927 -0.912518
0.341256 0.189586 -0.920653
0.33962 0.188678 -0.921444
0.412424 0.187465 -0.891495
0.381866 0.190933 -0.90428
0.423046 0.230753 -0.876233
0.41992 0.305397 -0.854634
0.425497 0.270771 -0.863502
0.443185 0.241737 -0.863221
0.448129 0.203695 -0.870453
0.541369 0.166575 -0.824119
0.483831 0.201596 -0.851626
0.622768 0.166071 -0.764579
0.560304 0.160087 -0.812669
0.547713 0.156489 -0.821901
0.472794 0.196997 -0.85887
0.550748 0.236035 -0.800602
0.509941 0.235357 -0.827386
0.45044 0.204746 -0.869013
0.52179 0.240826 -0.818375
0.485582 0.202326 -0.850455
0.488243 0.203435 -0.848666
0.481621 0.200675 -0.853095
0.437498 0.198863 -0.876954
0.432939 0.236148 -0.869941
0.427778 0.272222 -0.861917
0.423046 0.230753 -0.876233
0.460871 0.230436 -0.857028
0.488952 0.263282 -0.83163
0.465615 0.232807 -0.853817
0.462124 0.192552 -0.865659
0.513874 0.158115 -0.843169
0.47157 0.235785 -0.849722
0.465615 0.232807 -0.853817
0.51254 0.236557 -0.825436
0.518471 0.199412 -0.831518
0.481621 0.200675 -0.853095
0.479226 0.159742 -0.863032
0.390816 0.0781631 -0.917144
0.38926 0.077852 -0.917832
0.460628 0.115157 -0.880091
0.469222 0.117306 -0.875254
0.468256 0.156085 -0.869697
0.385881 0.115764 -0.915257
0.469222 0.117306 -0.875254
0.508095 0.117253 -0.853283
0.44063 0.0801146 -0.894107
0.438462 0.119581 -0.890759
0.483734 0.161245 -0.860233
0.474748 0.158249 -0.865778
0.474748 0.158249 -0.865778
0.474748 0.158249 -0.865778
0.437629 0.159138 -0.884961
0.474748 0.158249 -0.865778
0.518471 0.199412 -0.831518
0.481621 0.200675 -0.853095
0.437629 0.159138 -0.884961
0.437629 0.159138 -0.884961
0.437629 0.159138 -0.884961
0.483734 0.161245 -0.860233
0.477065 0.159022 -0.864362
0.477065 0.159022 -0.864362
0.446027 0.162192 -0.880201
0.486184 0.162061 -0.858698
0.486184 0.162061 -0.858698
0.486184 0.162061 -0.858698
0.486184 0.162061 -0.858698
0.483734 0.161245 -0.860233
0.483734 0.161245 -0.860233
0.478123 0.119531 -0.870121
0.478123 0.119531 -0.870121
0.533568 0.164175 -0.82967
0.518471 0.199412 -0.831518
0.533568 0.164175 -0.82967
0.437498 0.198863 -0.876954
0.485582 0.202326 -0.850455
0.51254 0.236557 -0.825436
0.506551 0.194827 -0.83991
0.507191 0.234088 -0.829434
0.47673 0.198638 -0.856313
0.386892 0.154757 -0.909046
0.369609 0.123203 -0.920983
0.352699 0.0391888 -0.934916
0.365715 0.0812701 -0.927172
0.382396 0.0849768 -0.920083
0.382396 0.0849768 -0.920083
0.380769 0.0846153 -0.920791
0.423003 0.0846007 -0.90217
0.382396 0.0849768 -0.920083
0.423003 0.0846007 -0.90217
0.374625 0.0832501 -0.923431
0.382396 0.0849768 -0.920083
0.369536 0.0410596 -0.928309
0.36822 0.0409133 -0.928838
0.393673 0 -0.91925
0.393673 0 -0.91925
0.439477 0.0399524 -0.897365
0.390307 0.0390307 -0.919857
0.466063 0.155354 -0.871006
0.459856 0.191607 -0.867075
0.459856 0.191607 -0.867075
0.459856 0.191607 -0.867075
0.458365 0.114591 -0.881346
0.457666 0.152555 -0.875939
0.446066 0.185861 -0.875489
0.531929 0.22797 -0.815525
0.531929 0.22797 -0.815525
0.498471 0.230064 -0.835821
0.535795 0.229626 -0.812524
0.468158 0.195066 -0.861845
0.455452 0.151817 -0.87722
0.353953 0.117984 -0.927792
0.451515 0.150505 -0.879479
0.483847 0.148876 -0.862397
0.44977 0.187404 -0.873262
0.46347 0.15449 -0.872541
0.451515 0.150505 -0.879479
0.424342 0.11573 -0.898076
0.46697 0.0778283 -0.880841
0.442852 0.0805185 -0.892972
0.480596 0.0800993 -0.873276
0.476752 0.0397294 -0.878139
0.434413 0.0789841 -0.897244
0.482105 0.0401755 -0.875192
0.444197 0.0403815 -0.895019
0.473821 0.0789701 -0.877073
0.471469 0.117867 -0.87397
0.471534 0.078589 -0.878339
0.484554 0.0403795 -0.873829
0.484554 0.0403795 -0.873829
0.484554 0.0403795 -0.873829
0.473821 0.0789701 -0.877073
0.513197 0.0789534 -0.854632
0.484554 0.0403795 -0.873829
0.475255 0.0396046 -0.878956
0.522251 0.0401731 -0.851845
0.515505 0.0793084 -0.853209
0.509373 0.0391825 -0.859653
0.507334 0.0390257 -0.860865
0.475954 0.0793256 -0.875885
0.464736 0.116184 -0.877794
0.473565 0.118391 -0.872766
0.421688 0.153341 -0.893681
0.470301 0.156767 -0.86847
0.470301 0.156767 -0.86847
0.418336 0.114092 -0.901098
0.503248 0.116134 -0.856303
0.381861 0.114558 -0.917092
0.310704 0.155352 -0.937725
0.192901 0.115741 -0.974368
0.192719 0.154175 -0.969066
0.191397 0.191397 -0.962671
0.224454 0.187045 -0.956365
0.379199 0.1896 -0.905682
0.429509 0.195231 -0.881707
0.513783 0.197609 -0.834852
0.495482 0.19057 -0.847455
0.582512 0.194171 -0.789289
0.509081 0.15664 -0.846345
0.501717 0.154374 -0.851146
0.506456 0.194791 -0.839975
0.505076 0.155408 -0.848968
0.490163 0.188524 -0.850999
0.475481 0.219453 -0.851915
0.437947 0.218973 -0.871925
0.443812 0.221906 -0.86821
0.418368 0.190167 -0.888147
0.457486 0.228743 -0.859292
0.43728 0.25508 -0.862392
0.43728 0.25508 -0.862392
0.409974 0.260893 -0.873989
0.443812 0.221906 -0.86821
0.457666 0.152555 -0.875939
0.425988 0.193631 -0.883765
0.429521 0.156189 -0.889448
0.52179 0.240826 -0.818375
0.472794 0.196997 -0.85887
0.466237 0.194265 -0.863067
0.470549 0.196062 -0.860316
0.474887 0.19787 -0.857514
0.472794 0.196997 -0.85887
0.497698 0.153138 -0.853725
0.479226 0.159742 -0.863032
0.459744 0.153248 -0.874729
0.425988 0.193631 -0.883765
0.464736 0.116184 -0.877794
0.497698 0.153138 -0.853725
0.502351 0.193212 -0.842801
0.470301 0.156767 -0.86847
0.470301 0.156767 -0.86847
0.506456 0.194791 -0.839975
0.493457 0.189791 -0.848811
0.537762 0.153646 -0.828978
0.542519 0.193757 -0.817393
0.509081 0.15664 -0.846345
0.522669 0.120616 -0.84396
0.43567 0.0396064 -0.899235
0.509902 0 -0.860233
0.519328 0.0399483 -0.853641
0.511239 0.0393261 -0.858538
0.559409 0.0799155 -0.825031
0.557308 0.0796155 -0.82648
0.507334 0.0390257 -0.860865
0.509373 0.0391825 -0.859653
0.494041 0.114009 -0.861931
0.443557 0.147852 -0.883966
0.37665 0.15066 -0.914022
0.466063 0.155354 -0.871006
0.45234 0.164487 -0.876546
0.422532 0.0845064 -0.9024
0.375031 0.0833402 -0.923258
0.386494 0 -0.922292
0.463043 0.0841897 -0.882328
0.48847 0.162823 -0.857255
0.494957 0.0824928 -0.864993
0.423916 0.0423916 -0.904709
0.458529 0.166738 -0.872898
0.497534 0.207306 -0.842309
0.465596 0.211635 -0.85932
0.4936 0.287933 -0.820642
0.448947 0.24488 -0.859349
0.440818 0.240446 -0.864792
0.353284 0.274777 -0.894253
0.353284 0.274777 -0.894253
0.363879 0.242586 -0.899302
0.410502 0.287351 -0.8654
0.411231 0.246739 -0.877501
0.357359 0.23824 -0.90307
0.38954 0.272678 -0.879719
0.382868 0.229721 -0.894785
0.403205 0.201603 -0.892627
0.394095 0.236457 -0.888131
0.445671 0.202578 -0.871975
0.403205 0.201603 -0.892627
0.458529 0.166738 -0.872898
0.479251 0.199688 -0.854659
0.402659 0.0805317 -0.911801
0.444926 0.0808956 -0.891906
0.488956 0.0407463 -0.871356
0.499458 0 -0.866338
0.459224 0.0417477 -0.887339
0.498883 0.0415736 -0.865671
0.500942 0.0417452 -0.864473
0.529669 0.0407438 -0.847225
0.500942 0.0417452 -0.864473
0.538459 0.0828398 -0.83857
0.506823 0.0422353 -0.861015
0.540419 0.0415707 -0.840368
0.498883 0.0415736 -0.865671
0.455276 0.0413887 -0.889388
0.498883 0.0415736 -0.865671
0.496637 0.0413864 -0.866971
0.496637 0.0413864 -0.866971
0.455276 0.0413887 -0.889388
0.455276 0.0413887 -0.889388
0.496637 0.0413864 -0.866971
0.453052 0.0411865 -0.890532
0.446752 0 -0.894658
0.455769 0 -0.890098
0.455769 0 -0.890098
0.496637 0.0413864 -0.866971
0.455276 0.0413887 -0.889388
0.409118 0.0409118 -0.911564
0.398408 0.0796816 -0.913741
0.359973 0.0799939 -0.929527
0.28755 0.0821571 -0.954235
0.205425 0.0821699 -0.975217
0.123299 0 -0.99237
0.0809606 0.0404803 -0.995895
0 0 0
0 0 0
-0.0398409 0.0398409 -0.998411
-0.0768092 0.0384046 -0.996306
-0.0768092 0.0384046 -0.996306
-0.0783557 0.0391779 -0.996155
-0.119904 1.46835e-17 -0.992785
-0.0816157 9.99471e-18 -0.996664
-0.0833153 1.02028e-17 -0.996523
-0.0816157 9.99471e-18 -0.996664
-0.0799361 9.78902e-18 -0.9968
-0.0798564 9.77926e-18 -0.996806
-0.0799361 9.78902e-18 -0.9968
-0.0799361 9.78902e-18 -0.9968
-0.0798719 0.0399359 -0.996005
-0.0782357 0.0391179 -0.996167
-0.0391856 4.79869e-18 -0.999232
0.0383482 0 -0.999264
0.151815 0.113861 -0.981829
0.272989 0.194992 -0.942048
0.347459 0.193033 -0.917612
0.389052 0.233431 -0.89115
0.390879 0.19544 -0.899454
0.394095 0.236457 -0.888131
0.398107 0.199053 -0.895482
0.31896 0.19935 -0.926566
0.313132 0.195707 -0.929326
0.345734 0.192074 -0.918464
0.313132 0.195707 -0.929326
0.334992 0.223328 -0.915372
0.303208 0.227406 -0.925393
0.257148 0.183677 -0.948756
0.263056 0.187897 -0.946307
0.263412 0.150521 -0.952868
0.26402 0.226303 -0.937593
0.267064 0.228912 -0.936096
0.265386 0.227474 -0.936924
0.264399 0.264399 -0.927462
0.264188 0.301929 -0.915993
0.348799 0.271288 -0.897074
0.299642 0.299642 -0.905776
0.310408 0.271607 -0.910976
0.307102 0.268714 -0.912952
0.275986 0.197133 -0.940729
0.267763 0.191259 -0.944311
0.274239 0.195885 -0.9415
0.314421 0.275119 -0.908542
0.315922 0.236941 -0.918723
0.312454 0.273398 -0.90974
0.357359 0.23824 -0.90307
0.274239 0.195885 -0.9415
0.281094 0.200781 -0.938442
0.242771 0.121386 -0.962459
0.323679 0.16184 -0.932223
0.281094 0.200781 -0.938442
0.284426 0.203161 -0.936924
0.279249 0.199464 -0.939273
0.243918 0.203265 -0.948255
0.241309 0.160872 -0.957022
0.315242 0.197026 -0.928333
0.319674 0.119878 -0.939914
0.278095 0.158912 -0.947317
0.35664 0.0792533 -0.930874
0.41167 0.0823341 -0.907606
0.391039 0.0782079 -0.917045
0.419829 0.0839658 -0.903711
0.363474 0.0807721 -0.928096
0.35664 0.0792533 -0.930874
0.35967 0.0399633 -0.932224
0.35664 0.0792533 -0.930874
0.35664 0.0792533 -0.930874
0.35664 0.0792533 -0.930874
0.35664 0.0792533 -0.930874
0.35664 0.0792533 -0.930874
0.358685 0.0797078 -0.930049
0.351977 0.0782172 -0.932735
0.351977 0.0782172 -0.932735
0.39307 0.0786141 -0.916142
0.350455 0.116818 -0.929266
0.358685 0.0797078 -0.930049
0.350044 0.0777875 -0.933498
0.358685 0.0797078 -0.930049
0.351977 0.0782172 -0.932735
0.358685 0.0797078 -0.930049
0.35505 0.11835 -0.927326
0.35664 0.0792533 -0.930874
0.35664 0.0792533 -0.930874
0.387176 0.116153 -0.91466
0.39439 0.118317 -0.911295
0.343675 0.0763723 -0.935978
0.342266 0.114089 -0.932651
0.389585 0.155834 -0.907711
0.350791 0.155907 -0.923384
0.345988 0.192215 -0.918339
0.391921 0.235153 -0.889439
0.38954 0.272678 -0.879719
0.420435 0.26755 -0.866978
0.378053 0.302442 -0.874988
0.455488 0.265702 -0.849666
0.401156 0.240693 -0.883822
0.401156 0.240693 -0.883822
0.401156 0.240693 -0.883822
0.411231 0.246739 -0.877501
0.408433 0.24506 -0.879277
0.403315 0.28232 -0.870421
0.361475 0.240983 -0.900702
0.355079 0.236719 -0.904369
0.320165 0.200103 -0.925988
0.363591 0.282793 -0.887598
0.355079 0.236719 -0.904369
0.327807 0.245855 -0.912194
0.361619 0.241079 -0.900618
0.409028 0.163611 -0.897735
0.408769 0.245261 -0.879065
0.410798 0.205399 -0.888288
0.448496 0.203862 -0.870225
0.451375 0.20517 -0.868427
0.443074 0.201397 -0.87357
0.409198 0.163679 -0.897645
0.360621 0.0801381 -0.929263
0.34886 0.0775244 -0.933963
0.430284 0.11735 -0.895033
0.421688 0.153341 -0.893681
0.388852 0.155541 -0.908076
0.375366 0.11261 -0.920011
0.352258 0.117419 -0.928508
0.351977 0.0782172 -0.932735
0.39498 0.0789959 -0.915287
0.480596 0.0800993 -0.873276
0.388609 0.0388609 -0.920583
0.396079 0.0396079 -0.917362
0.43567 0.0396064 -0.899235
0.425453 0.0386775 -0.904154
0.442852 0.0805185 -0.892972
0.442852 0.0805185 -0.892972
0.434413 0.0789841 -0.897244
0.43637 0.07934 -0.896262
0.432315 0.0786026 -0.89829
0.430284 0.11735 -0.895033
0.471469 0.117867 -0.87397
0.434273 0.118438 -0.892961
0.430284 0.11735 -0.895033
0.393172 0.117952 -0.911868
0.426162 0.116226 -0.89715
0.393172 0.117952 -0.911868
0.393172 0.117952 -0.911868
0.432348 0.117913 -0.893964
0.432315 0.0786026 -0.89829
0.44063 0.0801146 -0.894107
0.39307 0.0786141 -0.916142
0.432348 0.117913 -0.893964
0.469222 0.117306 -0.875254
0.504512 0.155234 -0.849335
0.459744 0.153248 -0.874729
0.422389 0.115197 -0.899065
0.436139 0.118947 -0.891983
0.436139 0.118947 -0.891983
0.459856 0.191607 -0.867075
0.452977 0.226489 -0.862273
0.460871 0.230436 -0.857028
0.507191 0.234088 -0.829434
0.508407 0.156433 -0.846788
0.474065 0.197527 -0.858047
0.48277 0.201154 -0.852332
0.469004 0.234502 -0.851496
0.427258 0.194208 -0.883025
0.440348 0.200158 -0.875232
0.437498 0.198863 -0.876954
0.394095 0.236457 -0.888131
0.361475 0.240983 -0.900702
0.430565 0.234853 -0.871469
0.408566 0.285996 -0.866764
0.388749 0.194374 -0.900607
0.438316 0.239082 -0.86644
0.52225 0.200865 -0.828799
0.445671 0.202578 -0.871975
0.432939 0.236148 -0.869941
0.479251 0.199688 -0.854659
0.490745 0.204477 -0.84697
0.439825 0.199921 -0.875549
0.473997 0.236998 -0.848032
0.490745 0.204477 -0.84697
0.476276 0.238138 -0.846435
0.490745 0.204477 -0.84697
0.472794 0.196997 -0.85887
0.513874 0.158115 -0.843169
0.51637 0.158883 -0.841497
0.477065 0.159022 -0.864362
0.424342 0.11573 -0.898076
0.471534 0.078589 -0.878339
0.473565 0.118391 -0.872766
0.515505 0.0793084 -0.853209
0.46697 0.0778283 -0.880841
0.473565 0.118391 -0.872766
0.434413 0.0789841 -0.897244
0.426277 0.0775049 -0.901266
0.430082 0.0781968 -0.899397
0.467887 0.0389906 -0.882928
0.391039 0.0782079 -0.917045
0.500061 0.192331 -0.844363
0.49 0.226154 -0.841876
0.498471 0.230064 -0.835821
0.45783 0.267068 -0.847978
0.45783 0.267068 -0.847978
0.465752 0.271689 -0.842176
0.463292 0.270254 -0.843992
0.469004 0.234502 -0.851496
0.468158 0.195066 -0.861845
0.509941 0.235357 -0.827386
0.457486 0.228743 -0.859292
0.451814 0.188256 -0.872023
0.445314 0.222657 -0.867248
0.439973 0.219987 -0.870649
0.435369 0.253965 -0.863687
0.492489 0.227302 -0.840112
0.500061 0.192331 -0.844363
0.497698 0.153138 -0.853725
0.501107 0.11564 -0.857624
0.493775 0.113948 -0.862092
0.49933 0.15364 -0.85268
0.501994 0.15446 -0.850967
0.495456 0.152448 -0.855151
0.457666 0.152555 -0.875939
0.462124 0.192552 -0.865659
0.477065 0.159022 -0.864362
0.495627 0.165209 -0.852678
0.518699 0.1596 -0.839928
0.518699 0.1596 -0.839928
0.51637 0.158883 -0.841497
0.48847 0.162823 -0.857255
0.509081 0.15664 -0.846345
0.544622 0.194508 -0.815814
0.51637 0.158883 -0.841497
0.544622 0.194508 -0.815814
0.558002 0.159429 -0.814381
0.577771 0.154072 -0.801525
0.586389 0.195463 -0.786093
0.586389 0.195463 -0.786093
0.551888 0.157682 -0.818875
0.551888 0.157682 -0.818875
0.527224 0.188294 -0.828601
0.527224 0.188294 -0.828601
0.53838 0.192279 -0.820473
0.501982 0.19307 -0.843053
0.53249 0.22821 -0.815092
0.55261 0.257885 -0.792539
0.574151 0.191384 -0.796067
0.560313 0.261479 -0.785925
0.558545 0.260654 -0.787456
0.553339 0.237145 -0.798485
0.502351 0.193212 -0.842801
0.518699 0.1596 -0.839928
0.542519 0.193757 -0.817393
0.48847 0.162823 -0.857255
0.473565 0.118391 -0.872766
0.512785 0.118335 -0.850322
0.523145 0.0804839 -0.848435
0.520526 0.080081 -0.850082
0.515505 0.0793084 -0.853209
0.480499 0.120125 -0.868729
0.510522 0.117813 -0.851756
0.514878 0.118818 -0.848989
0.495914 0.114442 -0.860797
0.507801 0.0781232 -0.857925
0.475502 0.118876 -0.871646
0.458308 0.0763847 -0.885505
0.509373 0.0391825 -0.859653
0.507801 0.0781232 -0.857925
0.468833 0.0781389 -0.879824
0.509373 0.0391825 -0.859653
0.500061 0.0769325 -0.862566
0.551916 0.118268 -0.82547
0.46697 0.0778283 -0.880841
0.464736 0.116184 -0.877794
0.549893 0.157112 -0.820325
0.503604 0.0774775 -0.860454
0.575572 0.153486 -0.803218
0.586155 0.156308 -0.794978
0.551916 0.118268 -0.82547
0.503248 0.116134 -0.856303
0.486764 0.187217 -0.853235
0.447984 0.18666 -0.874339
0.478158 0.220688 -0.850095
0.47453 0.182511 -0.86111
0.486695 0.149752 -0.860641
0.462793 0.0771322 -0.883104
0.429322 0.0390293 -0.902308
0.420179 0.0763961 -0.90422
0.425453 0.0386775 -0.904154
0.462754 0.115689 -0.878905
0.467779 0.233889 -0.852337
0.447984 0.18666 -0.874339
0.51637 0.158883 -0.841497
0.504485 0.194033 -0.841336
0.518699 0.1596 -0.839928
0.51637 0.158883 -0.841497
0.509081 0.15664 -0.846345
0.509081 0.15664 -0.846345
0.503248 0.116134 -0.856303
0.480499 0.120125 -0.868729
0.46697 0.0778283 -0.880841
0.505785 0.0778131 -0.859143
0.507801 0.0781232 -0.857925
0.514878 0.118818 -0.848989
0.546731 0.0781044 -0.833658
0.507801 0.0781232 -0.857925
0.543806 0.11653 -0.831081
0.512785 0.118335 -0.850322
0.549893 0.157112 -0.820325
0.554162 0.118749 -0.823895
0.512785 0.118335 -0.850322
0.522669 0.120616 -0.84396
0.505785 0.0778131 -0.859143
0.412288 0.112442 -0.904088
0.460069 0.0766782 -0.884566
0.501637 0.0771749 -0.861629
0.511239 0.0393261 -0.858538
0.501547 0.0385805 -0.86427
0.501547 0.0385805 -0.86427
0.468332 0.0390276 -0.88269
0.459582 0.0382985 -0.887309
0.526697 0.0752425 -0.846716
0.461361 0.0384467 -0.886379
0.461795 0 -0.886987
0.501547 0.0385805 -0.86427
0.502047 0 -0.864841
0.500278 0 -0.865865
0.501547 0.0385805 -0.86427
0.385852 0.0385852 -0.921754
0.473496 0.039458 -0.879912
0.508674 0.117386 -0.852919
0.393856 0.118157 -0.911546
0.357113 0.0396792 -0.933218
0.349319 0.0776264 -0.933783
0.349319 0.0776264 -0.933783
0.414911 0.113157 -0.902798
0.444303 0.111076 -0.888964
0.413666 0.112818 -0.903412
0.419928 0.114526 -0.900302
0.37616 0.112848 -0.919657
0.40988 0.149047 -0.89988
0.37616 0.112848 -0.919657
0.383187 0.114956 -0.916489
0.390816 0.0781631 -0.917144
0.434057 0.0394597 -0.900021
0.376446 0.0752891 -0.923374
0.375978 0.0375978 -0.925865
0.394926 0.118478 -0.911041
0.38926 0.077852 -0.917832
0.38926 0.077852 -0.917832
0.419928 0.114526 -0.900302
0.381861 0.114558 -0.917092
0.390307 0.0390307 -0.919857
0.391876 0.0391876 -0.919183
0.431455 0 -0.902134
0.392232 0 -0.919866
0.416702 0.0757641 -0.90588
0.377718 0.0755435 -0.922834
0.432628 0.0393299 -0.900714
0.471938 0.0393281 -0.880754
0.410445 0 -0.911885
0.411174 0.0373795 -0.91079
0.441355 0.0367796 -0.896579
0.366958 0.0733915 -0.927338
0.446442 0.111611 -0.887825
0.43593 0.14531 -0.888172
0.446209 0.0743682 -0.891833
0.453142 0.0755237 -0.888233
0.444906 0.0741511 -0.892502
0.491314 0.11338 -0.863571
0.482399 0.111323 -0.868849
0.43929 0.0732151 -0.895357
0.49001 0.113079 -0.864351
0.492311 0.0757402 -0.867118
0.497627 0.114837 -0.859756
0.402686 0.0366079 -0.914606
0.417792 0.0379811 -0.907749
0.547505 0.117322 -0.828537
0.552347 0.0394534 -0.83268
0.548715 0.0783878 -0.832327
0.615659 0.041044 -0.786943
0.514978 0 -0.857204
0.495054 0.0380811 -0.868027
0.493714 0.037978 -0.868794
0.54392 0 -0.839137
0.457413 0 -0.889255
0.595726 0 -0.803188
0.544672 0.0389052 -0.837746
0.636824 0 -0.771009
0.547339 0 -0.836911
0.547339 0 -0.836911
0.544974 0.0778534 -0.834831
0.551598 0.1182 -0.825693
0.552555 0.118405 -0.825023
0.590592 0.118118 -0.798279
0.545695 0.0779565 -0.83435
0.535359 0.0764799 -0.841155
0.504282 0.116373 -0.855662
0.465693 0.116423 -0.877255
0.505308 0.0777397 -0.85943
0.53544 0.0382457 -0.843707
0.516861 0.0397585 -0.855146
0.514096 0.0790917 -0.854078
0.522934 0.0804514 -0.848568
0.464433 0.0774055 -0.882219
0.457413 0 -0.889255
0.448932 0 -0.893566
0.449956 0 -0.893051
0.449956 0 -0.893051
0.411521 0 -0.9114
0.411521 0 -0.9114
0.496704 0 -0.86792
0.488397 0 -0.872621
0.526289 0.037592 -0.849475
0.48872 0.0375939 -0.87163
0.497705 0 -0.867347
0.506852 0.0389886 -0.861151
0.486601 0.0748617 -0.870411
0.497221 0.0382477 -0.866781
0.458073 0.0381728 -0.888094
0.496224 0.0381711 -0.867355
0.504265 0.0775792 -0.860057
0.505797 0.0389074 -0.861775
0.458496 0 -0.888696
0.458475 0.0764125 -0.885416
0.457725 0.0762875 -0.885815
0.458994 0.0382495 -0.887616
0.505308 0.0777397 -0.85943
0.466912 0.0389094 -0.883447
0.466912 0.0389094 -0.883447
0.458073 0.0381728 -0.888094
0.505797 0.0389074 -0.861775
0.505797 0.0389074 -0.861775
0.505797 0.0389074 -0.861775
0.505308 0.0777397 -0.85943
0.466912 0.0389094 -0.883447
0.498527 0 -0.866874
0.546743 0.0390531 -0.836389
0.537012 0.038358 -0.842702
0.536875 0 -0.843661
0.506852 0.0389886 -0.861151
0.501755 0.11579 -0.857225
0.504265 0.0775792 -0.860057
0.504265 0.0775792 -0.860057
0.49804 0.0383108 -0.866307
0.584505 0.077934 -0.807638
0.544974 0.0778534 -0.834831
0.544974 0.0778534 -0.834831
0.554688 0.0792412 -0.828276
0.582747 0.0776995 -0.808931
0.555666 0.0793809 -0.827607
0.554688 0.0792412 -0.828276
0.514096 0.0790917 -0.854078
0.52431 0.0806631 -0.847698
0.473453 0.0789088 -0.877278
0.474883 0.0395736 -0.879159
0.465769 0.038814 -0.884055
0.464459 0.0387049 -0.884748
0.464903 0 -0.885361
0.379822 0.0379822 -0.924279
0.373132 0 -0.927778
0.371734 0.0371734 -0.927595
0.385852 0.0385852 -0.921754
0.376446 0.0752891 -0.923374
0.371734 0.0371734 -0.927595
0.416702 0.0757641 -0.90588
0.377718 0.0755435 -0.922834
0.377718 0.0755435 -0.922834
0.340806 0.0378673 -0.939371
0.335636 0.149172 -0.930106
0.303204 0.113702 -0.946118
0.255966 0.1097 -0.960441
0.264165 0.113214 -0.95781
0.270291 0.115839 -0.955785
0.307422 0.115283 -0.944564
0.350129 0.155613 -0.923685
0.33789 0.187716 -0.922276
0.332061 0.184478 -0.925042
0.338463 0.150428 -0.928878
0.371375 0.14855 -0.916522
0.315187 0.13508 -0.939367
0.403857 0.183572 -0.896215
0.36108 0.18054 -0.914892
0.379951 0.15198 -0.912436
0.422389 0.115197 -0.899065
0.42959 0.195268 -0.881659
0.377518 0.188759 -0.906559
0.414961 0.188619 -0.890073
0.447137 0.186307 -0.874848
0.410946 0.149435 -0.899329
0.432649 0.216325 -0.875225
0.400391 0.181996 -0.898089
0.432649 0.216325 -0.875225
0.434084 0.144695 -0.889176
0.398496 0.181135 -0.899106
0.359537 0.215722 -0.907853
0.355903 0.213542 -0.909798
0.431208 0.251538 -0.86648
0.4135 0.225546 -0.882126
0.451814 0.188256 -0.872023
0.459856 0.191607 -0.867075
0.495456 0.152448 -0.855151
0.508095 0.117253 -0.853283
0.514978 0.118841 -0.848925
0.505512 0.116657 -0.854897
0.554269 0.118772 -0.82382
0.505512 0.116657 -0.854897
0.504512 0.155234 -0.849335
0.552841 0.157954 -0.818179
0.537797 0.19207 -0.820904
0.530743 0.189551 -0.826064
0.500061 0.192331 -0.844363
0.537797 0.19207 -0.820904
0.500061 0.192331 -0.844363
0.500061 0.192331 -0.844363
0.542822 0.155092 -0.825404
0.500061 0.192331 -0.844363
0.513874 0.158115 -0.843169
0.455452 0.151817 -0.87722
0.453966 0.189153 -0.87071
0.417896 0.227943 -0.879435
0.437629 0.159138 -0.884961
0.35671 0.158538 -0.920665
0.311348 0.155674 -0.937458
0.273817 0.156467 -0.948969
0.275026 0.157158 -0.948505
0.272989 0.194992 -0.942048
0.269929 0.154245 -0.950446
0.271807 0.194148 -0.942564
0.345862 0.230575 -0.909514
0.36051 0.200283 -0.910999
0.394095 0.236457 -0.888131
0.427431 0.233144 -0.873468
0.419919 0.229047 -0.878183
0.460871 0.230436 -0.857028
0.415254 0.264253 -0.87048
0.406379 0.258605 -0.876344
0.411241 0.261699 -0.873152
0.342615 0.22841 -0.911287
0.316282 0.197677 -0.927841
0.37973 0.265811 -0.886087
0.419919 0.229047 -0.878183
0.457486 0.228743 -0.859292
0.417896 0.227943 -0.879435
0.457457 0.190607 -0.868563
0.457457 0.190607 -0.868563
0.503832 0.193782 -0.841785
0.507191 0.234088 -0.829434
0.5129 0.197269 -0.835475
0.468158 0.195066 -0.861845
0.474748 0.158249 -0.865778
0.479251 0.199688 -0.854659
0.472282 0.157427 -0.867275
0.474748 0.158249 -0.865778
0.441372 0.160499 -0.882854
0.47673 0.198638 -0.856313
0.50912 0.195815 -0.838125
0.500061 0.192331 -0.844363
0.473997 0.236998 -0.848032
0.478123 0.119531 -0.870121
0.407502 0.0407502 -0.912295
0.327624 0 -0.944808
0.288347 0.0411924 -0.95664
0.247171 0.0823904 -0.965463
0.163478 0.163478 -0.972908
0.0826149 0.123922 -0.988847
0.0413091 0.123927 -0.991431
-0.0398013 0.0796026 -0.996032
-0.0815647 9.98847e-18 -0.996668
-0.0408078 4.99735e-18 -0.999167
-0.122037 0.0813579 -0.989185
-0.122037 0.0813579 -0.989185
-0.122012 0.0813411 -0.98919
-0.159477 0.0797386 -0.983976
-0.163126 0.0407814 -0.985762
-0.195922 0.0391844 -0.979836
-0.156833 1.92058e-17 -0.987625
-0.195884 0.0391768 -0.979844
-0.195772 0.0391543 -0.979868
-0.195305 0.0781221 -0.977626
-0.23413 0.0780434 -0.969068
-0.195305 0.0781221 -0.977626
-0.195772 0.0391543 -0.979868
-0.203208 0.0812832 -0.975756
-0.195454 0.0781818 -0.977592
-0.0778762 0.116814 -0.990096
0 0 0
0.0781301 0.0781301 -0.993877
0.198981 0.0795926 -0.976766
0.31592 0.11847 -0.94136
0.319472 0.159736 -0.934035
0.352662 0.117554 -0.928337
0.349406 0.155292 -0.924013
0.425116 0.154588 -0.89184
0.427818 0.194463 -0.882698
0.390884 0.23453 -0.890059
0.394787 0.197393 -0.897318
0.394787 0.197393 -0.897318
0.394787 0.197393 -0.897318
0.462124 0.192552 -0.865659
0.444022 0.185009 -0.876708
0.372285 0.186142 -0.909261
0.412307 0.14993 -0.898623
0.412424 0.187465 -0.891495
0.459856 0.191607 -0.867075
0.468158 0.195066 -0.861845
0.513874 0.158115 -0.843169
0.487345 0.121836 -0.864668
0.440646 0.120176 -0.8896
0.400731 0.120219 -0.908274
0.480499 0.120125 -0.868729
0.486184 0.162061 -0.858698
0.446027 0.162192 -0.880201
0.446027 0.162192 -0.880201
0.400731 0.120219 -0.908274
0.351791 0.156351 -0.922929
0.358466 0.159318 -0.919848
0.325119 0.0812798 -0.942174
0.288904 0.123816 -0.949318
0.166578 0.0832889 -0.982504
0.0831705 0.0415853 -0.995667
0 0 0
0.0431833 0.0431833 -0.998133
0.0432237 0 -0.999065
0.0845526 0.0422763 -0.995522
0.126153 0.0420511 -0.991119
0.28755 0.0821571 -0.954235
0.36846 0.08188 -0.926031
0.453481 0.164902 -0.875878
0.454595 0.206634 -0.866398
0.444054 0.201843 -0.872969
0.407675 0.16307 -0.898448
0.321587 0.160794 -0.933128
0.28258 0.161474 -0.945555
0.28258 0.161474 -0.945555
0.358657 0.199254 -0.911956
0.44146 0.160531 -0.882804
0.520852 0.160262 -0.838468
0.502731 0.23203 -0.832721
0.515863 0.198409 -0.833378
0.426717 0.232755 -0.873921
0.437584 0.198902 -0.876903
0.469796 0.234898 -0.850949
0.478401 0.239201 -0.844935
0.455296 0.227648 -0.860745
0.352053 0.195585 -0.915317
0.394073 0.157629 -0.905461
0.427258 0.194208 -0.883025
0.425301 0.231982 -0.874816
0.465615 0.232807 -0.853817
0.425301 0.231982 -0.874816
0.422485 0.268854 -0.865577
0.424408 0.270078 -0.864254
0.452236 0.263804 -0.851992
0.382804 0.267963 -0.884114
0.351086 0.273067 -0.895641
0.374487 0.208049 -0.90359
0.323524 0.242643 -0.91458
0.321766 0.241325 -0.915548
0.372335 0.206853 -0.904753
0.396482 0.277538 -0.875085
0.432939 0.275507 -0.858289
0.380815 0.26657 -0.885393
0.380815 0.26657 -0.885393
0.344977 0.268316 -0.899443
0.38954 0.272678 -0.879719
0.463292 0.270254 -0.843992
0.477381 0.238691 -0.845656
0.48277 0.201154 -0.852332
0.398107 0.199053 -0.895482
0.382868 0.229721 -0.894785
0.404165 0.293938 -0.866171
0.382868 0.229721 -0.894785
0.387245 0.232347 -0.89222
0.348877 0.232585 -0.907849
0.350128 0.194515 -0.916283
0.358586 0.199214 -0.911992
0.396626 0.118988 -0.910236
0.438837 0.159577 -0.884283
0.432454 0.19657 -0.879968
0.342099 0.152044 -0.927282
0.424025 0.192739 -0.884904
0.383886 0.191943 -0.903211
0.427502 0.155455 -0.890548
0.423081 0.153847 -0.892935
0.427502 0.155455 -0.890548
0.433226 0.157537 -0.88741
0.381807 0.152723 -0.911537
0.377987 0.151195 -0.913382
0.379742 0.189871 -0.905398
0.393496 0.196748 -0.898026
0.345988 0.192215 -0.918339
0.303681 0.265721 -0.91497
0.30016 0.26264 -0.917019
0.343174 0.266913 -0.900549
0.385038 0.231023 -0.893518
0.425497 0.270771 -0.863502
0.342928 0.304825 -0.888528
0.415983 0.264716 -0.869991
0.378721 0.265105 -0.88673
0.298548 0.26123 -0.917948
0.30016 0.26264 -0.917019
0.30016 0.26264 -0.917019
0.331708 0.294851 -0.896121
0.398861 0.326341 -0.856978
0.423046 0.230753 -0.876233
0.425497 0.270771 -0.863502
0.35311 0.235407 -0.905482
0.35311 0.235407 -0.905482
0.358586 0.199214 -0.911992
0.398107 0.199053 -0.895482
0.317468 0.119051 -0.940766
0.357066 0.119022 -0.926465
0.317468 0.119051 -0.940766
0.359461 0.159761 -0.919382
0.317468 0.119051 -0.940766
0.396626 0.118988 -0.910236
0.386892 0.154757 -0.909046
0.386892 0.154757 -0.909046
0.398741 0.119622 -0.909228
0.396143 0.158457 -0.904412
0.438462 0.119581 -0.890759
0.438462 0.119581 -0.890759
0.398741 0.119622 -0.909228
0.391292 0.117388 -0.912749
0.388852 0.155541 -0.908076
0.435496 0.158362 -0.886152
0.435496 0.158362 -0.886152
0.435496 0.158362 -0.886152
0.435496 0.158362 -0.886152
0.42959 0.195268 -0.881659
0.417896 0.227943 -0.879435
0.425301 0.231982 -0.874816
0.425301 0.231982 -0.874816
0.427431 0.233144 -0.873468
0.387101 0.232261 -0.892305
0.391519 0.274063 -0.878409
0.351086 0.273067 -0.895641
0.356942 0.237961 -0.903309
0.363585 0.24239 -0.899473
0.396152 0.237691 -0.886886
0.390884 0.23453 -0.890059
0.433844 0.276083 -0.857646
0.429432 0.234236 -0.872194
0.435184 0.237373 -0.868487
0.355079 0.236719 -0.904369
0.35311 0.235407 -0.905482
0.324991 0.203119 -0.923647
0.312314 0.234235 -0.920649
0.335535 0.260971 -0.905158
0.378366 0.22702 -0.897386
0.376305 0.225783 -0.898564
0.29888 0.1868 -0.935829
0.33789 0.187716 -0.922276
0.335535 0.260971 -0.905158
0.372384 0.260669 -0.89072
0.369937 0.221962 -0.902152
0.371897 0.223138 -0.901056
0.33962 0.188678 -0.921444
0.387101 0.232261 -0.892305
0.390879 0.19544 -0.899454
0.385795 0.192898 -0.902193
0.424025 0.192739 -0.884904
0.417896 0.227943 -0.879435
0.394073 0.157629 -0.905461
0.503832 0.193782 -0.841785
0.47157 0.235785 -0.849722
0.468158 0.195066 -0.861845
0.474065 0.197527 -0.858047
0.46563 0.194013 -0.863451
0.469004 0.234502 -0.851496
0.46331 0.231655 -0.855383
0.503558 0.232412 -0.832114
0.42959 0.195268 -0.881659
0.474748 0.158249 -0.865778
0.462124 0.192552 -0.865659
0.470549 0.196062 -0.860316
0.419919 0.229047 -0.878183
0.462124 0.192552 -0.865659
0.42959 0.195268 -0.881659
0.468158 0.195066 -0.861845
0.468158 0.195066 -0.861845
0.470549 0.196062 -0.860316
0.470549 0.196062 -0.860316
0.465615 0.232807 -0.853817
0.473997 0.236998 -0.848032
0.505889 0.272402 -0.818458
0.50912 0.195815 -0.838125
0.550748 0.236035 -0.800602
0.509941 0.235357 -0.827386
0.472794 0.196997 -0.85887
0.457486 0.228743 -0.859292
0.421935 0.191789 -0.886108
0.42959 0.195268 -0.881659
0.455296 0.227648 -0.860745
0.385795 0.192898 -0.902193
0.425988 0.193631 -0.883765
0.387588 0.193794 -0.901232
0.442684 0.120732 -0.888512
0.35334 0.15704 -0.92222
0.324894 0.121835 -0.93787
0.321104 0.080276 -0.943636
0.321104 0.080276 -0.943636
0.322928 0.0807321 -0.942974
0.322078 0.0805194 -0.943283
0.322078 0.0805194 -0.943283
0.355249 0.0789443 -0.931432
0.359544 0.119848 -0.9254
0.356995 0.118998 -0.926495
0.504512 0.155234 -0.849335
0.499787 0.153781 -0.852388
0.453966 0.189153 -0.87071
0.492489 0.227302 -0.840112
0.550748 0.236035 -0.800602
0.421818 0.230082 -0.877002
0.466063 0.155354 -0.871006
0.471469 0.117867 -0.87397
0.475954 0.0793256 -0.875885
0.475954 0.0793256 -0.875885
0.442852 0.0805185 -0.892972
0.426162 0.116226 -0.89715
0.473565 0.118391 -0.872766
0.43637 0.07934 -0.896262
0.46697 0.0778283 -0.880841
0.403832 0.0403832 -0.913941
0.427455 0.0388595 -0.903201
0.402659 0.0805317 -0.911801
0.432315 0.0786026 -0.89829
0.428127 0.0778412 -0.90036
0.46697 0.0778283 -0.880841
0.477927 0.0796545 -0.874781
0.434273 0.118438 -0.892961
0.48684 0.04057 -0.872548
0.48684 0.04057 -0.872548
0.48684 0.04057 -0.872548
0.475954 0.0793256 -0.875885
0.485277 0.0808794 -0.870612
0.487368 0.081228 -0.869411
0.487368 0.081228 -0.869411
0.453811 0.0825111 -0.88727
0.485277 0.0808794 -0.870612
0.482717 0.120679 -0.867422
0.477065 0.159022 -0.864362
0.502351 0.193212 -0.842801
0.502351 0.193212 -0.842801
0.474748 0.158249 -0.865778
0.513874 0.158115 -0.843169
0.490281 0.163427 -0.856105
0.437498 0.198863 -0.876954
0.481129 0.160376 -0.861855
0.483734 0.161245 -0.860233
0.477065 0.159022 -0.864362
0.472794 0.196997 -0.85887
0.474748 0.158249 -0.865778
0.472282 0.157427 -0.867275
0.414523 0.18842 -0.890319
0.411241 0.261699 -0.873152
0.40679 0.258866 -0.876077
0.368036 0.294429 -0.881964
0.374132 0.299305 -0.877748
0.375881 0.300705 -0.876521
0.382097 0.305677 -0.872103
0.342193 0.304172 -0.889035
0.379588 0.303671 -0.873898
0.34092 0.30304 -0.889911
0.346669 0.30815 -0.885925
0.47948 0.319653 -0.817264
0.396329 0.27743 -0.875189
0.382942 0.268059 -0.884025
0.432939 0.236148 -0.869941
0.432939 0.236148 -0.869941
0.391963 0.274374 -0.878114
0.451375 0.20517 -0.868427
0.408433 0.24506 -0.879277
0.459969 0.250892 -0.851752
0.477381 0.238691 -0.845656
0.471316 0.274934 -0.838017
0.430565 0.234853 -0.871469
0.457032 0.304688 -0.835636
0.45783 0.267068 -0.847978
0.427778 0.272222 -0.861917
0.46331 0.231655 -0.855383
0.479251 0.199688 -0.854659
0.432939 0.236148 -0.869941
0.42959 0.195268 -0.881659
0.473997 0.236998 -0.848032
0.472794 0.196997 -0.85887
0.481621 0.200675 -0.853095
0.485875 0.202448 -0.850259
0.476823 0.198676 -0.856252
0.478594 0.199414 -0.855092
0.478594 0.199414 -0.855092
0.480195 0.200081 -0.854038
0.463225 0.231613 -0.85544
0.471659 0.23583 -0.84966
0.464843 0.232421 -0.854343
0.464843 0.232421 -0.854343
0.493034 0.26548 -0.828515
0.461457 0.230728 -0.856634
0.499099 0.230353 -0.835367
0.474887 0.19787 -0.857514
0.538481 0.230778 -0.81042
0.499099 0.230353 -0.835367
0.50804 0.23448 -0.828803
0.50804 0.23448 -0.828803
0.50804 0.23448 -0.828803
0.504485 0.194033 -0.841336
0.552437 0.197299 -0.809868
0.513783 0.197609 -0.834852
0.472794 0.196997 -0.85887
0.472794 0.196997 -0.85887
0.51637 0.158883 -0.841497
0.51254 0.236557 -0.825436
0.513874 0.158115 -0.843169
0.480499 0.120125 -0.868729
0.44063 0.0801146 -0.894107
0.446938 0.121892 -0.886222
0.480596 0.0800993 -0.873276
0.48467 0.121168 -0.866264
0.520749 0.16023 -0.838538
0.520749 0.16023 -0.838538
0.481129 0.160376 -0.861855
0.523555 0.161094 -0.836624
0.446938 0.121892 -0.886222
0.483017 0.0805028 -0.871903
0.469222 0.117306 -0.875254
0.442852 0.0805185 -0.892972
0.442852 0.0805185 -0.892972
0.442852 0.0805185 -0.892972
0.483017 0.0805028 -0.871903
0.483017 0.0805028 -0.871903
0.49221 0.123052 -0.861735
0.412631 0.0825263 -0.907152
0.487366 0 -0.873198
0.499458 0 -0.866338
0.450483 0 -0.892785
0.530281 0 -0.847822
0.45001 0.04091 -0.892086
0.523095 0.0402381 -0.851324
0.442666 0.0402424 -0.895783
0.473496 0.039458 -0.879912
0.481233 0.0401028 -0.875675
0.441151 0.0401047 -0.896536
0.433041 0 -0.901374
0.441151 0.0401047 -0.896536
0.491436 0 -0.870914
0.481233 0.0401028 -0.875675
0.523095 0.0402381 -0.851324
0.512926 0.0394559 -0.857525
0.557308 0.0796155 -0.82648
0.479733 0.0799555 -0.873764
0.490894 0.0409078 -0.870258
0.471938 0.0393281 -0.880754
0.461681 0.0769468 -0.883703
0.462988 0.0385824 -0.885524
0.462988 0.0385824 -0.885524
0.501637 0.0771749 -0.861629
0.537309 0.115138 -0.835489
0.50304 0.0773907 -0.860791
0.464433 0.0774055 -0.882219
0.542929 0.0775612 -0.836189
0.553965 0.0395689 -0.831599
0.474652 0.0791087 -0.876611
0.473453 0.0789088 -0.877278
0.504265 0.0775792 -0.860057
0.505797 0.0389074 -0.861775
0.476096 0.0396746 -0.878498
0.50304 0.0773907 -0.860791
0.474883 0.0395736 -0.879159
0.514429 0.0395715 -0.856619
0.463137 0.0771895 -0.882919
0.501637 0.0771749 -0.861629
0.509646 0.078407 -0.856804
0.503645 0 -0.863911
0.465769 0.038814 -0.884055
0.447369 0.0372807 -0.893572
0.492311 0.0757402 -0.867118
0.453142 0.0755237 -0.888233
0.454519 0.0757531 -0.88751
0.453142 0.0755237 -0.888233
0.451131 0.112783 -0.885303
0.471938 0.0393281 -0.880754
0.444906 0.0741511 -0.892502
0.371734 0.0371734 -0.927595
0.452487 0.113122 -0.884567
0.483847 0.148876 -0.862397
0.480007 0.184618 -0.857618
0.471744 0.18144 -0.862866
0.405419 0.184281 -0.895363
0.437947 0.218973 -0.871925
0.398431 0.181105 -0.899141
0.467481 0.215761 -0.857268
0.330743 0.146997 -0.932202
0.443463 0.0739106 -0.89324
0.476557 0.109975 -0.872238
0.505809 0.108388 -0.855809
0.478638 0.0736365 -0.874919
0.467135 0.143734 -0.872425
0.476557 0.109975 -0.872238
0.435591 0.0725984 -0.897213
0.525896 0.112692 -0.843051
0.538409 0.0769155 -0.839166
0.536534 0.0766477 -0.840391
0.548715 0.0783878 -0.832327
0.550508 0.078644 -0.831118
0.543339 0.0388099 -0.838616
0.527469 0.113029 -0.842022
0.530074 0.0757248 -0.844564
0.483206 0.0371697 -0.874717
0.446054 0.0371712 -0.894234
0.453142 0.0755237 -0.888233
0.444598 0.0370498 -0.894964
0.444598 0.0370498 -0.894964
0.454519 0.0757531 -0.88751
0.468244 0.117061 -0.875811
0.47208 0.07868 -0.878038
0.504265 0.0775792 -0.860057
0.530091 0.113591 -0.840298
0.489326 0.0376404 -0.871288
0.494841 0.114194 -0.861448
0.454479 0.151493 -0.877781
0.505038 0.116547 -0.855192
0.494841 0.114194 -0.861448
0.503623 0.116221 -0.85607
0.542084 0.116161 -0.832257
0.507319 0.078049 -0.858217
0.504754 0.116482 -0.855369
0.495556 0.114359 -0.861015
0.544974 0.0778534 -0.834831
0.541179 0.115967 -0.832873
0.485738 0.112093 -0.866887
0.519441 0.148412 -0.841519
0.532656 0.114141 -0.838599
0.542084 0.116161 -0.832257
0.544974 0.0778534 -0.834831
0.506167 0.0778719 -0.858913
0.544974 0.0778534 -0.834831
0.544974 0.0778534 -0.834831
0.531988 0.113997 -0.839043
0.503623 0.116221 -0.85607
0.532656 0.114141 -0.838599
0.450505 0.0750841 -0.889611
0.439894 0.109974 -0.891291
0.403348 0.110004 -0.908411
0.448534 0.112134 -0.886704
0.403348 0.110004 -0.908411
0.500552 0.115512 -0.857965
0.551888 0.157682 -0.818875
0.490163 0.188524 -0.850999
0.503482 0.154917 -0.850004
0.539829 0.154237 -0.827524
0.505227 0.116591 -0.855074
0.495914 0.114442 -0.860797
0.505785 0.0778131 -0.859143
0.495914 0.114442 -0.860797
0.443557 0.147852 -0.883966
0.475352 0.146262 -0.867553
0.440042 0.11001 -0.891213
0.440042 0.11001 -0.891213
0.468256 0.156085 -0.869697
0.432348 0.117913 -0.893964
0.442684 0.120732 -0.888512
0.434273 0.118438 -0.892961
0.473565 0.118391 -0.872766
0.495914 0.114442 -0.860797
0.414119 0.150589 -0.89768
0.408402 0.14851 -0.90064
0.37665 0.15066 -0.914022
0.405419 0.184281 -0.895363
0.36548 0.109644 -0.924339
0.429978 0.143326 -0.89139
0.436546 0.109136 -0.893038
0.417366 0.15177 -0.895975
0.41264 0.187563 -0.891375
0.443557 0.147852 -0.883966
0.444303 0.111076 -0.888964
0.44193 0.184138 -0.877947
0.491282 0.188955 -0.850257
0.410994 0.186816 -0.892291
0.412637 0.225075 -0.88265
0.423323 0.115452 -0.898593
0.385038 0.231023 -0.893518
0.389635 0.233781 -0.890803
0.37592 0.150368 -0.91437
0.336044 0.149353 -0.929929
0.337904 0.112635 -0.934416
0.343773 0.152788 -0.92654
0.308848 0.115818 -0.944033
0.233642 0.0778805 -0.969199
0.229295 0.0764316 -0.970352
0.232452 0 -0.972608
0.240663 0.0401105 -0.96978
0.314668 0.0393335 -0.948386
0.346055 0.0384506 -0.937426
0.359973 0.0799939 -0.929527
0.365715 0.0812701 -0.927172
0.32372 0.08093 -0.942685
0.316105 0.118539 -0.94129
0.275414 0.118034 -0.954052
0.316105 0.118539 -0.94129
0.284436 0.162535 -0.944817
0.314208 0.157104 -0.936265
0.399905 0.159962 -0.90249
0.400234 0.200117 -0.894296
0.425988 0.193631 -0.883765
0.383914 0.230348 -0.894176
0.472794 0.196997 -0.85887
0.470301 0.156767 -0.86847
0.506456 0.194791 -0.839975
0.503482 0.154917 -0.850004
0.512984 0.157841 -0.843762
0.528747 0.122019 -0.839963
0.527852 0.0812079 -0.845445
0.475954 0.0793256 -0.875885
0.428127 0.0778412 -0.90036
0.394926 0.118478 -0.911041
0.558002 0.159429 -0.814381
0.51637 0.158883 -0.841497
0.524884 0.121127 -0.842511
0.482717 0.120679 -0.867422
0.479226 0.159742 -0.863032
0.434273 0.118438 -0.892961
0.402659 0.0805317 -0.911801
0.396761 0.0793521 -0.914486
0.362442 0.0805428 -0.928519
0.364142 0.0809205 -0.927821
0.394926 0.118478 -0.911041
0.390693 0.156277 -0.907158
0.400731 0.120219 -0.908274
0.360767 0.120256 -0.924871
0.353873 0.196596 -0.914398
0.276899 0.197785 -0.940323
0.27556 0.196828 -0.940917
0.240764 0.200637 -0.94962
0.23947 0.199558 -0.950174
0.28286 0.202043 -0.93764
0.321766 0.241325 -0.915548
0.353284 0.274777 -0.894253
0.305258 0.305258 -0.902018
0.403205 0.201603 -0.892627
0.321766 0.241325 -0.915548
0.348747 0.232498 -0.907921
0.394095 0.236457 -0.888131
0.394095 0.236457 -0.888131
0.40558 0.20279 -0.891281
0.368496 0.163776 -0.915089
0.279249 0.199464 -0.939273
0.23947 0.199558 -0.950174
0.281439 0.160822 -0.946007
0.277658 0.158662 -0.947487
0.353873 0.196596 -0.914398
0.390884 0.23453 -0.890059
0.417083 0.265417 -0.86925
0.429432 0.234236 -0.872194
0.447486 0.244083 -0.860337
0.489354 0.244677 -0.837058
0.456424 0.207466 -0.865237
0.483831 0.201596 -0.851626
0.541369 0.166575 -0.824119
0.485875 0.202448 -0.850259
0.487747 0.203228 -0.849
0.483055 0.161018 -0.860657
0.520852 0.160262 -0.838468
0.528654 0.162663 -0.833106
0.482717 0.120679 -0.867422
0.470301 0.156767 -0.86847
0.468071 0.195029 -0.861901
0.466237 0.194265 -0.863067
0.459542 0.229771 -0.85792
0.451555 0.225778 -0.863205
0.45013 0.262576 -0.853485
0.444443 0.296296 -0.845387
0.440054 0.293369 -0.848697
0.415983 0.264716 -0.869991
0.415983 0.264716 -0.869991
0.453023 0.264263 -0.851431
0.454559 0.303039 -0.837582
0.457993 0.267163 -0.84786
0.474541 0.23727 -0.847652
0.500778 0.26965 -0.822503
0.493781 0.303865 -0.814768
0.493781 0.303865 -0.814768
0.478752 0.331444 -0.812983
0.492433 0.265156 -0.828977
0.492433 0.265156 -0.828977
0.498011 0.26816 -0.824667
0.454559 0.303039 -0.837582
0.399691 0.290685 -0.869338
0.390661 0.319632 -0.863261
0.396765 0.324626 -0.858601
0.468702 0.252378 -0.846536
0.494839 0.228387 -0.838435
0.451555 0.225778 -0.863205
0.495482 0.19057 -0.847455
0.537762 0.153646 -0.828978
0.512984 0.157841 -0.843762
0.526192 0.161905 -0.83481
0.557893 0.159398 -0.814462
0.596971 0.159192 -0.78631
0.52351 0.12081 -0.843411
0.590592 0.118118 -0.798279
0.513381 0.118472 -0.849944
0.474116 0.118529 -0.872448
0.522564 0.120592 -0.844028
0.554688 0.0792412 -0.828276
0.522564 0.120592 -0.844028
0.515202 0.0792618 -0.853396
0.498331 0.153333 -0.85332
0.539848 0.192803 -0.819385
0.53838 0.192279 -0.820473
0.546546 0.195195 -0.814362
0.532907 0.190324 -0.824492
0.552437 0.197299 -0.809868
0.497045 0.229405 -0.836851
0.464253 0.193439 -0.864321
0.466237 0.194265 -0.863067
0.387539 0.116262 -0.914493
0.391039 0.0782079 -0.917045
0.469222 0.117306 -0.875254
0 0 0
0 0 0
0 0 0
0 0 0
0 0 0
0 0 0
0 0 0
0 0 0
0 0 0
0 0 0
0 0 0
0 0 0
0 0 0
0 0 0
0 0 0
0 0 0
0 0 0
0 0 0
0 0 0
0 0 0
0 0 0
0 0 0
0 0 0
0 0 0
0 0 0
0 0 0
0 0 0
0 0 0
0 0 0
0 0 0
0 0 0
0 0 0
0 0 0
0 0 0
0 0 0
0 0 0
0 0 0
0 0 0
0 0 0
0 0 0
0 0 0
0 0 0
0 0 0
0 0 0
0 0 0
0 0 0
0 0 0
0 0 0
0 0 0
0 0 0
0 0 0
0 0 0
0 0 0
0 0 0
0 0 0
0 0 0
0 0 0
0 0 0
0 0 0
0 0 0
0 0 0
0 0 0
0 0 0
0 0 0
0 0 0
0 0 0
0 0 0
0 0 0
0 0 0
0 0 0
0 0 0
0 0 0
0 0 0
0 0 0
0 0 0
0 0 0
0 0 0
0 0 0
0 0 0
0 0 0
0 0 0
0 0 0
0 0 0
0 0 0
0 0 0
0 0 0
0 0 0
0 0 0
0 0 0
0 0 0
0 0 0
0 0 0
0 0 0
0 0 0
0 0 0
0 0 0
0 0 0
0 0 0
0 0 0
0 0 0
0 0 0
0 0 0
0 0 0
0 0 0
0 0 0
0 0 0
0 0 0
0 0 0
0 0 0
0 0 0
0 0 0
0 0 0
0 0 0
0 0 0
0 0 0
0 0 0
0 0 0
0 0 0
0 0 0
0 0 0
0 0 0
0 0 0
0 0 0
0 0 0
0 0 0
0 0 0
0 0 0
0 0 0
0 0 0
0 0 0
0 0 0
0 0 0
0 0 0
0 0 0
0 0 0
0 0 0
0 0 0
0 0 0
0 0 0
0 0 0
0 0 0
0 0 0
0 0 0
0 0 0
0 0 0
0 0 0
0 0 0
0 0 0
0 0 0
0 0 0
0 0 0
0 0 0
0 0 0
0 0 0
0 0 0
0 0 0
0 0 0
0 0 0
0 0 0
0 0 0
0 0 0
0 0 0
0 0 0
0 0 0
0 0 0
0 0 0
0 0 0
0 0 0
0 0 0
0 0 0
0 0 0
0 0 0
0 0 0
0 0 0
0 0 0
0 0 0
0 0 0
0 0 0
0 0 0
0 0 0
0 0 0
0 0 0
0 0 0
0 0 0
0 0 0
0 0 0
0 0 0
0 0 0
0 0 0
0 0 0
0 0 0
0 0 0
0 0 0
0 0 0
0 0 0
0 0 0
0 0 0
0 0 0
0 0 0
0 0 0
0 0 0
0 0 0
0 0 0
0 0 0
0 0 0
0 0 0
0 0 0
0 0 0
0 0 0
0 0 0
0 0 0
0 0 0
0 0 0
0 0 0
0 0 0
0 0 0
0 0 0
0 0 0
0 0 0
0 0 0
0 0 0
0 0 0
0 0 0
0 0 0
0 0 0
0 0 0
0 0 0
0 0 0
0 0 0
0 0 0
0 0 0
0 0 0
0 0 0
0 0 0
0 0 0
0 0 0
0 0 0
0 0 0
0 0 0
0 0 0
0 0 0
0 0 0
0 0 0
0 0 0
0 0 0
0 0 0
0 0 0
0 0 0
0 0 0
0 0 0
0 0 0
0 0 0
0 0 0
0 0 0
0 0 0
0 0 0
0 0 0
0 0 0
0 0 0
0 0 0
0 0 0
0 0 0
0 0 0
0 0 0
0 0 0
0 0 0
0 0 0
0 0 0
0 0 0
0 0 0
0 0 0
0 0 0
0 0 0
0 0 0
0 0 0
0 0 0
0 0 0
0 0 0
0 0 0
0 0 0
0 0 0
0 0 0
0 0 0
0 0 0
0 0 0
0 0 0
0 0 0
0 0 0
0 0 0
0 0 0
0 0 0
0 0 0
0 0 0
0 0 0
0 0 0
0 0 0
0 0 0
0 0 0
0 0 0
0 0 0
0 0 0
0 0 0
0 0 0
0 0 0
0 0 0
0 0 0
0 0 0
0 0 0
0 0 0
0 0 0
0 0 0
0 0 0
0 0 0
0 0 0
0 0 0
0 0 0
0 0 0
0 0 0
0 0 0
0 0 0
0 0 0
0 0 0
0 0 0
0 0 0
0 0 0
0 0 0
0 0 0
0 0 0
0 0 0
0 0 0
0 0 0
0 0 0
0 0 0
0 0 0
0 0 0
0 0 0
0 0 0
0 0 0
0 0 0
0 0 0
0 0 0
0 0 0
0 0 0
0 0 0
0 0 0
0 0 0
0 0 0
0 0 0
0 0 0
0 0 0
0 0 0
0 0 0
0 0 0
0 0 0
0 0 0
0 0 0
0 0 0
0 0 0
0 0 0
0 0 0
0 0 0
0 0 0
0 0 0
0 0 0
0 0 0
0 0 0
0 0 0
0 0 0
0 0 0
0 0 0
0 0 0
0 0 0
0 0 0
0 0 0
0 0 0
0 0 0
0 0 0
0 0 0
0 0 0
0 0 0
0 0 0
0 0 0
0 0 0
0 0 0
0 0 0
0 0 0
0 0 0
0 0 0
0 0 0
0 0 0
0 0 0
0 0 0
0 0 0
0 0 0
0 0 0
0 0 0
0 0 0
0 0 0
0 0 0
0 0 0
0 0 0
0 0 0
0 0 0
0 0 0
0 0 0
0 0 0
0 0 0
0 0 0
0 0 0
0 0 0
0 0 0
0 0 0
0 0 0
0 0 0
0 0 0
0 0 0
0 0 0
0 0 0
0 0 0
0 0 0
0 0 0
0 0 0
0 0 0
0 0 0
0 0 0
0 0 0
0 0 0
0 0 0
0 0 0
0 0 0
0 0 0
0 0 0
0 0 0
0 0 0
0 0 0
0 0 0
0 0 0
0 0 0
0 0 0
0 0 0
0 0 0
0 0 0
0 0 0
0 0 0
0 0 0
0 0 0
0 0 0
