-0.363542 4.45196e-17 -0.931578
-0.408585 0.0453983 -0.911591
-0.454545 5.56639e-17 -0.890724
-0.409091 5.00975e-17 -0.912494
-0.409091 5.00975e-17 -0.912494
-0.409091 5.00975e-17 -0.912494
-0.409091 5.00975e-17 -0.912494
-0.409091 5.00975e-17 -0.912494
-0.409091 5.00975e-17 -0.912494
-0.454545 5.56639e-17 -0.890724
-0.454545 5.56639e-17 -0.890724
-0.454545 5.56639e-17 -0.890724
-0.408479 0.0453866 -0.911638
-0.464991 5.6943e-17 -0.885316
-0.465116 5.69584e-17 -0.88525
-0.408585 0.0453983 -0.911591
-0.408479 0.0453866 -0.911638
-0.408585 0.0453983 -0.911591
-0.408479 0.0453866 -0.911638
-0.355067 0.0443834 -0.933787
-0.444444 5.44269e-17 -0.895806
-0.444335 5.44135e-17 -0.895861
-0.444335 5.44135e-17 -0.895861
-0.4 4.89843e-17 -0.916515
-0.390501 0.043389 -0.91958
-0.399901 4.89722e-17 -0.916558
-0.355468 4.35308e-17 -0.934689
-0.355205 4.34986e-17 -0.934788
-0.355067 0.0443834 -0.933787
-0.434175 0.0434175 -0.899782
-0.399138 0.0443486 -0.915818
-0.443899 0.0443899 -0.894977
-0.399432 0.0443814 -0.915688
-0.399432 0.0443814 -0.915688
-0.399606 4.89359e-17 -0.916687
-0.399606 4.89359e-17 -0.916687
-0.399606 4.89359e-17 -0.916687
-0.399606 4.89359e-17 -0.916687
-0.444335 5.44135e-17 -0.895861
-0.399901 4.89722e-17 -0.916558
-0.399901 4.89722e-17 -0.916558
-0.399901 4.89722e-17 -0.916558
-0.399606 4.89359e-17 -0.916687
-0.399606 4.89359e-17 -0.916687
-0.399901 4.89722e-17 -0.916558
-0.399901 4.89722e-17 -0.916558
-0.399901 4.89722e-17 -0.916558
-0.399901 4.89722e-17 -0.916558
-0.454428 5.56496e-17 -0.890783
-0.444444 5.44269e-17 -0.895806
-0.399901 4.89722e-17 -0.916558
-0.399901 4.89722e-17 -0.916558
-0.408985 5.00846e-17 -0.912541
-0.409091 5.00975e-17 -0.912494
-0.408479 0.0453866 -0.911638
-0.418605 5.12626e-17 -0.908169
-0.408585 0.0453983 -0.911591
-0.408985 5.00846e-17 -0.912541
-0.409091 5.00975e-17 -0.912494
-0.454545 5.56639e-17 -0.890724
-0.454545 5.56639e-17 -0.890724
-0.454545 5.56639e-17 -0.890724
-0.454545 5.56639e-17 -0.890724
-0.465116 5.69584e-17 -0.88525
-0.418491 5.12487e-17 -0.908221
-0.465116 5.69584e-17 -0.88525
-0.408985 5.00846e-17 -0.912541
-0.408985 5.00846e-17 -0.912541
-0.454545 5.56639e-17 -0.890724
-0.454545 5.56639e-17 -0.890724
-0.465116 5.69584e-17 -0.88525
-0.454545 5.56639e-17 -0.890724
-0.418491 5.12487e-17 -0.908221
-0.371992 4.55544e-17 -0.928236
-0.408985 5.00846e-17 -0.912541
-0.408985 5.00846e-17 -0.912541
-0.408479 0.0453866 -0.911638
-0.408479 0.0453866 -0.911638
-0.408479 0.0453866 -0.911638
-0.453955 0.0453955 -0.889867
-0.408164 0.0453516 -0.911781
-0.399432 0.0443814 -0.915688
-0.399901 4.89722e-17 -0.916558
-0.453955 0.0453955 -0.889867
-0.399531 0.0443923 -0.915644
-0.432774 0.0865548 -0.897338
-0.355067 0.0443834 -0.933787
-0.347126 0.0433907 -0.936814
-0.347126 0.0433907 -0.936814
-0.347126 0.0433907 -0.936814
-0.347126 0.0433907 -0.936814
-0.389572 0.0865715 -0.916918
-0.389481 0.0865513 -0.916959
-0.389481 0.0865513 -0.916959
-0.346018 0.0865044 -0.934232
-0.399432 0.0443814 -0.915688
-0.38128 0.084729 -0.920568
-0.34626 0.0865651 -0.934136
-0.38128 0.084729 -0.920568
-0.38128 0.084729 -0.920568
-0.38128 0.084729 -0.920568
-0.371567 0.123856 -0.920107
-0.421378 0.126413 -0.898032
-0.401746 0.160698 -0.901541
-0.436139 0.118947 -0.891983
-0.436139 0.118947 -0.891983
-0.436139 0.118947 -0.891983
-0.396626 0.118988 -0.910236
-0.396548 0.118964 -0.910273
-0.436139 0.118947 -0.891983
-0.404553 0.121366 -0.906426
-0.364138 0.121379 -0.923402
-0.365866 0.0813036 -0.927109
-0.366689 0.0407432 -0.929451
-0.333044 4.07848e-17 -0.942911
-0.339388 0.0424236 -0.939689
-0.332936 0.041617 -0.94203
-0.325253 0.0813134 -0.942124
-0.365866 0.0813036 -0.927109
-0.326159 0.0407699 -0.944435
-0.325253 0.0813134 -0.942124
-0.374622 0.0416247 -0.926243
-0.332936 0.041617 -0.94203
-0.358401 0.0796447 -0.930164
-0.358401 0.0796447 -0.930164
-0.351441 0.078098 -0.932947
-0.305402 0.114526 -0.945311
-0.303703 0.151852 -0.940588
-0.303539 0.15177 -0.940654
-0.341362 0.151717 -0.927606
-0.343508 0.114503 -0.932143
-0.303703 0.151852 -0.940588
-0.341546 0.151798 -0.927526
-0.341546 0.151798 -0.927526
-0.347843 0.154597 -0.924719
-0.306764 0.191728 -0.932275
-0.345417 0.191898 -0.91862
-0.307214 0.192009 -0.932069
-0.315301 0.157651 -0.935805
-0.354567 0.157585 -0.921656
-0.350124 0.116708 -0.929404
-0.354841 0.157707 -0.921529
-0.348037 0.154683 -0.924632
-0.354567 0.157585 -0.921656
-0.393997 0.157599 -0.905499
-0.321523 0.160761 -0.933155
-0.395928 0.118778 -0.910567
-0.397717 0.198858 -0.895699
-0.358047 0.0795659 -0.930307
-0.311113 0.116668 -0.943185
-0.349596 0.116532 -0.929625
-0.317219 0.118957 -0.940862
-0.349596 0.116532 -0.929625
-0.318613 0.0796533 -0.944532
-0.356785 0.118928 -0.926585
-0.321523 0.160761 -0.933155
-0.311113 0.116668 -0.943185
-0.317219 0.118957 -0.940862
-0.363915 0.121305 -0.923499
-0.318613 0.0796533 -0.944532
-0.323565 0.121337 -0.938394
-0.358614 0.079692 -0.930078
-0.361549 0.160688 -0.918402
-0.364138 0.121379 -0.923402
-0.363915 0.121305 -0.923499
-0.41271 0.123813 -0.902408
-0.371331 0.123777 -0.920213
-0.370937 0.123646 -0.92039
-0.375937 0.167083 -0.911458
-0.336147 0.126055 -0.933335
-0.343249 0.128718 -0.930383
-0.336147 0.126055 -0.933335
-0.330903 0.0827258 -0.940032
-0.322187 0.12082 -0.938934
-0.322187 0.12082 -0.938934
-0.317859 0.0794647 -0.944802
-0.312126 0.0780315 -0.946831
-0.359025 0.0398917 -0.932475
-0.398904 0.0398904 -0.916125
-0.35267 4.31882e-17 -0.935748
-0.351861 4.30891e-17 -0.936052
-0.312765 3.83014e-17 -0.949831
-0.351554 0.0390616 -0.935352
-0.3125 0.0390626 -0.949114
-0.344847 0.0383163 -0.937877
-0.352024 0.0391138 -0.935173
-0.3125 0.0390626 -0.949114
-0.352024 0.0391138 -0.935173
-0.352024 0.0391138 -0.935173
-0.359383 0.0399314 -0.932335
-0.352024 0.0391138 -0.935173
-0.351107 0.0780237 -0.933079
-0.358047 0.0795659 -0.930307
-0.313218 0.0391523 -0.948874
-0.358047 0.0795659 -0.930307
-0.358047 0.0795659 -0.930307
-0.351107 0.0780237 -0.933079
-0.397778 0.0795556 -0.914026
-0.358401 0.0796447 -0.930164
-0.312423 0.0781058 -0.946727
-0.358614 0.079692 -0.930078
-0.352024 0.0391138 -0.935173
-0.345608 0.0384009 -0.937593
-0.345898 4.23589e-17 -0.938272
-0.376755 4.61377e-17 -0.926313
-0.326171 0.0362412 -0.944616
-0.36187 0.036187 -0.931526
-0.336402 0.074756 -0.938747
-0.297241 0.111465 -0.948274
-0.339641 0.113214 -0.933717
-0.273517 0.117222 -0.954698
-0.3096 0.1548 -0.938182
-0.315242 0.197026 -0.928333
-0.355447 0.19747 -0.913599
-0.428068 0.233492 -0.873063
-0.420372 0.229294 -0.877902
-0.420372 0.229294 -0.877902
-0.430321 0.234721 -0.871625
-0.391698 0.235019 -0.889572
-0.352395 0.15662 -0.922653
-0.352395 0.15662 -0.922653
-0.344967 0.153318 -0.926008
-0.31581 0.0789526 -0.945532
-0.399375 0.119812 -0.908925
-0.354217 0.0787149 -0.931845
-0.355249 0.0789443 -0.931432
-0.352662 0.117554 -0.928337
-0.359544 0.119848 -0.9254
-0.399375 0.119812 -0.908925
-0.396763 0.158705 -0.904097
-0.351523 0.156233 -0.923051
-0.31259 0.156295 -0.936941
-0.353137 0.15695 -0.922313
-0.347069 0.154253 -0.925067
-0.340631 0.151391 -0.927929
-0.378323 0.151329 -0.91322
-0.378796 0.151518 -0.912993
-0.344429 0.0765397 -0.935687
-0.382657 0.0765314 -0.920715
-0.382657 0.0765314 -0.920715
-0.384211 0.0384211 -0.922445
-0.377291 4.62033e-17 -0.926095
-0.414664 0.0376967 -0.909193
-0.383008 0.0766015 -0.920564
-0.383218 0.0766436 -0.920472
-0.338296 0.075177 -0.938032
-0.352361 0.0391513 -0.935045
-0.390443 0.0780887 -0.917309
-0.390072 0.0780145 -0.917473
-0.359383 0.0399314 -0.932335
-0.359383 0.0399314 -0.932335
-0.359383 0.0399314 -0.932335
-0.390443 0.0780887 -0.917309
-0.391501 0.0391501 -0.919345
-0.399301 0.0399301 -0.91595
-0.383999 0.0383999 -0.922535
-0.421996 0.0383633 -0.905786
-0.390443 0.0780887 -0.917309
-0.395387 0.118616 -0.910823
-0.388892 0.0777785 -0.917994
-0.369687 0.123229 -0.920948
-0.328704 0.123264 -0.936355
-0.322187 0.12082 -0.938934
-0.31592 0.11847 -0.94136
-0.346492 0.153996 -0.925326
-0.348548 0.116183 -0.930062
-0.347069 0.154253 -0.925067
-0.340631 0.151391 -0.927929
-0.349136 0.116379 -0.929817
-0.35692 0.0793155 -0.930762
-0.350044 0.0777875 -0.933498
-0.350044 0.0777875 -0.933498
-0.34301 0.114337 -0.932347
-0.312126 0.0780315 -0.946831
-0.388339 0.116502 -0.914123
-0.398171 0.0796343 -0.913848
-0.430224 0.0391113 -0.901875
-0.39954 0.039954 -0.915845
-0.399301 0.0399301 -0.91595
-0.391501 0.0391501 -0.919345
-0.429427 0.0780777 -0.89972
-0.352361 0.0391513 -0.935045
-0.359712 4.40506e-17 -0.933063
-0.39968 4.89451e-17 -0.916655
-0.391126 0.0391126 -0.919505
-0.4074 4.98905e-17 -0.91325
-0.359712 4.40506e-17 -0.933063
-0.359383 0.0399314 -0.932335
-0.367041 4.49481e-17 -0.930205
-0.359383 0.0399314 -0.932335
-0.392081 4.80145e-17 -0.91993
-0.39954 0.039954 -0.915845
-0.359383 0.0399314 -0.932335
-0.392081 4.80145e-17 -0.91993
-0.352361 0.0391513 -0.935045
-0.352564 0.0391738 -0.934967
-0.352564 0.0391738 -0.934967
-0.39992 4.89745e-17 -0.91655
-0.39968 4.89451e-17 -0.916655
-0.391726 0.0391726 -0.919248
-0.392157 4.80238e-17 -0.919898
-0.39954 0.039954 -0.915845
-0.359928 4.4077e-17 -0.93298
-0.359598 0.0399553 -0.932252
-0.391726 0.0391726 -0.919248
-0.420869 0.0765217 -0.903888
-0.420869 0.0765217 -0.903888
-0.349319 0.0776264 -0.933783
-0.388087 0.0776174 -0.918348
-0.348468 0.0774372 -0.934117
-0.388892 0.0777785 -0.917994
-0.350044 0.0777875 -0.933498
-0.391126 0.0391126 -0.919505
-0.429649 0.039059 -0.902151
-0.383999 0.0383999 -0.922535
-0.35267 4.31882e-17 -0.935748
-0.352024 0.0391138 -0.935173
-0.358047 0.0795659 -0.930307
-0.358047 0.0795659 -0.930307
-0.391501 0.0391501 -0.919345
-0.359383 0.0399314 -0.932335
-0.358401 0.0796447 -0.930164
-0.352361 0.0391513 -0.935045
-0.351642 0.0781426 -0.932867
-0.351441 0.078098 -0.932947
-0.3458 0.0384222 -0.937521
-0.34609 4.23824e-17 -0.938201
-0.307215 0.0384018 -0.950865
-0.351642 0.0781426 -0.932867
-0.318613 0.0796533 -0.944532
-0.312602 0.0781505 -0.946664
-0.357066 0.119022 -0.926465
-0.317468 0.119051 -0.940766
-0.357066 0.119022 -0.926465
-0.312661 0.0781654 -0.946643
-0.357066 0.119022 -0.926465
-0.318866 0.0797165 -0.944441
-0.358685 0.0797078 -0.930049
-0.391726 0.0391726 -0.919248
-0.391801 0.0391801 -0.919215
-0.352564 0.0391738 -0.934967
-0.34609 4.23824e-17 -0.938201
-0.377046 0.0377046 -0.925427
-0.33935 0.0377055 -0.939904
-0.301436 0.0376796 -0.952741
-0.262168 0.112358 -0.958459
-0.220645 0.110322 -0.969095
-0.224745 0.112372 -0.967917
-0.26316 0.0751886 -0.961818
-0.267127 0.114483 -0.956837
-0.343321 0.11444 -0.93222
-0.390667 0.0781333 -0.91721
-0.430966 0.0391787 -0.901517
-0.479407 0.0399505 -0.876683
-0.439648 5.38396e-17 -0.89817
-0.439477 0.0399524 -0.897365
-0.430883 0.0391712 -0.901557
-0.399301 0.0399301 -0.91595
-0.391726 0.0391726 -0.919248
-0.39992 4.89745e-17 -0.91655
-0.39992 4.89745e-17 -0.91655
-0.39968 4.89451e-17 -0.916655
-0.359383 0.0399314 -0.932335
-0.359598 0.0399553 -0.932252
-0.319936 3.91796e-17 -0.947439
-0.352632 0.0391813 -0.934942
-0.391501 0.0391501 -0.919345
-0.391726 0.0391726 -0.919248
-0.4 4.89843e-17 -0.916515
-0.407756 0.0407756 -0.91218
-0.407756 0.0407756 -0.91218
-0.406544 0.0813087 -0.910006
-0.39962 0.039962 -0.91581
-0.439214 0.0399285 -0.897495
-0.422696 0.0384269 -0.905456
-0.407671 0.0407671 -0.912218
-0.39962 0.039962 -0.91581
-0.39992 4.89745e-17 -0.91655
-0.407671 0.0407671 -0.912218
-0.367041 4.49481e-17 -0.930205
-0.367041 4.49481e-17 -0.930205
-0.398904 0.0398904 -0.916125
-0.438777 0.0398888 -0.89771
-0.351554 0.0390616 -0.935352
-0.391126 0.0391126 -0.919505
-0.351554 0.0390616 -0.935352
-0.391126 0.0391126 -0.919505
-0.391126 0.0391126 -0.919505
-0.352332 4.31468e-17 -0.935875
-0.352024 0.0391138 -0.935173
-0.351441 0.078098 -0.932947
-0.344744 0.0766098 -0.935565
-0.382657 0.0765314 -0.920715
-0.398904 0.0398904 -0.916125
-0.399301 0.0399301 -0.91595
-0.352361 0.0391513 -0.935045
-0.399301 0.0399301 -0.91595
-0.39968 4.89451e-17 -0.916655
-0.439477 0.0399524 -0.897365
-0.407418 0.0407418 -0.912333
-0.39968 4.89451e-17 -0.916655
-0.406996 0.0406996 -0.912523
-0.398904 0.0398904 -0.916125
-0.366309 0.040701 -0.929603
-0.406996 0.0406996 -0.912523
-0.406996 0.0406996 -0.912523
-0.359025 0.0398917 -0.932475
-0.36578 0.0406422 -0.929814
-0.36578 0.0406422 -0.929814
-0.365102 0.0405669 -0.930083
-0.358527 0.0398363 -0.932669
-0.39835 0.039835 -0.916368
-0.398904 0.0398904 -0.916125
-0.399301 0.0399301 -0.91595
-0.399301 0.0399301 -0.91595
-0.407418 0.0407418 -0.912333
-0.456942 0.0415402 -0.888526
-0.407824 4.99423e-17 -0.913061
-0.407671 0.0407671 -0.912218
-0.41614 0.041614 -0.908348
-0.457732 0.041612 -0.888116
-0.416305 5.0981e-17 -0.909225
-0.415855 5.09259e-17 -0.909431
-0.407824 4.99423e-17 -0.913061
-0.407824 4.99423e-17 -0.913061
-0.359383 0.0399314 -0.932335
-0.36727 4.49762e-17 -0.930114
-0.39992 4.89745e-17 -0.91655
-0.359598 0.0399553 -0.932252
-0.39962 0.039962 -0.91581
-0.39954 0.039954 -0.915845
-0.44 5.38827e-17 -0.897998
-0.448512 0.0407738 -0.892846
-0.407671 0.0407671 -0.912218
-0.4 4.89843e-17 -0.916515
-0.39992 4.89745e-17 -0.91655
-0.439912 5.38719e-17 -0.898041
-0.44 5.38827e-17 -0.897998
-0.39992 4.89745e-17 -0.91655
-0.439912 5.38719e-17 -0.898041
-0.407756 0.0407756 -0.91218
-0.39954 0.039954 -0.915845
-0.439477 0.0399524 -0.897365
-0.399301 0.0399301 -0.91595
-0.406209 0.0812417 -0.910162
-0.444029 0.121099 -0.887791
-0.40324 0.120972 -0.907063
-0.478095 0.159365 -0.863729
-0.479132 0.159711 -0.863091
-0.438578 0.159483 -0.884429
-0.438578 0.159483 -0.884429
-0.448225 0.162991 -0.878936
-0.407759 0.163104 -0.898404
-0.327167 0.163583 -0.9307
-0.367882 0.163503 -0.915385
-0.453736 0.206244 -0.866941
-0.449058 0.163294 -0.878455
-0.489473 0.163158 -0.856618
-0.530495 0.163229 -0.831824
-0.494488 0.123622 -0.860348
-0.481129 0.160376 -0.861855
-0.441372 0.160499 -0.882854
-0.453026 0.123553 -0.882894
-0.455457 0.0828104 -0.886398
-0.44448 0.121222 -0.887549
-0.437921 0.079622 -0.895481
-0.436054 0.118924 -0.892028
-0.475502 0.118876 -0.871646
-0.475224 0.118806 -0.871807
-0.475502 0.118876 -0.871646
-0.436054 0.118924 -0.892028
-0.390667 0.0781333 -0.91721
-0.427684 0.116641 -0.896371
-0.408893 0.148688 -0.900388
-0.448534 0.112134 -0.886704
-0.334825 0.148811 -0.930456
-0.378796 0.151518 -0.912993
-0.416473 0.151445 -0.896445
-0.386317 0.154527 -0.90933
-0.347519 0.154453 -0.924865
-0.349136 0.116379 -0.929817
-0.317219 0.118957 -0.940862
-0.317406 0.119027 -0.94079
-0.317219 0.118957 -0.940862
-0.323565 0.121337 -0.938394
-0.309311 0.154656 -0.938301
-0.378796 0.151518 -0.912993
-0.38546 0.154184 -0.909752
-0.395387 0.118616 -0.910823
-0.435373 0.118738 -0.892385
-0.390214 0.195107 -0.899814
-0.379443 0.227666 -0.896767
-0.390879 0.19544 -0.899454
-0.421551 0.191614 -0.886329
-0.383536 0.191768 -0.903397
-0.435798 0.118854 -0.892162
-0.44448 0.121222 -0.887549
-0.395928 0.118778 -0.910567
-0.363028 0.121009 -0.923887
-0.324718 0.0811794 -0.942321
-0.325618 0.0407023 -0.944625
-0.365264 0.0811698 -0.927358
-0.406996 0.0406996 -0.912523
-0.366309 0.040701 -0.929603
-0.36578 0.0406422 -0.929814
-0.358047 0.0795659 -0.930307
-0.365264 0.0811698 -0.927358
-0.365264 0.0811698 -0.927358
-0.318298 0.0795746 -0.944645
-0.357552 0.0794561 -0.930507
-0.324718 0.0811794 -0.942321
-0.358047 0.0795659 -0.930307
-0.322776 0.121041 -0.938704
-0.318298 0.0795746 -0.944645
-0.317859 0.0794647 -0.944802
-0.282893 0.12124 -0.951458
-0.317219 0.118957 -0.940862
-0.356785 0.118928 -0.926585
-0.397778 0.0795556 -0.914026
-0.358047 0.0795659 -0.930307
-0.324251 0.0810627 -0.942491
-0.322776 0.121041 -0.938704
-0.278151 0.0794718 -0.957244
-0.317859 0.0794647 -0.944802
-0.310411 0.116404 -0.943448
-0.310411 0.116404 -0.943448
-0.308108 0.154054 -0.938796
-0.308108 0.154054 -0.938796
-0.227573 0.151715 -0.96187
-0.189443 0.151555 -0.970125
-0.227287 0.151525 -0.961967
-0.262871 0.187765 -0.946384
-0.296898 0.148449 -0.9433
-0.294908 0.184317 -0.93758
-0.340631 0.151391 -0.927929
-0.309023 0.154512 -0.938419
-0.270129 0.15436 -0.95037
-0.278151 0.0794718 -0.957244
-0.283747 0.0810707 -0.955466
-0.318132 0.0397665 -0.947212
-0.27277 0.0779343 -0.958918
-0.273444 0.0390634 -0.961095
-0.285219 0.0407455 -0.957596
-0.279534 0.0399335 -0.959305
-0.351107 0.0780237 -0.933079
-0.344744 0.0766098 -0.935565
-0.399301 0.0399301 -0.91595
-0.390072 0.0780145 -0.917473
-0.312126 0.0780315 -0.946831
-0.312126 0.0780315 -0.946831
-0.27277 0.0779343 -0.958918
-0.305236 0.114463 -0.945373
-0.267127 0.114483 -0.956837
-0.299731 0.112399 -0.947379
-0.261618 0.112122 -0.958637
-0.298946 0.112105 -0.947662
-0.298946 0.112105 -0.947662
-0.340631 0.151391 -0.927929
-0.350641 0.0779201 -0.933263
-0.381543 0.0763086 -0.921196
-0.311711 0.0779278 -0.946976
-0.351107 0.0780237 -0.933079
-0.267591 0.0764547 -0.960494
-0.234698 0.0391163 -0.971281
-0.279944 3.42821e-17 -0.960016
-0.352873 4.32131e-17 -0.935671
-0.461106 0.0384255 -0.886513
-0.447029 0.0812781 -0.890819
-0.487268 0.0812113 -0.869468
-0.487568 0.0812614 -0.869295
-0.439214 0.0399285 -0.897495
-0.439477 0.0399524 -0.897365
-0.487568 0.0812614 -0.869295
-0.439477 0.0399524 -0.897365
-0.468388 0.0780646 -0.880068
-0.507319 0.078049 -0.858217
-0.477172 0.0795287 -0.875204
-0.436885 0.0794337 -0.896003
-0.464303 0.116076 -0.878037
-0.386383 0.115915 -0.915026
-0.386383 0.115915 -0.915026
-0.38313 0.153252 -0.910893
-0.422228 0.153537 -0.893392
-0.412137 0.187335 -0.891655
-0.465083 0.116271 -0.877598
-0.474116 0.118529 -0.872448
-0.513381 0.118472 -0.849944
-0.474116 0.118529 -0.872448
-0.461257 0.153752 -0.873843
-0.401616 0.120485 -0.907848
-0.411757 0.0823515 -0.907565
-0.416886 0.125066 -0.900313
-0.418064 0.125419 -0.899718
-0.409679 0.122904 -0.903912
-0.442595 0.120708 -0.88856
-0.43478 0.118576 -0.892696
-0.431156 0.156784 -0.888551
-0.399826 0.15993 -0.902531
-0.367835 0.122612 -0.921772
-0.409679 0.122904 -0.903912
-0.367835 0.122612 -0.921772
-0.358325 0.159256 -0.919914
-0.391362 0.156545 -0.906824
-0.431156 0.156784 -0.888551
-0.398955 0.159582 -0.902978
-0.398955 0.159582 -0.902978
-0.367835 0.122612 -0.921772
-0.370638 0.082364 -0.925118
-0.416 0.1664 -0.894011
-0.419068 0.12572 -0.899209
-0.402507 0.120752 -0.907418
-0.399826 0.15993 -0.902531
-0.401616 0.120485 -0.907848
-0.394696 0.118409 -0.91115
-0.362296 0.0805102 -0.92858
-0.320634 0.120238 -0.939541
-0.36846 0.08188 -0.926031
-0.360622 0.120207 -0.924933
-0.359544 0.119848 -0.9254
-0.36846 0.08188 -0.926031
-0.331437 0.124289 -0.935255
-0.326023 0.0407529 -0.944483
-0.36846 0.08188 -0.926031
-0.366691 0.12223 -0.922278
-0.319674 0.119878 -0.939914
-0.359544 0.119848 -0.9254
-0.327561 0.0818902 -0.941275
-0.320634 0.120238 -0.939541
-0.320634 0.120238 -0.939541
-0.320634 0.120238 -0.939541
-0.319674 0.119878 -0.939914
-0.280614 0.120263 -0.952257
-0.320634 0.120238 -0.939541
-0.320634 0.120238 -0.939541
-0.359248 0.159666 -0.919483
-0.321473 0.120552 -0.939214
-0.361564 0.120521 -0.924525
-0.357552 0.0794561 -0.930507
-0.436113 0.0792933 -0.896391
-0.395387 0.118616 -0.910823
-0.396527 0.0793054 -0.914591
-0.396527 0.0793054 -0.914591
-0.412719 0.0825438 -0.90711
-0.363028 0.121009 -0.923887
-0.364739 0.0810532 -0.927575
-0.405209 0.0810417 -0.910625
-0.405791 0.0811582 -0.910355
-0.397778 0.0795556 -0.914026
-0.437488 0.0795433 -0.895699
-0.42433 0.154302 -0.892264
-0.423782 0.154103 -0.892559
-0.420939 0.191336 -0.88668
-0.409028 0.223106 -0.884827
-0.432478 0.157265 -0.887824
-0.434021 0.118369 -0.893093
-0.393856 0.118157 -0.911546
-0.442595 0.120708 -0.88856
-0.394696 0.118409 -0.91115
-0.393856 0.118157 -0.911546
-0.38482 0.153928 -0.910066
-0.423081 0.153847 -0.892935
-0.37494 0.18747 -0.907896
-0.415291 0.151015 -0.897066
-0.377718 0.151087 -0.913511
-0.387176 0.116153 -0.91466
-0.349136 0.116379 -0.929817
-0.349136 0.116379 -0.929817
-0.389555 0.077911 -0.917702
-0.435373 0.118738 -0.892385
-0.349926 0.116642 -0.929487
-0.31129 0.116734 -0.943118
-0.283182 0.121364 -0.951356
-0.281439 0.160822 -0.946007
-0.325321 0.0813302 -0.9421
-0.404553 0.121366 -0.906426
-0.438268 0.079685 -0.895305
-0.444841 0.12132 -0.887354
-0.438268 0.079685 -0.895305
-0.398408 0.0796816 -0.913741
-0.373496 0.0829991 -0.923911
-0.363915 0.121305 -0.923499
-0.371646 0.123882 -0.920072
-0.406544 0.0813087 -0.910006
-0.388705 0.116611 -0.913953
-0.396548 0.118964 -0.910273
-0.350124 0.116708 -0.929404
-0.361767 0.160785 -0.918299
-0.396626 0.118988 -0.910236
-0.396626 0.118988 -0.910236
-0.444751 0.121296 -0.887403
-0.398408 0.0796816 -0.913741
-0.444841 0.12132 -0.887354
-0.386605 0.154642 -0.909188
-0.425038 0.154559 -0.891883
-0.393997 0.157599 -0.905499
-0.444841 0.12132 -0.887354
-0.438181 0.0796692 -0.895349
-0.435373 0.118738 -0.892385
-0.363915 0.121305 -0.923499
-0.356785 0.118928 -0.926585
-0.403813 0.121144 -0.906785
-0.435373 0.118738 -0.892385
-0.424723 0.154445 -0.892052
-0.435798 0.118854 -0.892162
-0.435373 0.118738 -0.892385
-0.351107 0.0780237 -0.933079
-0.317859 0.0794647 -0.944802
-0.350044 0.0777875 -0.933498
-0.268438 3.28731e-17 -0.963297
-0.268818 0.0384026 -0.962425
-0.313725 3.8419e-17 -0.949514
-0.274282 0.0391831 -0.960851
-0.268818 0.0384026 -0.962425
-0.306636 0.076659 -0.948735
-0.274282 0.0391831 -0.960851
-0.268818 0.0384026 -0.962425
-0.268327 0.0766649 -0.960272
-0.300893 0.0752232 -0.950687
-0.31082 0.116558 -0.943295
-0.349596 0.116532 -0.929625
-0.397229 0.0794458 -0.914274
-0.318699 0.0398374 -0.947018
-0.358527 0.0398363 -0.932669
-0.34301 0.114337 -0.932347
-0.351107 0.0780237 -0.933079
-0.316475 0.118678 -0.941148
-0.355326 0.118442 -0.927208
-0.364068 0.080904 -0.927852
-0.317859 0.0794647 -0.944802
-0.317859 0.0794647 -0.944802
-0.306187 0.0765467 -0.948889
-0.26818 0.0766227 -0.960317
-0.266884 0.114379 -0.956917
-0.273133 0.078038 -0.958806
-0.306187 0.0765467 -0.948889
-0.273393 0.0781123 -0.958726
-0.301436 0.0376796 -0.952741
-0.26818 0.0766227 -0.960317
-0.312602 0.0781505 -0.946664
-0.305402 0.114526 -0.945311
-0.315546 0.157773 -0.935702
-0.401746 0.160698 -0.901541
-0.328012 0.246009 -0.912079
-0.328012 0.246009 -0.912079
-0.394095 0.236457 -0.888131
-0.414008 0.207004 -0.886424
-0.40591 0.202955 -0.891093
-0.420542 0.126163 -0.898458
-0.413511 0.0827022 -0.906735
-0.404463 0.0808927 -0.91097
-0.493911 0.0823184 -0.865607
-0.484357 0.0403631 -0.873939
-0.434474 5.32059e-17 -0.900684
-0.471938 0.0393281 -0.880754
-0.423312 5.1839e-17 -0.905984
-0.432628 0.0393299 -0.900714
-0.464459 0.0387049 -0.884748
-0.428418 5.24643e-17 -0.903581
-0.437388 0.0397626 -0.898393
-0.430052 5.26644e-17 -0.902804
-0.469147 5.74521e-17 -0.88312
-0.469315 0.0391096 -0.882164
-0.418487 0.114133 -0.901023
-0.375516 0.0751033 -0.923768
-0.381031 0.114309 -0.917469
-0.381031 0.114309 -0.917469
-0.381584 0.114475 -0.917218
-0.379338 0.151735 -0.912732
-0.388998 0.116699 -0.913817
-0.388998 0.116699 -0.913817
-0.305402 0.114526 -0.945311
-0.352564 0.0391738 -0.934967
-0.312423 0.0781058 -0.946727
-0.312126 0.0780315 -0.946831
-0.267127 0.114483 -0.956837
-0.316908 0.118841 -0.940981
-0.301139 0.188212 -0.934822
-0.303267 0.151634 -0.940764
-0.296339 0.148169 -0.94352
-0.262364 0.187403 -0.946597
-0.220449 0.183707 -0.957943
-0.256458 0.183185 -0.949038
-0.261769 0.186978 -0.946845
-0.261087 0.186491 -0.94713
-0.227289 0.189407 -0.95523
-0.258977 0.221981 -0.940029
-0.22209 0.22209 -0.949396
-0.190562 0.190562 -0.963002
-0.273608 0.156347 -0.949049
-0.273608 0.156347 -0.949049
-0.272268 0.194477 -0.942363
-0.234586 0.156391 -0.959433
-0.269679 0.154102 -0.95054
-0.275894 0.11824 -0.953888
-0.230744 0.153829 -0.960778
-0.229142 0.190952 -0.95448
-0.236519 0.118259 -0.964403
-0.15732 0.11799 -0.980474
-0.192901 0.115741 -0.974368
-0.196629 0.117978 -0.973354
-0.196629 0.117978 -0.973354
-0.191867 0.153493 -0.969344
-0.1871 0.1871 -0.964359
-0.222362 0.148241 -0.963628
-0.192901 0.115741 -0.974368
-0.19602 0.156816 -0.96798
-0.193369 0.116021 -0.974242
-0.15471 0.116033 -0.981122
-0.2254 0.187834 -0.955988
-0.231214 0.154142 -0.960615
-0.188188 0.188188 -0.963935
-0.185975 0.14878 -0.971225
-0.185975 0.14878 -0.971225
-0.15446 0.15446 -0.975851
-0.15855 0.118913 -0.980164
-0.11911 0.11911 -0.985711
-0.162023 0.121517 -0.979276
-0.119807 0.0399357 -0.991994
-0.119785 1.46689e-17 -0.9928
-0.0798564 9.77926e-18 -0.996806
-0.119688 0.0398959 -0.99201
-0.119904 1.46835e-17 -0.992785
-0.117533 0.0391776 -0.992296
-0.156341 0.0781703 -0.984605
-0.119517 0.0796782 -0.98963
-0.119234 0.0794892 -0.989679
-0.159193 0.0795964 -0.984034
-0.162407 0.0812037 -0.983377
-0.119807 0.0399357 -0.991994
-0.156833 1.92058e-17 -0.987625
-0.156742 1.91948e-17 -0.98764
-0.117557 1.43961e-17 -0.993066
-0.159869 0.0399672 -0.986329
-0.119807 0.0399357 -0.991994
-0.117465 0.0391551 -0.992305
-0.119904 1.46835e-17 -0.992785
-0.117557 1.43961e-17 -0.993066
-0.117465 0.0391551 -0.992305
-0.117557 1.43961e-17 -0.993066
-0.115299 1.41196e-17 -0.993331
-0.156592 1.91764e-17 -0.987663
-0.115213 0.0384044 -0.992598
-0.153616 0.0384041 -0.987384
-0.156709 0.0391773 -0.986867
-0.156742 1.91948e-17 -0.98764
-0.117533 0.0391776 -0.992296
-0.195584 0.0391169 -0.979906
-0.153616 0.0384041 -0.987384
-0.156709 0.0391773 -0.986867
-0.153129 0.0765645 -0.985236
-0.153129 0.0765645 -0.985236
-0.159351 0.0796753 -0.984002
-0.155644 0.116733 -0.980892
-0.16189 0.121417 -0.979311
-0.156619 0.0391548 -0.986883
-0.156251 0.0781256 -0.984623
-0.15278 0.114585 -0.981595
-0.15327 0.0766348 -0.985208
-0.19068 0.114408 -0.974963
-0.227573 0.151715 -0.96187
-0.223129 0.148753 -0.963372
-0.259855 0.148489 -0.954163
-0.264348 0.226584 -0.937433
-0.25823 0.22134 -0.940386
-0.302799 0.18925 -0.934076
-0.294005 0.220504 -0.930021
-0.290237 0.253957 -0.922642
-0.290237 0.253957 -0.922642
-0.36961 0.258727 -0.89244
-0.378702 0.227221 -0.897193
-0.374699 0.262289 -0.889272
-0.418787 0.266501 -0.868099
-0.348282 0.270886 -0.897397
-0.392592 0.235555 -0.889036
-0.365344 0.202969 -0.908476
-0.365344 0.202969 -0.908476
-0.391921 0.235153 -0.889439
-0.376267 0.263387 -0.888285
-0.419919 0.229047 -0.878183
-0.417896 0.227943 -0.879435
-0.345862 0.230575 -0.909514
-0.385881 0.115764 -0.915257
-0.349758 0.038862 -0.936034
-0.390307 0.0390307 -0.919857
-0.353009 4.32297e-17 -0.93562
-0.354306 4.33885e-17 -0.93513
-0.353993 0.0393325 -0.934421
-0.387419 4.74436e-17 -0.921904
-0.379822 0.0379822 -0.924279
-0.340806 0.0378673 -0.939371
-0.384495 0.0384495 -0.922326
-0.353009 4.32297e-17 -0.93562
-0.350375 0.0778611 -0.933368
-0.342452 0.114151 -0.932575
-0.356995 0.118998 -0.926495
-0.312721 0.0781803 -0.946622
-0.358614 0.079692 -0.930078
-0.432348 0.117913 -0.893964
-0.473565 0.118391 -0.872766
-0.469222 0.117306 -0.875254
-0.432348 0.117913 -0.893964
-0.430284 0.11735 -0.895033
-0.405753 0.162301 -0.899457
-0.316105 0.118539 -0.94129
-0.390693 0.156277 -0.907158
-0.316653 0.158326 -0.935235
-0.353263 0.196257 -0.914707
-0.403123 0.161249 -0.900828
-0.397933 0.159173 -0.903501
-0.357269 0.158786 -0.920405
-0.323943 0.161972 -0.932108
-0.367835 0.122612 -0.921772
-0.408571 0.122571 -0.904459
-0.401616 0.120485 -0.907848
-0.342575 0.114192 -0.932525
-0.387829 0.116349 -0.914359
-0.380549 0.114165 -0.917687
-0.387829 0.116349 -0.914359
-0.387829 0.116349 -0.914359
-0.387176 0.116153 -0.91466
-0.43478 0.118576 -0.892696
-0.392861 0.157145 -0.906072
-0.439532 0.15983 -0.883892
-0.398955 0.159582 -0.902978
-0.368835 0.122945 -0.921328
-0.319472 0.159736 -0.934035
-0.325812 0.162906 -0.931294
-0.352662 0.117554 -0.928337
-0.35368 0.117893 -0.927907
-0.286239 0.122674 -0.950273
-0.284436 0.162535 -0.944817
-0.311702 0.155851 -0.937311
-0.310247 0.193904 -0.930671
-0.351041 0.234027 -0.906643
-0.30983 0.271101 -0.911323
-0.267421 0.305624 -0.913827
-0.311878 0.350863 -0.882965
-0.427857 0.272273 -0.861862
-0.415001 0.301819 -0.8583
-0.314662 0.275329 -0.908395
-0.421798 0.268417 -0.866048
-0.428068 0.233492 -0.873063
-0.471264 0.19636 -0.859857
-0.416802 0.189456 -0.889035
-0.429196 0.156071 -0.889625
-0.466586 0.155529 -0.870694
-0.344024 0.152899 -0.926428
-0.457949 0.114487 -0.881575
-0.384844 0.0769689 -0.919767
-0.353058 0.0784573 -0.932306
-0.381861 0.114558 -0.917092
-0.384385 0.115316 -0.915942
-0.422699 0.115282 -0.898908
-0.346994 0.115665 -0.930708
-0.374017 0.149607 -0.915275
-0.40988 0.149047 -0.89988
-0.383187 0.114956 -0.916489
-0.415548 0.188885 -0.889743
-0.365853 0.182927 -0.912518
-0.35951 0.179755 -0.915664
-0.379199 0.1896 -0.905682
-0.42008 0.152757 -0.894538
-0.427845 0.116685 -0.896289
-0.436054 0.118924 -0.892028
-0.436054 0.118924 -0.892028
-0.438181 0.0796692 -0.895349
-0.40128 0.0802561 -0.912432
-0.430777 0.117485 -0.894779
-0.462241 0.11556 -0.879192
-0.469759 0.11744 -0.874948
-0.469759 0.11744 -0.874948
-0.432016 0.117822 -0.894137
-0.441337 0.0802432 -0.893746
-0.435329 0.0395754 -0.899401
-0.426161 5.2188e-17 -0.904647
-0.425771 0.0387065 -0.904003
-0.402496 0.0804991 -0.911876
-0.47888 0.11972 -0.869679
-0.481367 0.0802278 -0.87284
-0.473496 0.039458 -0.879912
-0.473496 0.039458 -0.879912
-0.481367 0.0802278 -0.87284
-0.47208 0.07868 -0.878038
-0.463137 0.0771895 -0.882919
-0.470538 0.0784231 -0.878888
-0.468244 0.117061 -0.875811
-0.47208 0.07868 -0.878038
-0.413666 0.112818 -0.903412
-0.363847 0.109154 -0.925041
-0.290367 0.108887 -0.9507
-0.38926 0.19463 -0.900331
-0.352053 0.195585 -0.915317
-0.347459 0.193033 -0.917612
-0.311415 0.194634 -0.930128
-0.311415 0.194634 -0.930128
-0.30587 0.191169 -0.932683
-0.309773 0.154887 -0.93811
-0.269679 0.154102 -0.95054
-0.319674 0.119878 -0.939914
-0.315136 0.0787841 -0.945771
-0.305517 0.0763792 -0.949118
-0.307144 0.0767859 -0.94856
-0.300416 0.112656 -0.947132
-0.261525 0.149443 -0.953557
-0.302617 0.151309 -0.941025
-0.304297 0.114111 -0.945718
-0.311348 0.155674 -0.937458
-0.305687 0.152843 -0.939784
-0.305903 0.114714 -0.945126
-0.315546 0.157773 -0.935702
-0.31915 0.239363 -0.916978
-0.351986 0.195548 -0.915351
-0.360008 0.200004 -0.911259
-0.389291 0.155717 -0.907857
-0.396763 0.158705 -0.904097
-0.398955 0.159582 -0.902978
-0.40324 0.120972 -0.907063
-0.474761 0.11869 -0.872075
-0.427041 0.116466 -0.8967
-0.411281 0.112168 -0.904581
-0.415955 0.151256 -0.896718
-0.410139 0.111856 -0.905137
-0.410139 0.111856 -0.905137
-0.418487 0.114133 -0.901023
-0.428451 0.0779001 -0.900201
-0.420332 0.076424 -0.904146
-0.429314 5.25741e-17 -0.903155
-0.390956 4.78767e-17 -0.920409
-0.429314 5.25741e-17 -0.903155
-0.419916 0.0381742 -0.90676
-0.418926 0.0380842 -0.907221
-0.426972 0.0388156 -0.903431
-0.434057 0.0394597 -0.900021
-0.432815 0.0786937 -0.898041
-0.392239 0.0784478 -0.916512
-0.38606 0.077212 -0.919237
-0.384844 0.0769689 -0.919767
-0.434057 0.0394597 -0.900021
-0.423273 0.0769588 -0.902728
-0.423273 0.0769588 -0.902728
-0.470215 0.0391845 -0.881682
-0.439477 0.0399524 -0.897365
-0.397877 0.0397877 -0.916576
-0.390307 0.0390307 -0.919857
-0.388609 0.0388609 -0.920583
-0.349758 0.038862 -0.936034
-0.396761 0.0793521 -0.914486
-0.391876 0.0391876 -0.919183
-0.431048 0.0391862 -0.901477
-0.382029 0.0764058 -0.920986
-0.382029 0.0764058 -0.920986
-0.343863 0.076414 -0.935905
-0.310904 0.038863 -0.949647
-0.343863 0.076414 -0.935905
-0.316056 0.0790141 -0.945444
-0.343863 0.076414 -0.935905
-0.343863 0.076414 -0.935905
-0.338835 0.0752967 -0.937828
-0.317406 0.119027 -0.94079
-0.35713 0.0793623 -0.930677
-0.356995 0.118998 -0.926495
-0.356995 0.118998 -0.926495
-0.312721 0.0781803 -0.946622
-0.351776 0.0781724 -0.932814
-0.353993 0.0393325 -0.934421
-0.314668 0.0393335 -0.948386
-0.314939 3.85676e-17 -0.949112
-0.308697 0.0385872 -0.950377
-0.308697 0.0385872 -0.950377
-0.308697 0.0385872 -0.950377
-0.353009 4.32297e-17 -0.93562
-0.307939 0.0769847 -0.948286
-0.343863 0.076414 -0.935905
-0.27346 3.34881e-17 -0.961883
-0.237671 0.0396118 -0.970538
-0.237671 0.0396118 -0.970538
-0.23875 0.0397917 -0.970265
-0.24347 0.0405783 -0.969059
-0.279701 0.0399574 -0.959255
-0.313861 0.0784653 -0.946221
-0.320011 0.0800028 -0.94403
-0.314668 0.0393335 -0.948386
-0.361201 0.0802669 -0.929027
-0.309779 0.0774447 -0.947649
-0.31581 0.0789526 -0.945532
-0.355249 0.0789443 -0.931432
-0.31581 0.0789526 -0.945532
-0.309779 0.0774447 -0.947649
-0.354217 0.0787149 -0.931845
-0.353993 0.0393325 -0.934421
-0.34838 0.0387089 -0.936554
-0.313861 0.0784653 -0.946221
-0.354306 4.33885e-17 -0.93513
-0.34838 0.0387089 -0.936554
-0.349663 4.28199e-17 -0.936876
-0.357113 0.0396792 -0.933218
-0.317442 0.0396803 -0.947447
-0.350221 0.0389135 -0.935858
-0.356203 0.0395781 -0.93357
-0.390286 4.77946e-17 -0.920694
-0.42076 0.0382509 -0.906365
-0.428914 0.0389922 -0.902503
-0.390286 4.77946e-17 -0.920694
-0.421831 5.16577e-17 -0.906675
-0.429649 0.039059 -0.902151
-0.38208 4.67898e-17 -0.924129
-0.428418 5.24643e-17 -0.903581
-0.38285 4.6884e-17 -0.923811
-0.381177 4.66792e-17 -0.924502
-0.381754 0.0381754 -0.923475
-0.419916 0.0381742 -0.90676
-0.373806 0.0373806 -0.926753
-0.348468 0.0774372 -0.934117
-0.341015 0.0757812 -0.936998
-0.309679 0.0387098 -0.950053
-0.26938 3.29885e-17 -0.963034
-0.23601 0.0393351 -0.970954
-0.275341 0.0393344 -0.960542
-0.313518 0.0391898 -0.948773
-0.274334 0.0391906 -0.960835
-0.274334 0.0391906 -0.960835
-0.235339 2.88198e-17 -0.971913
-0.235339 2.88198e-17 -0.971913
-0.234395 2.87041e-17 -0.972142
-0.27346 3.34881e-17 -0.961883
-0.270116 0.0385879 -0.962054
-0.307939 0.0769847 -0.948286
-0.307939 0.0769847 -0.948286
-0.268399 0.115028 -0.956416
-0.306861 0.0767154 -0.948657
-0.275341 0.0393344 -0.960542
-0.313861 0.0784653 -0.946221
-0.312532 0.1172 -0.942649
-0.274652 0.078472 -0.958336
-0.268399 0.115028 -0.956416
-0.311407 0.116778 -0.943074
-0.350256 0.116752 -0.929349
-0.306688 0.115008 -0.944836
-0.265009 0.151434 -0.95228
-0.265009 0.151434 -0.95228
-0.262135 0.187239 -0.946693
-0.271455 0.116338 -0.955394
-0.305687 0.152843 -0.939784
-0.27054 0.193243 -0.943115
-0.271139 0.154936 -0.949989
-0.303208 0.227406 -0.925393
-0.31896 0.19935 -0.926566
-0.31896 0.19935 -0.926566
-0.329205 0.205753 -0.921569
-0.331232 0.20702 -0.920558
-0.323524 0.242643 -0.91458
-0.290023 0.20716 -0.934329
-0.398566 0.278997 -0.873674
-0.349188 0.27159 -0.896831
-0.321766 0.241325 -0.915548
-0.319909 0.239932 -0.916565
-0.323074 0.201921 -0.924582
-0.315922 0.236941 -0.918723
-0.382176 0.229306 -0.895187
-0.307689 0.230767 -0.923079
-0.353873 0.196596 -0.914398
-0.392894 0.196447 -0.898356
-0.354568 0.275775 -0.893437
-0.385795 0.192898 -0.902193
-0.437629 0.159138 -0.884961
-0.394787 0.197393 -0.897318
-0.437584 0.198902 -0.876903
-0.399887 0.239932 -0.884603
-0.358692 0.239128 -0.902307
-0.35671 0.158538 -0.920665
-0.36051 0.200283 -0.910999
-0.318776 0.159388 -0.934333
-0.355584 0.197547 -0.913529
-0.407675 0.16307 -0.898448
-0.404101 0.20205 -0.89212
-0.394787 0.197393 -0.897318
-0.355584 0.197547 -0.913529
-0.38926 0.19463 -0.900331
-0.39241 0.156964 -0.906298
-0.388398 0.233039 -0.891538
-0.383676 0.191838 -0.903322
-0.42317 0.19235 -0.885398
-0.38805 0.15522 -0.908473
-0.42317 0.19235 -0.885398
-0.345544 0.191969 -0.918557
-0.350589 0.194772 -0.916052
-0.350589 0.194772 -0.916052
-0.390805 0.195402 -0.899494
-0.360008 0.200004 -0.911259
-0.40446 0.242676 -0.881771
-0.401554 0.240933 -0.883575
-0.413745 0.206873 -0.886577
-0.405828 0.202914 -0.89114
-0.366998 0.203888 -0.907602
-0.405879 0.121764 -0.905779
-0.414029 0.124209 -0.901749
-0.349363 0.0388181 -0.936183
-0.411174 0.0373795 -0.91079
-0.428418 5.24643e-17 -0.903581
-0.451618 0.0410562 -0.891266
-0.477927 0.0796545 -0.874781
-0.439838 0.0799706 -0.894509
-0.391876 0.0391876 -0.919183
-0.391876 0.0391876 -0.919183
-0.354306 4.33885e-17 -0.93513
-0.393313 0.0393313 -0.918563
-0.438181 0.0796692 -0.895349
-0.358614 0.079692 -0.930078
-0.347493 0.0772207 -0.934497
-0.393313 0.0393313 -0.918563
-0.384844 0.0769689 -0.919767
-0.469759 0.11744 -0.874948
-0.42008 0.152757 -0.894538
-0.429196 0.156071 -0.889625
-0.455499 0.189791 -0.86977
-0.383634 0.23018 -0.894339
-0.378366 0.22702 -0.897386
-0.349668 0.19426 -0.916513
-0.350391 0.194662 -0.916151
-0.355447 0.19747 -0.913599
-0.273608 0.156347 -0.949049
-0.230089 0.115044 -0.966346
-0.301961 0.113236 -0.946571
-0.304966 0.152483 -0.940077
-0.349079 0.193933 -0.916806
-0.358466 0.159318 -0.919848
-0.349079 0.193933 -0.916806
-0.307689 0.230767 -0.923079
-0.313072 0.19567 -0.929354
-0.308393 0.154197 -0.938678
-0.306148 0.191343 -0.932556
-0.314756 0.196722 -0.928563
-0.356942 0.237961 -0.903309
-0.316282 0.197677 -0.927841
-0.355584 0.197547 -0.913529
-0.429509 0.195231 -0.881707
-0.38703 0.232218 -0.892347
-0.401585 0.160634 -0.901624
-0.429509 0.195231 -0.881707
-0.401585 0.160634 -0.901624
-0.353263 0.196257 -0.914707
-0.353263 0.196257 -0.914707
-0.393997 0.157599 -0.905499
-0.311407 0.116778 -0.943074
-0.343758 0.114586 -0.932041
-0.348875 0.116292 -0.929926
-0.342452 0.114151 -0.932575
-0.34738 0.115793 -0.930548
-0.308848 0.115818 -0.944033
-0.35713 0.0793623 -0.930677
-0.39241 0.156964 -0.906298
-0.389071 0.116721 -0.913783
-0.358614 0.079692 -0.930078
-0.394926 0.118478 -0.911041
-0.396548 0.118964 -0.910273
-0.396548 0.118964 -0.910273
-0.359973 0.0799939 -0.929527
-0.393526 0.0787052 -0.915938
-0.390473 0.117142 -0.913131
-0.432815 0.0786937 -0.898041
-0.430777 0.117485 -0.894779
-0.439157 0.11977 -0.890391
-0.390473 0.117142 -0.913131
-0.390473 0.117142 -0.913131
-0.39241 0.156964 -0.906298
-0.400731 0.120219 -0.908274
-0.402588 0.120776 -0.907379
-0.39241 0.156964 -0.906298
-0.381861 0.114558 -0.917092
-0.37616 0.112848 -0.919657
-0.37616 0.112848 -0.919657
-0.434736 0.158086 -0.886574
-0.457949 0.114487 -0.881575
-0.47208 0.07868 -0.878038
-0.425799 0.0774179 -0.9015
-0.426837 0.0776068 -0.900992
-0.432815 0.0786937 -0.898041
-0.432628 0.0393299 -0.900714
-0.38606 0.077212 -0.919237
-0.393526 0.0787052 -0.915938
-0.384385 0.115316 -0.915942
-0.391741 0.117522 -0.912539
-0.390473 0.117142 -0.913131
-0.392239 0.0784478 -0.916512
-0.393526 0.0787052 -0.915938
-0.392239 0.0784478 -0.916512
-0.385451 0.115635 -0.915454
-0.356203 0.0395781 -0.93357
-0.442666 0.0402424 -0.895783
-0.395769 0.0395769 -0.917497
-0.403668 0.0403668 -0.914015
-0.482822 0.0804703 -0.872014
-0.428914 0.0389922 -0.902503
-0.467887 0.0389906 -0.882928
-0.421454 0.038314 -0.90604
-0.382521 0.0382521 -0.923154
-0.389936 0.0389936 -0.920016
-0.306537 0.0383172 -0.951087
-0.262168 0.112358 -0.958459
-0.273133 0.078038 -0.958806
-0.306467 0.0766168 -0.948793
-0.232119 0.154746 -0.960299
-0.236626 0.157751 -0.958709
-0.195816 0.195816 -0.960892
-0.195628 0.195628 -0.960968
-0.191713 0.191713 -0.962545
-0.270481 0.154561 -0.950237
-0.227287 0.151525 -0.961967
-0.275345 0.15734 -0.948383
-0.193042 0.154433 -0.968961
-0.227573 0.151715 -0.96187
-0.152364 0.114273 -0.981696
-0.148802 0.148802 -0.977607
-0.190128 0.114077 -0.975109
-0.152364 0.114273 -0.981696
-0.155292 0.116469 -0.980979
-0.193042 0.154433 -0.968961
-0.194096 0.116457 -0.974045
-0.191403 0.0765614 -0.978521
-0.229883 0.0766276 -0.970197
-0.268967 0.0384238 -0.962383
-0.318803 0.0797007 -0.944464
-0.230419 0.0384032 -0.972333
-0.268571 0.0383672 -0.962496
-0.274072 0.0391531 -0.960912
-0.278868 0.0398383 -0.959503
-0.307465 3.76524e-17 -0.951559
-0.31946 0.0399325 -0.946758
-0.3458 0.0384222 -0.937521
-0.3458 0.0384222 -0.937521
-0.384544 4.70915e-17 -0.923107
-0.359712 4.40506e-17 -0.933063
-0.352873 4.32131e-17 -0.935671
-0.39992 4.89745e-17 -0.91655
-0.439912 5.38719e-17 -0.898041
-0.39968 4.89451e-17 -0.916655
-0.391856 4.79869e-17 -0.920027
-0.43129 5.2816e-17 -0.902214
-0.392081 4.80145e-17 -0.91993
-0.431373 5.28262e-17 -0.902174
-0.39954 0.039954 -0.915845
-0.392081 4.80145e-17 -0.91993
-0.43129 5.2816e-17 -0.902214
-0.470034 0.0391695 -0.881779
-0.430636 0.0391487 -0.901676
-0.468689 0.0390574 -0.8825
-0.428451 0.0779001 -0.900201
-0.438168 0.0398334 -0.89801
-0.429649 0.039059 -0.902151
-0.428451 0.0779001 -0.900201
-0.420332 0.076424 -0.904146
-0.412512 0.0750022 -0.907859
-0.450901 0.0751502 -0.889405
-0.41302 0.0750945 -0.907621
-0.41302 0.0750945 -0.907621
-0.451704 0.037642 -0.891373
-0.422385 0.0383986 -0.905603
-0.430628 5.2735e-17 -0.902529
-0.39148 4.79409e-17 -0.920187
-0.351554 0.0390616 -0.935352
-0.352024 0.0391138 -0.935173
-0.336253 0.112084 -0.935078
-0.373533 0.11206 -0.920824
-0.373988 0.112197 -0.920622
-0.374315 0.112294 -0.920477
-0.416845 0.15158 -0.89625
-0.388339 0.116502 -0.914123
-0.398904 0.0398904 -0.916125
-0.358527 0.0398363 -0.932669
-0.351861 4.30891e-17 -0.936052
-0.358527 0.0398363 -0.932669
-0.365264 0.0811698 -0.927358
-0.358527 0.0398363 -0.932669
-0.405209 0.0810417 -0.910625
-0.39835 0.039835 -0.916368
-0.350641 0.0779201 -0.933263
-0.398904 0.0398904 -0.916125
-0.398904 0.0398904 -0.916125
-0.358527 0.0398363 -0.932669
-0.389555 0.077911 -0.917702
-0.390072 0.0780145 -0.917473
-0.390072 0.0780145 -0.917473
-0.390072 0.0780145 -0.917473
-0.375516 0.0751033 -0.923768
-0.403822 0.110133 -0.908184
-0.387176 0.116153 -0.91466
-0.348548 0.116183 -0.930062
-0.309251 0.115969 -0.943883
-0.310536 0.0776339 -0.947386
-0.317442 0.0396803 -0.947447
-0.224466 2.74882e-17 -0.974482
-0.228008 0.0760028 -0.970688
-0.232923 0.0388205 -0.97172
-0.238091 0.0396819 -0.970432
-0.228008 0.0760028 -0.970688
-0.228545 0.0761817 -0.970548
-0.190017 0.0760066 -0.978834
-0.190464 0.0761856 -0.978733
-0.190464 0.0761856 -0.978733
-0.152377 0.0761887 -0.985381
-0.190464 0.0761856 -0.978733
-0.190017 0.0760066 -0.978834
-0.230811 0.115405 -0.96613
-0.236206 0.0787355 -0.968508
-0.26924 0.115389 -0.956136
-0.30591 0.152955 -0.939694
-0.306749 0.153375 -0.939351
-0.307649 0.115368 -0.94448
-0.346032 0.115344 -0.931105
-0.346032 0.115344 -0.931105
-0.356151 0.0791447 -0.931071
-0.388892 0.0777785 -0.917994
-0.380782 0.0761565 -0.921523
-0.427722 0.0777677 -0.900559
-0.397778 0.0795556 -0.914026
-0.437388 0.0397626 -0.898393
-0.437388 0.0397626 -0.898393
-0.39835 0.039835 -0.916368
-0.436113 0.0792933 -0.896391
-0.436113 0.0792933 -0.896391
-0.427722 0.0777677 -0.900559
-0.427722 0.0777677 -0.900559
-0.436113 0.0792933 -0.896391
-0.427722 0.0777677 -0.900559
-0.425764 0.116118 -0.897352
-0.436113 0.0792933 -0.896391
-0.387829 0.116349 -0.914359
-0.418487 0.114133 -0.901023
-0.373533 0.11206 -0.920824
-0.417809 0.113948 -0.901361
-0.417809 0.113948 -0.901361
-0.379182 0.113755 -0.918303
-0.381543 0.0763086 -0.921196
-0.386383 0.115915 -0.915026
-0.410139 0.111856 -0.905137
-0.386383 0.115915 -0.915026
-0.379182 0.113755 -0.918303
-0.379182 0.113755 -0.918303
-0.336253 0.112084 -0.935078
-0.377718 0.151087 -0.913511
-0.346994 0.115665 -0.930708
-0.379889 0.0759778 -0.921906
-0.388892 0.0777785 -0.917994
-0.394696 0.118409 -0.91115
-0.396527 0.0793054 -0.914591
-0.357888 0.0397654 -0.932917
-0.347833 0.115944 -0.93036
-0.347833 0.115944 -0.93036
-0.35368 0.117893 -0.927907
-0.399375 0.119812 -0.908925
-0.40934 0.0818679 -0.908702
-0.407302 0.122191 -0.905082
-0.359973 0.0799939 -0.929527
-0.405879 0.121764 -0.905779
-0.359544 0.119848 -0.9254
-0.359973 0.0799939 -0.929527
-0.318597 0.119474 -0.940331
-0.326037 0.122264 -0.937418
-0.330097 0.123786 -0.935795
-0.326401 0.0816002 -0.941703
-0.326401 0.0816002 -0.941703
-0.36846 0.08188 -0.926031
-0.322078 0.0805194 -0.943283
-0.354217 0.0787149 -0.931845
-0.40128 0.0802561 -0.912432
-0.354217 0.0787149 -0.931845
-0.40128 0.0802561 -0.912432
-0.393526 0.0787052 -0.915938
-0.348468 0.0774372 -0.934117
-0.347493 0.0772207 -0.934497
-0.39287 0.117861 -0.91201
-0.427984 0.15563 -0.890286
-0.427984 0.15563 -0.890286
-0.422699 0.115282 -0.898908
-0.427984 0.15563 -0.890286
-0.385451 0.115635 -0.915454
-0.394672 0.0789344 -0.915425
-0.40128 0.0802561 -0.912432
-0.356523 4.366e-17 -0.934287
-0.323249 3.95853e-17 -0.946314
-0.32953 0.0411913 -0.943246
-0.32953 0.0411913 -0.943246
-0.328594 0.0821486 -0.940892
-0.369536 0.0410596 -0.928309
-0.369536 0.0410596 -0.928309
-0.362209 0.0402454 -0.931228
-0.359973 0.0799939 -0.929527
-0.399916 0.0799833 -0.913055
-0.393526 0.0787052 -0.915938
-0.39545 0.15818 -0.904764
-0.355533 0.118511 -0.92712
-0.330198 0.0825496 -0.940295
-0.328634 0.123238 -0.936382
-0.364142 0.0809205 -0.927821
-0.317483 0.0793708 -0.944936
-0.345187 0.0767083 -0.935394
-0.313861 0.0784653 -0.946221
-0.356995 0.118998 -0.926495
-0.358334 0.119445 -0.925921
-0.342964 0.152428 -0.926899
-0.357269 0.158786 -0.920405
-0.312532 0.1172 -0.942649
-0.344024 0.152899 -0.926428
-0.314455 0.117921 -0.94192
-0.268488 0.153422 -0.950987
-0.301811 0.150905 -0.941349
-0.188589 0.188589 -0.963778
-0.226399 0.188666 -0.955588
-0.187439 0.112463 -0.975817
-0.194646 0.116788 -0.973896
-0.194646 0.116788 -0.973896
-0.278812 0.0796606 -0.957036
-0.285396 0.0407709 -0.957542
-0.325253 0.0813134 -0.942124
-0.374541 0.0416156 -0.926276
-0.405791 0.0811582 -0.910355
-0.404463 0.0808927 -0.91097
-0.412719 0.0825438 -0.90711
-0.397933 0.159173 -0.903501
-0.429196 0.156071 -0.889625
-0.438578 0.159483 -0.884429
-0.408571 0.122571 -0.904459
-0.450194 0.0818534 -0.889171
-0.436175 0.158609 -0.885773
-0.431401 0.0784365 -0.898744
-0.434736 0.158086 -0.886574
-0.434736 0.158086 -0.886574
-0.426623 0.155136 -0.891025
-0.427984 0.15563 -0.890286
-0.430777 0.117485 -0.894779
-0.398032 0.11941 -0.909567
-0.398408 0.0796816 -0.913741
-0.406292 0.0812585 -0.910123
-0.398408 0.0796816 -0.913741
-0.398408 0.0796816 -0.913741
-0.350375 0.0778611 -0.933368
-0.348875 0.116292 -0.929926
-0.348875 0.116292 -0.929926
-0.392239 0.0784478 -0.916512
-0.398408 0.0796816 -0.913741
-0.34886 0.0775244 -0.933963
-0.428127 0.0778412 -0.90036
-0.390816 0.0781631 -0.917144
-0.398408 0.0796816 -0.913741
-0.355533 0.118511 -0.92712
-0.360767 0.120256 -0.924871
-0.308848 0.115818 -0.944033
-0.316282 0.197677 -0.927841
-0.36051 0.200283 -0.910999
-0.316282 0.197677 -0.927841
-0.320236 0.160118 -0.933708
-0.38805 0.15522 -0.908473
-0.38805 0.15522 -0.908473
-0.427984 0.15563 -0.890286
-0.376786 0.188393 -0.90694
-0.425116 0.154588 -0.89184
-0.390693 0.156277 -0.907158
-0.351791 0.156351 -0.922929
-0.358466 0.159318 -0.919848
-0.383499 0.0766999 -0.920351
-0.383499 0.0766999 -0.920351
-0.392239 0.0784478 -0.916512
-0.35152 0.117173 -0.928819
-0.404306 0.121292 -0.906546
-0.39241 0.156964 -0.906298
-0.356084 0.158259 -0.920955
-0.403123 0.161249 -0.900828
-0.404514 0.161805 -0.900104
-0.405753 0.162301 -0.899457
-0.395628 0.197814 -0.896854
-0.431156 0.156784 -0.888551
-0.426701 0.193955 -0.88335
-0.38824 0.19412 -0.900881
-0.421512 0.229916 -0.877192
-0.420372 0.229294 -0.877902
-0.382591 0.229555 -0.894946
-0.3873 0.19365 -0.901387
-0.355447 0.19747 -0.913599
-0.365384 0.162393 -0.916582
-0.401031 0.200515 -0.89385
-0.355447 0.19747 -0.913599
-0.395628 0.197814 -0.896854
-0.391698 0.235019 -0.889572
-0.443163 0.201438 -0.873515
-0.443163 0.201438 -0.873515
-0.402234 0.201117 -0.893174
-0.355447 0.19747 -0.913599
-0.362318 0.201288 -0.91006
-0.351041 0.234027 -0.906643
-0.351041 0.234027 -0.906643
-0.297384 0.185865 -0.936492
-0.337496 0.224997 -0.914042
-0.305673 0.229255 -0.924125
-0.304625 0.228469 -0.924665
-0.300221 0.225165 -0.926913
-0.292979 0.256357 -0.92111
-0.292979 0.256357 -0.92111
-0.253849 0.290113 -0.922711
-0.294815 0.294815 -0.908938
-0.264963 0.264963 -0.92714
-0.344915 0.268267 -0.899481
-0.391003 0.273702 -0.878751
-0.394171 0.236502 -0.888086
-0.40446 0.242676 -0.881771
-0.332939 0.208087 -0.919702
-0.324314 0.243236 -0.914142
-0.209906 0.209906 -0.954924
-0.163478 0.163478 -0.972908
-0.0776557 0.116484 -0.990152
0 0 0
0.0794109 0.119116 -0.9897
0.121503 0.121503 -0.985126
0.198518 0.119111 -0.972833
0.238142 0.119071 -0.963904
0.316475 0.118678 -0.941148
0.327167 0.163583 -0.9307
0.369687 0.123229 -0.920948
0.367196 0.163198 -0.915715
0.405753 0.162301 -0.899457
0.396763 0.158705 -0.904097
0.357269 0.158786 -0.920405
0.404514 0.161805 -0.900104
0.426717 0.232755 -0.873921
0.426717 0.232755 -0.873921
0.399679 0.19984 -0.894606
0.401585 0.160634 -0.901624
0.405828 0.202914 -0.89114
0.401585 0.160634 -0.901624
0.44146 0.160531 -0.882804
0.437584 0.198902 -0.876903
0.427818 0.194463 -0.882698
0.455055 0.227527 -0.860905
0.421818 0.230082 -0.877002
0.429432 0.234236 -0.872194
0.383914 0.230348 -0.894176
0.389052 0.233431 -0.89115
0.429432 0.234236 -0.872194
0.471659 0.23583 -0.84966
0.435798 0.19809 -0.877975
0.392592 0.235555 -0.889036
0.357181 0.198434 -0.912714
0.305764 0.267543 -0.913744
0.231408 0.269976 -0.934646
0.11687 0.272696 -0.954976
0.0386318 0.231791 -0.971998
-0.0398634 0.199317 -0.979124
-0.079286 0.118929 -0.989732
-0.120728 0.16097 -0.979547
-0.0794109 0.119116 -0.9897
-0.11911 0.11911 -0.985711
-0.121428 0.121428 -0.985145
-0.119039 0.119039 -0.985728
-0.155644 0.116733 -0.980892
-0.117081 0.0780538 -0.99005
-0.155497 0.116623 -0.980928
-0.155497 0.116623 -0.980928
-0.151579 0.151579 -0.976754
-0.196435 0.157148 -0.967842
-0.240726 0.160484 -0.957233
-0.204688 0.16375 -0.965033
-0.285852 0.163344 -0.94425
-0.236077 0.157385 -0.958904
-0.274868 0.157067 -0.948566
-0.278973 0.199266 -0.939397
-0.28076 0.160435 -0.946274
-0.326555 0.163278 -0.930968
-0.320172 0.160086 -0.933736
-0.29167 0.166668 -0.941887
-0.329551 0.20597 -0.921397
-0.333189 0.166595 -0.928025
-0.367196 0.163198 -0.915715
-0.317644 0.198528 -0.927194
-0.357111 0.198395 -0.912749
-0.320749 0.160374 -0.933488
-0.320749 0.160374 -0.933488
-0.327167 0.163583 -0.9307
-0.360034 0.160015 -0.919114
-0.360034 0.160015 -0.919114
-0.360034 0.160015 -0.919114
-0.326555 0.163278 -0.930968
-0.360034 0.160015 -0.919114
-0.367196 0.163198 -0.915715
-0.325812 0.162906 -0.931294
-0.320172 0.160086 -0.933736
-0.369687 0.123229 -0.920948
-0.362367 0.120789 -0.924175
-0.369687 0.123229 -0.920948
-0.369687 0.123229 -0.920948
-0.360034 0.160015 -0.919114
-0.360034 0.160015 -0.919114
-0.360681 0.160303 -0.91881
-0.353137 0.15695 -0.922313
-0.319472 0.159736 -0.934035
-0.353137 0.15695 -0.922313
-0.344472 0.191373 -0.919084
-0.367876 0.257513 -0.893507
-0.328882 0.219255 -0.918566
-0.340843 0.227228 -0.912246
-0.289221 0.206587 -0.934705
-0.241735 0.120868 -0.962785
-0.120436 0.160581 -0.979647
0 0 0
0.0760235 0.152047 -0.985445
0.237768 0.118884 -0.964019
0.27697 0.118702 -0.953518
0.31592 0.11847 -0.94136
0.418893 0.190406 -0.887848
0.380219 0.190109 -0.905148
0.410427 0.186558 -0.892607
0.481556 0.120389 -0.868107
0.419644 0.0762989 -0.904476
0.47208 0.07868 -0.878038
0.441151 0.0401047 -0.896536
0.470538 0.0784231 -0.878888
0.459534 0.114884 -0.880699
0.505227 0.116591 -0.855074
0.470538 0.0784231 -0.878888
0.468244 0.117061 -0.875811
0.468244 0.117061 -0.875811
0.468833 0.0781389 -0.879824
0.429836 0.078152 -0.899518
0.399375 0.119812 -0.908925
0.393526 0.0787052 -0.915938
0.47208 0.07868 -0.878038
0.483055 0.161018 -0.860657
0.40934 0.0818679 -0.908702
0.367835 0.122612 -0.921772
0.2416 0.0805334 -0.967028
0.119023 0.0793484 -0.989716
-0.0397462 0.0794925 -0.996043
-0.119517 0.0796782 -0.98963
-0.159446 0.0797228 -0.983982
-0.159351 0.0796753 -0.984002
-0.199179 0.0796715 -0.976719
-0.242178 0.121089 -0.962646
-0.27697 0.118702 -0.953518
-0.31592 0.11847 -0.94136
-0.304078 0.114029 -0.945798
-0.308622 0.154311 -0.938584
-0.269679 0.154102 -0.95054
-0.313366 0.156683 -0.936617
-0.317644 0.198528 -0.927194
-0.352395 0.15662 -0.922653
-0.319472 0.159736 -0.934035
-0.317709 0.158854 -0.934787
-0.27892 0.159383 -0.946996
-0.324941 0.16247 -0.931674
-0.331475 0.165738 -0.928792
-0.33265 0.124744 -0.934764
-0.327055 0.122645 -0.937013
-0.327055 0.122645 -0.937013
-0.319472 0.159736 -0.934035
-0.31865 0.159325 -0.934386
-0.280614 0.120263 -0.952257
-0.327055 0.122645 -0.937013
-0.327055 0.122645 -0.937013
-0.31259 0.156295 -0.936941
-0.31259 0.156295 -0.936941
-0.306749 0.153375 -0.939351
-0.286239 0.122674 -0.950273
-0.327055 0.122645 -0.937013
-0.326037 0.122264 -0.937418
-0.317709 0.158854 -0.934787
-0.350526 0.155789 -0.923505
-0.313549 0.117581 -0.942264
-0.31865 0.159325 -0.934386
-0.316159 0.1976 -0.9279
-0.31865 0.159325 -0.934386
-0.27892 0.159383 -0.946996
-0.314455 0.117921 -0.94192
-0.357269 0.158786 -0.920405
-0.27892 0.159383 -0.946996
-0.275201 0.117943 -0.954125
-0.31865 0.159325 -0.934386
-0.31865 0.159325 -0.934386
-0.31865 0.159325 -0.934386
-0.31865 0.159325 -0.934386
-0.31865 0.159325 -0.934386
-0.31865 0.159325 -0.934386
-0.357269 0.158786 -0.920405
-0.314455 0.117921 -0.94192
-0.314455 0.117921 -0.94192
-0.31259 0.156295 -0.936941
-0.346032 0.115344 -0.931105
-0.359544 0.119848 -0.9254
-0.312532 0.1172 -0.942649
-0.326037 0.122264 -0.937418
-0.313549 0.117581 -0.942264
-0.314455 0.117921 -0.94192
-0.280614 0.120263 -0.952257
-0.237498 0.0791659 -0.968157
-0.242239 0.0807464 -0.966851
-0.241198 0.120599 -0.962953
-0.280614 0.120263 -0.952257
-0.314455 0.117921 -0.94192
-0.296125 0.169214 -0.940041
-0.331475 0.165738 -0.928792
-0.366362 0.162828 -0.916114
-0.280255 0.160146 -0.946473
-0.323863 0.202414 -0.924198
-0.319973 0.23998 -0.91653
-0.367196 0.163198 -0.915715
-0.366362 0.162828 -0.916114
-0.365384 0.162393 -0.916582
-0.366362 0.162828 -0.916114
-0.324941 0.16247 -0.931674
-0.325812 0.162906 -0.931294
-0.360034 0.160015 -0.919114
-0.365384 0.162393 -0.916582
-0.397933 0.159173 -0.903501
-0.368835 0.122945 -0.921328
-0.31865 0.159325 -0.934386
-0.35368 0.117893 -0.927907
-0.327055 0.122645 -0.937013
-0.372716 0.165652 -0.91304
-0.357269 0.158786 -0.920405
-0.31865 0.159325 -0.934386
-0.27892 0.159383 -0.946996
-0.235924 0.117962 -0.964585
-0.239146 0.159431 -0.957805
-0.27892 0.159383 -0.946996
-0.313549 0.117581 -0.942264
-0.315246 0.118217 -0.941618
-0.31581 0.0789526 -0.945532
-0.31581 0.0789526 -0.945532
-0.361564 0.120521 -0.924525
-0.361564 0.120521 -0.924525
-0.360622 0.120207 -0.924933
-0.328594 0.0821486 -0.940892
-0.320634 0.120238 -0.939541
-0.357269 0.158786 -0.920405
-0.31865 0.159325 -0.934386
-0.319674 0.119878 -0.939914
-0.314455 0.117921 -0.94192
-0.316159 0.1976 -0.9279
-0.190464 0.0761856 -0.978733
-0.114095 0.114095 -0.986896
0 0 0
0.114593 0.114593 -0.986781
0.190958 0.114575 -0.974889
0.270734 0.154705 -0.950142
0.356436 0.118812 -0.926734
0.398955 0.159582 -0.902978
0.360034 0.160015 -0.919114
0.394696 0.118409 -0.91115
0.314455 0.117921 -0.94192
0.380219 0.190109 -0.905148
0.344967 0.153318 -0.926008
0.344024 0.152899 -0.926428
0.38091 0.152364 -0.911972
0.378054 0.189027 -0.90628
0.371327 0.185664 -0.90975
0.448596 0.224298 -0.865131
0.483727 0.223259 -0.846264
0.46347 0.15449 -0.872541
0.500996 0.231229 -0.833988
0.459606 0.191503 -0.86723
0.445541 0.22277 -0.867102
0.303722 0.189826 -0.933659
0.462632 0.192763 -0.86534
0.511119 0.157267 -0.845
0.518699 0.1596 -0.839928
0.558002 0.159429 -0.814381
0.511119 0.157267 -0.845
0.522669 0.120616 -0.84396
0.562518 0.12054 -0.817951
0.521016 0.200391 -0.82969
0.511534 0.196744 -0.836436
0.518699 0.1596 -0.839928
0.518471 0.199412 -0.831518
0.479251 0.199688 -0.854659
0.521016 0.200391 -0.82969
0.483734 0.161245 -0.860233
0.481621 0.200675 -0.853095
0.504485 0.194033 -0.841336
0.474887 0.19787 -0.857514
0.523389 0.201303 -0.827974
0.474887 0.19787 -0.857514
0.464253 0.193439 -0.864321
0.513783 0.197609 -0.834852
0.513783 0.197609 -0.834852
0.513783 0.197609 -0.834852
0.506456 0.194791 -0.839975
0.478401 0.239201 -0.844935
0.390805 0.195402 -0.899494
0.36123 0.200683 -0.910626
0.15732 0.11799 -0.980474
0.123077 0.123077 -0.984736
0.040307 0.120921 -0.991843
0 0 0
-0.0796803 0.0796803 -0.993631
-0.0797278 0.0797278 -0.993623
-0.0797278 0.0797278 -0.993623
-0.121503 0.121503 -0.985126
-0.119612 0.0797415 -0.989613
-0.119589 0.0797257 -0.989617
-0.155497 0.116623 -0.980928
-0.159351 0.0796753 -0.984002
-0.198981 0.0795926 -0.976766
-0.198981 0.0795926 -0.976766
-0.161494 0.12112 -0.979413
-0.16084 0.12063 -0.979581
-0.20599 0.0823962 -0.975079
-0.201027 0.120616 -0.972132
-0.237025 0.118513 -0.964248
-0.239765 0.159843 -0.957582
-0.197871 0.197871 -0.960049
-0.194975 0.15598 -0.968326
-0.238438 0.158959 -0.95806
-0.232247 0.193539 -0.953207
-0.225426 0.225426 -0.947822
-0.232901 0.194084 -0.952937
-0.228602 0.190502 -0.954699
-0.30938 0.193362 -0.931072
-0.30938 0.193362 -0.931072
-0.315242 0.197026 -0.928333
-0.314212 0.196382 -0.928819
-0.311702 0.155851 -0.937311
-0.317709 0.158854 -0.934787
-0.313549 0.117581 -0.942264
-0.277169 0.158382 -0.947677
-0.313549 0.117581 -0.942264
-0.273517 0.117222 -0.954698
-0.320011 0.0800028 -0.94403
-0.361201 0.0802669 -0.929027
-0.359544 0.119848 -0.9254
-0.313549 0.117581 -0.942264
-0.352662 0.117554 -0.928337
-0.359544 0.119848 -0.9254
-0.308504 0.115689 -0.944162
-0.308504 0.115689 -0.944162
-0.306749 0.153375 -0.939351
-0.344967 0.153318 -0.926008
-0.311702 0.155851 -0.937311
-0.33775 0.150111 -0.929189
-0.384385 0.115316 -0.915942
-0.359248 0.159666 -0.919483
-0.313549 0.117581 -0.942264
-0.358325 0.159256 -0.919914
-0.358325 0.159256 -0.919914
-0.31865 0.159325 -0.934386
-0.365384 0.162393 -0.916582
-0.359248 0.159666 -0.919483
-0.313549 0.117581 -0.942264
-0.314455 0.117921 -0.94192
-0.314455 0.117921 -0.94192
-0.314455 0.117921 -0.94192
-0.306749 0.153375 -0.939351
-0.31259 0.156295 -0.936941
-0.313549 0.117581 -0.942264
-0.311702 0.155851 -0.937311
-0.31259 0.156295 -0.936941
-0.314212 0.196382 -0.928819
-0.30938 0.193362 -0.931072
-0.312314 0.234235 -0.920649
-0.311314 0.233485 -0.921178
-0.30983 0.271101 -0.911323
-0.31915 0.239363 -0.916978
-0.30983 0.271101 -0.911323
-0.343852 0.305646 -0.887889
-0.263444 0.301079 -0.916487
-0.299954 0.299954 -0.905569
-0.266602 0.304688 -0.914379
-0.274721 0.274721 -0.921443
-0.27773 0.238054 -0.930697
-0.27773 0.238054 -0.930697
-0.314212 0.196382 -0.928819
-0.280363 0.200259 -0.938772
-0.358657 0.199254 -0.911956
-0.276703 0.237174 -0.931227
-0.319023 0.19939 -0.926535
-0.278149 0.198678 -0.939766
-0.270566 0.231914 -0.93435
-0.310207 0.232655 -0.921761
-0.333022 0.259017 -0.906646
-0.294948 0.221211 -0.929554
-0.34243 0.228287 -0.911387
-0.307327 0.192079 -0.932017
-0.307327 0.192079 -0.932017
-0.232336 0.154891 -0.960223
-0.194348 0.155479 -0.968532
-0.117658 0.117658 -0.986059
0 0 0
0.0389765 0.0779529 -0.996195
0.114531 0.114531 -0.986796
0.155762 0.116821 -0.980862
0.237768 0.118884 -0.964019
0.238001 0.119001 -0.963947
0.270481 0.154561 -0.950237
0.308622 0.154311 -0.938584
0.270129 0.15436 -0.95037
0.304543 0.190339 -0.933287
0.30591 0.152955 -0.939694
0.30591 0.152955 -0.939694
0.371327 0.185664 -0.90975
0.32969 0.146529 -0.932649
0.332117 0.184509 -0.925016
0.418336 0.114092 -0.901098
0.418336 0.114092 -0.901098
0.415807 0.151203 -0.896796
0.380629 0.190314 -0.904932
0.375399 0.187699 -0.907659
0.385881 0.115764 -0.915257
0.37665 0.15066 -0.914022
0.385881 0.115764 -0.915257
0.385881 0.115764 -0.915257
0.430284 0.11735 -0.895033
0.422389 0.115197 -0.899065
0.41774 0.151906 -0.895778
0.398735 0.217492 -0.890903
0.36108 0.18054 -0.914892
0.398735 0.217492 -0.890903
0.328121 0.218748 -0.918959
0.304873 0.190545 -0.933137
0.339121 0.15072 -0.92859
0.416506 0.189321 -0.889202
0.416506 0.189321 -0.889202
0.424025 0.192739 -0.884904
0.425988 0.193631 -0.883765
0.396143 0.158457 -0.904412
0.462124 0.192552 -0.865659
0.430284 0.11735 -0.895033
0.446027 0.162192 -0.880201
0.442013 0.200915 -0.874218
0.442013 0.200915 -0.874218
0.39809 0.159236 -0.903421
0.396143 0.158457 -0.904412
0.351791 0.156351 -0.922929
0.351791 0.156351 -0.922929
0.465615 0.232807 -0.853817
0.513783 0.197609 -0.834852
0.541206 0.231945 -0.808268
0.51254 0.236557 -0.825436
0.503558 0.232412 -0.832114
0.503558 0.232412 -0.832114
0.46331 0.231655 -0.855383
0.48277 0.201154 -0.852332
0.473997 0.236998 -0.848032
0.50912 0.195815 -0.838125
0.464253 0.193439 -0.864321
0.501717 0.154374 -0.851146
0.492013 0.113542 -0.863152
0.503248 0.116134 -0.856303
0.522248 0.11191 -0.845419
0.518824 0.148235 -0.841931
0.478215 0.147143 -0.865829
0.478965 0.11053 -0.870847
0.481164 0.111038 -0.86957
0.413491 0.0375901 -0.909732
0.422182 0.0767604 -0.903255
0.385773 0.0771546 -0.919362
0.427455 0.0388595 -0.903201
0.510723 0.0785728 -0.856147
0.471469 0.117867 -0.87397
0.434413 0.0789841 -0.897244
0.471469 0.117867 -0.87397
0.471469 0.117867 -0.87397
0.485277 0.0808794 -0.870612
0.431048 0.0391862 -0.901477
0.358614 0.079692 -0.930078
0.230811 0.115405 -0.96613
0.113299 0.113299 -0.98708
-0.0402746 0.0805492 -0.995937
-0.116752 0.0389172 -0.992398
-0.119404 1.46223e-17 -0.992846
-0.15949 1.95313e-17 -0.987199
-0.156382 1.91507e-17 -0.987697
-0.191595 0.038319 -0.980726
-0.191159 0.0764634 -0.978576
-0.187594 0.0750377 -0.979376
-0.18324 0.109944 -0.976901
-0.187826 0.0751303 -0.979325
-0.187826 0.0751303 -0.979325
-0.225884 0.0376474 -0.973426
-0.225884 0.0376474 -0.973426
-0.229672 0.0765574 -0.970252
-0.230207 0.0383678 -0.972385
-0.234698 0.0391163 -0.971281
-0.268571 0.0383672 -0.962496
-0.267127 0.114483 -0.956837
-0.272429 0.116755 -0.955066
-0.317219 0.118957 -0.940862
-0.31129 0.116734 -0.943118
-0.356995 0.118998 -0.926495
-0.270734 0.154705 -0.950142
-0.342575 0.114192 -0.932525
-0.343989 0.0764419 -0.935857
-0.351554 0.0390616 -0.935352
-0.389936 0.0389936 -0.920016
-0.390956 4.78767e-17 -0.920409
-0.421831 5.16577e-17 -0.906675
-0.383482 4.69615e-17 -0.923548
-0.458496 5.61478e-17 -0.888696
-0.420288 5.14688e-17 -0.907391
-0.418926 0.0380842 -0.907221
-0.418926 0.0380842 -0.907221
-0.412111 0.0374646 -0.910363
-0.411071 0.0747402 -0.908534
-0.448381 0.0747301 -0.890713
-0.456814 0.0761357 -0.886298
-0.458073 0.0381728 -0.888094
-0.427366 5.23355e-17 -0.904079
-0.426972 0.0388156 -0.903431
-0.467365 5.72338e-17 -0.884064
-0.396137 4.85112e-17 -0.918192
-0.428021 0.038911 -0.902931
-0.466912 0.0389094 -0.883447
-0.418808 0.0761469 -0.904876
-0.457725 0.0762875 -0.885815
-0.416018 0.11346 -0.90225
-0.410143 0.0745714 -0.908968
-0.462241 0.11556 -0.879192
-0.371932 0.0743863 -0.925275
-0.407884 0.0741607 -0.910017
-0.390473 0.117142 -0.913131
-0.398185 0.199093 -0.895439
-0.401554 0.240933 -0.883575
-0.392592 0.235555 -0.889036
-0.360325 0.240217 -0.901366
-0.341146 0.227431 -0.912083
-0.308393 0.154197 -0.938678
-0.191763 0.115058 -0.974674
-0.230987 0.0769957 -0.969905
-0.390816 0.0781631 -0.917144
-0.431455 5.28363e-17 -0.902134
-0.385852 0.0385852 -0.921754
-0.429836 0.078152 -0.899518
-0.384844 0.0769689 -0.919767
-0.383187 0.114956 -0.916489
-0.339641 0.113214 -0.933717
-0.389071 0.116721 -0.913783
-0.38926 0.077852 -0.917832
-0.390816 0.0781631 -0.917144
-0.348875 0.116292 -0.929926
-0.389071 0.116721 -0.913783
-0.427845 0.116685 -0.896289
-0.425116 0.154588 -0.89184
-0.389071 0.116721 -0.913783
-0.376446 0.0752891 -0.923374
-0.346399 0.0769774 -0.934924
-0.358334 0.119445 -0.925921
-0.396548 0.118964 -0.910273
-0.44457 0.121246 -0.8875
-0.404306 0.121292 -0.906546
-0.36301 0.161338 -0.917711
-0.38805 0.15522 -0.908473
-0.431056 0.195935 -0.880795
-0.439219 0.199645 -0.875916
-0.392219 0.196109 -0.898724
-0.439219 0.199645 -0.875916
-0.445942 0.202701 -0.871807
-0.43926 0.239596 -0.86582
-0.441079 0.240589 -0.864619
-0.392592 0.235555 -0.889036
-0.38703 0.232218 -0.892347
-0.357181 0.198434 -0.912714
-0.396552 0.198276 -0.896344
-0.36712 0.163164 -0.915751
-0.360105 0.160047 -0.919081
-0.364006 0.202226 -0.909178
-0.348166 0.154741 -0.924573
-0.340509 0.151337 -0.927982
-0.301778 0.188611 -0.934535
-0.349406 0.155292 -0.924013
-0.353263 0.196257 -0.914707
-0.239146 0.159431 -0.957805
-0.236519 0.118259 -0.964403
-0.241735 0.120868 -0.962785
-0.198354 0.0793417 -0.976914
-0.201475 0.120885 -0.972005
-0.162174 0.0810868 -0.983425
-0.165505 0.0827526 -0.982731
-0.202333 0.0809331 -0.975967
-0.199198 0.0398396 -0.979149
-0.194528 0.0778112 -0.977806
-0.194528 0.0778112 -0.977806
-0.241735 0.120868 -0.962785
-0.202333 0.0809331 -0.975967
-0.207027 0.0414053 -0.977459
-0.124035 1.51894e-17 -0.992278
-0.0824611 1.00982e-17 -0.996594
-0.0821995 1.00662e-17 -0.996616
-0.0417573 0.0417573 -0.998255
-0.0415855 0.0415855 -0.998269
-0.0415855 0.0415855 -0.998269
0 0 0
0 0 0
0 0 0
0 0 0
0.042173 0.042173 -0.99822
0.0826188 0.0413094 -0.995725
0.0420889 0 -0.999114
0.0823906 0.0411953 -0.995748
0.040572 0.040572 -0.998353
0.0809606 0.0404803 -0.995895
0.0395826 0.0395826 -0.998432
0.0403812 0.0807623 -0.995915
0 0 0
-0.0398877 0.159551 -0.986384
-0.119954 0.159938 -0.979812
-0.119643 0.159524 -0.979917
-0.159501 0.159501 -0.974227
-0.159028 0.159028 -0.974382
-0.162557 0.121918 -0.979138
-0.161601 0.161601 -0.973535
-0.20196 0.161568 -0.965975
-0.201182 0.160946 -0.966241
-0.198083 0.158467 -0.967291
-0.272601 0.233658 -0.933324
-0.233801 0.233801 -0.943755
-0.231513 0.192927 -0.95351
-0.30938 0.193362 -0.931072
-0.314212 0.196382 -0.928819
-0.305673 0.229255 -0.924125
-0.3415 0.189722 -0.920534
-0.301118 0.225839 -0.926458
-0.338502 0.225668 -0.913505
-0.347845 0.193247 -0.91742
-0.346753 0.19264 -0.917961
-0.344665 0.229777 -0.91017
-0.339396 0.226264 -0.913025
-0.301917 0.226438 -0.926052
-0.311702 0.155851 -0.937311
-0.303722 0.189826 -0.933659
-0.303722 0.189826 -0.933659
-0.303722 0.189826 -0.933659
-0.302799 0.18925 -0.934076
-0.301778 0.188611 -0.934535
-0.301778 0.188611 -0.934535
-0.299227 0.22442 -0.927415
-0.294005 0.220504 -0.930021
-0.255829 0.255829 -0.932257
-0.294948 0.221211 -0.929554
-0.290655 0.217991 -0.931665
-0.295682 0.147841 -0.943777
-0.324508 0.180282 -0.928544
-0.326645 0.145175 -0.933931
-0.334391 0.185773 -0.923943
-0.338067 0.187815 -0.922191
-0.303479 0.227609 -0.925254
-0.341146 0.227431 -0.912083
-0.355584 0.197547 -0.913529
-0.347328 0.231552 -0.908706
-0.346812 0.154139 -0.925183
-0.342964 0.152428 -0.926899
-0.348875 0.116292 -0.929926
-0.37961 0.151844 -0.9126
-0.381861 0.114558 -0.917092
-0.348875 0.116292 -0.929926
-0.382212 0.191106 -0.904097
-0.385175 0.15407 -0.909892
-0.398185 0.199093 -0.895439
-0.401585 0.160634 -0.901624
-0.393997 0.157599 -0.905499
-0.384385 0.115316 -0.915942
-0.378302 0.11349 -0.918699
-0.428021 0.038911 -0.902931
-0.419916 0.0381742 -0.90676
-0.418808 0.0761469 -0.904876
-0.416702 0.0757641 -0.90588
-0.371734 0.0371734 -0.927595
-0.360927 0.144371 -0.921352
-0.297384 0.185865 -0.936492
-0.33932 0.188511 -0.921589
-0.350589 0.194772 -0.916052
-0.350589 0.194772 -0.916052
-0.358466 0.159318 -0.919848
-0.350375 0.0778611 -0.933368
-0.350375 0.0778611 -0.933368
-0.38926 0.077852 -0.917832
-0.396761 0.0793521 -0.914486
-0.36964 0.073928 -0.926229
-0.336253 0.112084 -0.935078
-0.360105 0.160047 -0.919081
-0.315485 0.157742 -0.935728
-0.30278 0.15139 -0.94096
-0.346812 0.154139 -0.925183
-0.39241 0.156964 -0.906298
-0.35334 0.15704 -0.92222
-0.307087 0.153544 -0.939213
-0.334421 0.148632 -0.930629
-0.341791 0.151907 -0.927417
-0.35152 0.117173 -0.928819
-0.433143 0.157507 -0.887456
-0.431056 0.195935 -0.880795
-0.407302 0.122191 -0.905082
-0.408571 0.122571 -0.904459
-0.410625 0.123187 -0.903445
-0.413511 0.0827022 -0.906735
-0.462386 0.126105 -0.877665
-0.475497 0.0864539 -0.875459
-0.500071 0.16669 -0.84979
-0.370389 0.123463 -0.920635
-0.325812 0.162906 -0.931294
-0.356345 0.19797 -0.913141
-0.284436 0.162535 -0.944817
-0.284436 0.162535 -0.944817
-0.331475 0.165738 -0.928792
-0.284436 0.162535 -0.944817
-0.375334 0.125111 -0.918407
-0.333731 0.125149 -0.934324
-0.366691 0.12223 -0.922278
-0.324941 0.16247 -0.931674
-0.319472 0.159736 -0.934035
-0.357269 0.158786 -0.920405
-0.358325 0.159256 -0.919914
-0.358325 0.159256 -0.919914
-0.359248 0.159666 -0.919483
-0.362367 0.120789 -0.924175
-0.372218 0.082715 -0.924452
-0.460769 0.125664 -0.878578
-0.34615 0.0432687 -0.937181
-0.431741 0.0431741 -0.900964
-0.432649 0.0432649 -0.900524
-0.466597 0.0424179 -0.883452
-0.466597 0.0424179 -0.883452
-0.415855 5.09259e-17 -0.909431
-0.406407 0.0406407 -0.912788
-0.371736 0.041304 -0.927419
-0.322078 0.0805194 -0.943283
-0.361201 0.0802669 -0.929027
-0.369536 0.0410596 -0.928309
-0.362296 0.0805102 -0.92858
-0.322078 0.0805194 -0.943283
-0.362296 0.0805102 -0.92858
-0.361201 0.0802669 -0.929027
-0.362296 0.0805102 -0.92858
-0.400571 0.120171 -0.908351
-0.400571 0.120171 -0.908351
-0.436175 0.158609 -0.885773
-0.427984 0.15563 -0.890286
-0.436175 0.158609 -0.885773
-0.374119 0.124706 -0.918958
-0.372757 0.124252 -0.919572
-0.410581 0.0410581 -0.910899
-0.374625 0.0832501 -0.923431
-0.417721 0.0835442 -0.904726
-0.36846 0.08188 -0.926031
-0.358334 0.119445 -0.925921
-0.40934 0.0818679 -0.908702
-0.41063 0.0821259 -0.908096
-0.362296 0.0805102 -0.92858
-0.356151 0.0791447 -0.931071
-0.386383 0.115915 -0.915026
-0.395674 0.0791347 -0.914975
-0.403558 0.0807116 -0.911387
-0.413024 0.0413024 -0.909783
-0.463351 0.0842456 -0.882162
-0.457441 5.60185e-17 -0.88924
-0.466399 5.71155e-17 -0.884574
-0.466597 0.0424179 -0.883452
-0.467134 5.72056e-17 -0.884186
-0.465865 0.0423513 -0.883842
-0.454305 0.0413005 -0.889888
-0.454305 0.0413005 -0.889888
-0.37071 0.04119 -0.927835
-0.362296 0.0805102 -0.92858
-0.356203 0.0395781 -0.93357
-0.356203 0.0395781 -0.93357
-0.322078 0.0805194 -0.943283
-0.361201 0.0802669 -0.929027
-0.354217 0.0787149 -0.931845
-0.352662 0.117554 -0.928337
-0.33775 0.150111 -0.929189
-0.42036 0.267502 -0.86703
-0.381419 0.228851 -0.895627
-0.380121 0.228073 -0.896377
-0.3708 0.25956 -0.891704
-0.369187 0.221512 -0.90257
-0.386676 0.154671 -0.909153
-0.35152 0.117173 -0.928819
-0.354773 0.157677 -0.921561
-0.386676 0.154671 -0.909153
-0.345346 0.153487 -0.925839
-0.350589 0.194772 -0.916052
-0.351791 0.156351 -0.922929
-0.315485 0.157742 -0.935728
-0.355533 0.118511 -0.92712
-0.381861 0.114558 -0.917092
-0.375399 0.187699 -0.907659
-0.349406 0.155292 -0.924013
-0.390805 0.195402 -0.899494
-0.401585 0.160634 -0.901624
-0.325843 0.144819 -0.934266
-0.335371 0.186317 -0.923478
-0.346753 0.19264 -0.917961
-0.386676 0.154671 -0.909153
-0.268399 0.115028 -0.956416
-0.350256 0.116752 -0.929349
-0.312532 0.1172 -0.942649
-0.313861 0.0784653 -0.946221
-0.356995 0.118998 -0.926495
-0.363989 0.12133 -0.923467
-0.363989 0.12133 -0.923467
-0.357269 0.158786 -0.920405
-0.357269 0.158786 -0.920405
-0.382085 0.152834 -0.911402
-0.391741 0.117522 -0.912539
-0.407302 0.122191 -0.905082
-0.391741 0.117522 -0.912539
-0.358334 0.119445 -0.925921
-0.352662 0.117554 -0.928337
-0.352662 0.117554 -0.928337
-0.33775 0.150111 -0.929189
-0.301117 0.150558 -0.941627
-0.338642 0.150508 -0.9288
-0.344967 0.153318 -0.926008
-0.389291 0.155717 -0.907857
-0.391741 0.117522 -0.912539
-0.344024 0.152899 -0.926428
-0.35152 0.117173 -0.928819
-0.35152 0.117173 -0.928819
-0.349406 0.155292 -0.924013
-0.312532 0.1172 -0.942649
-0.35152 0.117173 -0.928819
-0.356084 0.158259 -0.920955
-0.313861 0.0784653 -0.946221
-0.356084 0.158259 -0.920955
-0.352662 0.117554 -0.928337
-0.352662 0.117554 -0.928337
-0.398032 0.11941 -0.909567
-0.353058 0.0784573 -0.932306
-0.347493 0.0772207 -0.934497
-0.346994 0.115665 -0.930708
-0.341344 0.113781 -0.933026
-0.306187 0.0765467 -0.948889
-0.267934 0.0765526 -0.960391
-0.268818 0.0384026 -0.962425
-0.40678 4.98146e-17 -0.913526
-0.419644 0.0762989 -0.904476
-0.427722 0.0777677 -0.900559
-0.456814 0.0761357 -0.886298
-0.416986 0.113723 -0.90177
-0.375054 0.0750109 -0.923963
-0.337998 0.0751107 -0.938145
-0.297718 0.148859 -0.942977
-0.298946 0.112105 -0.947662
-0.410139 0.111856 -0.905137
-0.296339 0.148169 -0.94352
-0.296339 0.148169 -0.94352
-0.338642 0.150508 -0.9288
-0.344967 0.153318 -0.926008
-0.351523 0.156233 -0.923051
-0.391741 0.117522 -0.912539
-0.318597 0.119474 -0.940331
-0.359544 0.119848 -0.9254
-0.358334 0.119445 -0.925921
-0.314455 0.117921 -0.94192
-0.314455 0.117921 -0.94192
-0.35368 0.117893 -0.927907
-0.35152 0.117173 -0.928819
-0.359544 0.119848 -0.9254
-0.366691 0.12223 -0.922278
-0.352662 0.117554 -0.928337
-0.313549 0.117581 -0.942264
-0.352662 0.117554 -0.928337
-0.306749 0.153375 -0.939351
-0.306749 0.153375 -0.939351
-0.30591 0.152955 -0.939694
-0.335371 0.186317 -0.923478
-0.336243 0.186802 -0.923063
-0.336243 0.186802 -0.923063
-0.372413 0.186206 -0.909195
-0.335371 0.186317 -0.923478
-0.382085 0.152834 -0.911402
-0.350526 0.155789 -0.923505
-0.38313 0.153252 -0.910893
-0.38313 0.153252 -0.910893
-0.348818 0.193788 -0.916936
-0.390736 0.234442 -0.890147
-0.402234 0.201117 -0.893174
-0.355447 0.19747 -0.913599
-0.319472 0.159736 -0.934035
-0.354217 0.0787149 -0.931845
-0.393526 0.0787052 -0.915938
-0.393526 0.0787052 -0.915938
-0.385451 0.115635 -0.915454
-0.425799 0.0774179 -0.9015
-0.465565 0.0775942 -0.881605
-0.425799 0.0774179 -0.9015
-0.379889 0.0759778 -0.921906
-0.428418 5.24643e-17 -0.903581
-0.388514 4.75777e-17 -0.921443
-0.379889 0.0759778 -0.921906
-0.41246 5.05101e-17 -0.910976
-0.419916 0.0381742 -0.90676
-0.39678 0.039678 -0.917056
-0.43575 5.33623e-17 -0.900068
-0.396137 4.85112e-17 -0.918192
-0.388514 4.75777e-17 -0.921443
-0.389471 4.76948e-17 -0.921039
-0.428021 0.038911 -0.902931
-0.412111 0.0374646 -0.910363
-0.379889 0.0759778 -0.921906
-0.416702 0.0757641 -0.90588
-0.424609 0.0772017 -0.902079
-0.393526 0.0787052 -0.915938
-0.393526 0.0787052 -0.915938
-0.383187 0.114956 -0.916489
-0.392239 0.0784478 -0.916512
-0.398032 0.11941 -0.909567
-0.438181 0.0796692 -0.895349
-0.358334 0.119445 -0.925921
-0.389071 0.116721 -0.913783
-0.37961 0.151844 -0.9126
-0.37961 0.151844 -0.9126
-0.386676 0.154671 -0.909153
-0.349406 0.155292 -0.924013
-0.341791 0.151907 -0.927417
-0.341791 0.151907 -0.927417
-0.386676 0.154671 -0.909153
-0.338067 0.187815 -0.922191
-0.425116 0.154588 -0.89184
-0.431403 0.156874 -0.888416
-0.306688 0.115008 -0.944836
-0.37961 0.151844 -0.9126
-0.381861 0.114558 -0.917092
-0.429385 0.117105 -0.895497
-0.392239 0.0784478 -0.916512
-0.429385 0.117105 -0.895497
-0.399916 0.0799833 -0.913055
-0.47208 0.07868 -0.878038
-0.417827 0.0759685 -0.905345
-0.411174 0.0373795 -0.91079
-0.42387 0.115601 -0.898315
-0.416018 0.11346 -0.90225
-0.463137 0.0771895 -0.882919
-0.416986 0.113723 -0.90177
-0.474883 0.0395736 -0.879159
-0.435329 0.0395754 -0.899401
-0.473496 0.039458 -0.879912
-0.434057 0.0394597 -0.900021
-0.394612 0.0394612 -0.918
-0.357436 4.37718e-17 -0.933938
-0.365449 4.47532e-17 -0.930831
-0.318132 0.0397665 -0.947212
-0.279256 0.0398937 -0.959388
-0.2037 2.49453e-17 -0.979033
-0.203524 0.0407048 -0.978223
-0.122244 0.040748 -0.991663
-0.159741 0.0399353 -0.986351
-0.119688 0.0398959 -0.99201
-0.16296 1.99562e-17 -0.986633
-0.122043 1.49455e-17 -0.992525
-0.162724 1.99273e-17 -0.986672
-0.162724 1.99273e-17 -0.986672
-0.162724 1.99273e-17 -0.986672
-0.203027 2.48629e-17 -0.979173
-0.203405 2.49091e-17 -0.979095
-0.278372 0.0397674 -0.95965
-0.283984 0.0405691 -0.95797
-0.325147 0.0406434 -0.94479
-0.372611 0.0414012 -0.927064
-0.403558 0.0807116 -0.911387
-0.405209 0.0810417 -0.910625
-0.477129 0.0397607 -0.877933
-0.477129 0.0397607 -0.877933
-0.478644 0.039887 -0.877103
-0.479138 5.86756e-17 -0.877739
-0.447029 0.040639 -0.893596
-0.438599 5.37111e-17 -0.898683
-0.437388 0.0397626 -0.898393
-0.438168 0.0398334 -0.89801
-0.478644 0.039887 -0.877103
-0.438777 0.0398888 -0.89771
-0.437921 0.079622 -0.895481
-0.477172 0.0795287 -0.875204
-0.44814 0.04074 -0.893035
-0.477643 0.0796072 -0.87494
-0.477643 0.0796072 -0.87494
-0.477927 0.0796545 -0.874781
-0.437921 0.079622 -0.895481
-0.47912 0.0399267 -0.876841
-0.439214 0.0399285 -0.897495
-0.437921 0.079622 -0.895481
-0.430628 5.2735e-17 -0.902529
-0.39148 4.79409e-17 -0.920187
-0.396137 4.85112e-17 -0.918192
-0.437816 5.36153e-17 -0.899064
-0.39678 0.039678 -0.917056
-0.397151 4.86353e-17 -0.917753
-0.389123 0.0389123 -0.920363
-0.394672 0.0789344 -0.915425
-0.432815 0.0786937 -0.898041
-0.389071 0.116721 -0.913783
-0.389071 0.116721 -0.913783
-0.436054 0.118924 -0.892028
-0.404306 0.121292 -0.906546
-0.404306 0.121292 -0.906546
-0.436054 0.118924 -0.892028
-0.44457 0.121246 -0.8875
-0.436054 0.118924 -0.892028
-0.398032 0.11941 -0.909567
-0.390473 0.117142 -0.913131
-0.430777 0.117485 -0.894779
-0.422699 0.115282 -0.898908
-0.422699 0.115282 -0.898908
-0.450882 0.150294 -0.879839
-0.425799 0.0774179 -0.9015
-0.416018 0.11346 -0.90225
-0.434075 0.0789227 -0.897413
-0.435329 0.0395754 -0.899401
-0.385451 0.115635 -0.915454
-0.441337 0.0802432 -0.893746
-0.439838 0.0799706 -0.894509
-0.401063 0.0401063 -0.915172
-0.399916 0.0799833 -0.913055
-0.403668 0.0403668 -0.914015
-0.441337 0.0802432 -0.893746
-0.399916 0.0799833 -0.913055
-0.393313 0.0393313 -0.918563
-0.394612 0.0394612 -0.918
-0.393313 0.0393313 -0.918563
-0.392239 0.0784478 -0.916512
-0.390816 0.0781631 -0.917144
-0.438181 0.0796692 -0.895349
-0.398032 0.11941 -0.909567
-0.398032 0.11941 -0.909567
-0.446845 0.0812446 -0.890915
-0.436054 0.118924 -0.892028
-0.437684 0.119368 -0.89117
-0.431401 0.0784365 -0.898744
-0.436054 0.118924 -0.892028
-0.427845 0.116685 -0.896289
-0.426623 0.155136 -0.891025
-0.46347 0.15449 -0.872541
-0.425116 0.154588 -0.89184
-0.390473 0.117142 -0.913131
-0.398032 0.11941 -0.909567
-0.437684 0.119368 -0.89117
-0.47208 0.07868 -0.878038
-0.434057 0.0394597 -0.900021
0 0 0
