-0.333012 0.199807 -0.92151
-0.336111 0.168056 -0.926707
-0.370342 0.168337 -0.913515
-0.339406 0.135762 -0.930791
-0.377209 0.171459 -0.910118
-0.388038 0.105828 -0.915547
-0.416679 0.10417 -0.903065
-0.401492 0.133831 -0.906032
-0.427247 0.131461 -0.894527
-0.418096 0.160806 -0.894057
-0.391703 0.16321 -0.905501
-0.405408 0.135136 -0.904092
-0.33139 0.165695 -0.92883
-0.338774 0.13551 -0.931058
-0.340961 0.102288 -0.934496
-0.386071 0.14039 -0.911724
-0.350395 0.140158 -0.926056
-0.352831 0.105849 -0.929681
-0.3074 0.102467 -0.946047
-0.277087 0.138544 -0.950804
-0.277378 0.138689 -0.950698
-0.278861 0.104573 -0.954621
-0.274119 0.102795 -0.956186
-0.278861 0.104573 -0.954621
-0.312211 0.13876 -0.939824
-0.294036 0.0653414 -0.953558
-0.302975 0.100992 -0.947632
-0.244031 0.104585 -0.964111
-0.203268 0.033878 -0.978537
-0.163822 0.0327644 -0.985946
-0.132959 0.0664796 -0.988889
-0.13113 1.60583e-17 -0.991365
-0.199884 0.0333141 -0.979253
-0.24418 0.104648 -0.964067
-0.27903 0.104636 -0.954564
-0.312351 0.138823 -0.939769
-0.312351 0.138823 -0.939769
-0.297077 0.132034 -0.945681
-0.317972 0.158986 -0.934675
-0.283102 0.125823 -0.950801
-0.286295 0.159053 -0.944848
-0.292307 0.129914 -0.947459
-0.323058 0.161529 -0.932492
-0.328219 0.164109 -0.930237
-0.323016 0.161508 -0.932511
-0.352759 0.192414 -0.915717
-0.386566 0.161069 -0.908088
-0.458121 0.163615 -0.873702
-0.46049 0.131569 -0.87786
-0.482842 0.160947 -0.86079
-0.491027 0.163676 -0.85563
-0.494154 0.131774 -0.859329
-0.494154 0.131774 -0.859329
-0.468818 0.133948 -0.873079
-0.463659 0.0993555 -0.880425
-0.435518 0.134005 -0.89015
-0.471386 0.101011 -0.876124
-0.470854 0.100897 -0.876422
-0.40406 0.101015 -0.909138
-0.439366 0.0675947 -0.895762
-0.405665 0.0676109 -0.911518
-0.378039 0.0687343 -0.923235
-0.404288 0.101072 -0.90903
-0.450606 0.138648 -0.881891
-0.423341 0.141114 -0.894913
-0.347013 0.138805 -0.927532
-0.346961 0.138784 -0.927554
-0.381591 0.13876 -0.913857
-0.38822 0.141171 -0.91069
-0.381591 0.13876 -0.913857
-0.40211 0.146222 -0.90384
-0.30848 0.102827 -0.945657
-0.312351 0.138823 -0.939769
-0.294958 0.0737395 -0.952661
-0.213599 0.0355999 -0.976273
-0.180848 0.0723392 -0.980847
-0.142199 0.0355498 -0.989199
-0.217457 0.0362428 -0.975397
-0.178199 0.0356397 -0.983349
-0.172184 2.10857e-17 -0.985065
-0.202803 0.0338005 -0.978636
-0.206406 2.52766e-17 -0.978466
-0.175085 0.0350171 -0.98393
-0.218038 2.6701e-17 -0.97594
-0.214252 2.62374e-17 -0.976779
-0.210262 0.0350436 -0.977017
-0.178316 2.18367e-17 -0.983973
-0.174898 0.0349795 -0.983965
-0.213411 0.071137 -0.974369
-0.174206 0.104524 -0.979146
-0.17799 0.071196 -0.981453
-0.177849 0.0711397 -0.981483
-0.142284 0.0711418 -0.987266
-0.104858 0.0699051 -0.992027
-0.174568 0.069827 -0.982166
-0.142005 0.106504 -0.98412
-0.173657 0.138926 -0.974958
-0.226325 0.161661 -0.960543
-0.250823 0.21947 -0.942826
-0.281358 0.218834 -0.934317
-0.294152 0.228785 -0.927972
-0.327766 0.19666 -0.924064
-0.363637 0.16529 -0.916759
-0.329176 0.197506 -0.923382
-0.365029 0.165922 -0.916091
-0.336823 0.168411 -0.926384
-0.369562 0.167983 -0.913896
-0.336823 0.168411 -0.926384
-0.336823 0.168411 -0.926384
-0.330713 0.165356 -0.929132
-0.330713 0.165356 -0.929132
-0.328513 0.197108 -0.923703
-0.319019 0.191411 -0.928218
-0.289006 0.160559 -0.943767
-0.289006 0.160559 -0.943767
-0.319019 0.191411 -0.928218
-0.276751 0.215251 -0.936523
-0.347507 0.221141 -0.911228
-0.326125 0.163062 -0.931157
-0.33139 0.165695 -0.92883
-0.329754 0.197853 -0.923102
-0.333241 0.133296 -0.933372
-0.326125 0.163062 -0.931157
-0.295157 0.131181 -0.9464
-0.294116 0.163398 -0.941699
-0.321556 0.160778 -0.933141
-0.329342 0.131737 -0.934976
-0.268388 0.134194 -0.953918
-0.268539 0.13427 -0.953865
-0.231983 0.0994211 -0.967626
-0.197503 0.131669 -0.971419
-0.200093 0.133395 -0.970654
-0.136207 0.102156 -0.985399
-0.136207 0.102156 -0.985399
-0.101939 0.101939 -0.989554
-0.0997597 0.0997597 -0.989998
-0.0994714 0.0994714 -0.990056
-0.0991586 0.0991586 -0.990119
-0.132996 0.066498 -0.988883
-0.101402 0.0676011 -0.992546
-0.1352 0.0675998 -0.98851
-0.101707 0.0678047 -0.992501
-0.0997597 0.0997597 -0.989998
-0.0981584 0.0981584 -0.990318
-0.0997597 0.0997597 -0.989998
-0.132623 0.0994676 -0.986163
-0.1352 0.0675998 -0.98851
-0.132996 0.066498 -0.988883
-0.168995 0.0675981 -0.983296
-0.137476 0.068738 -0.988117
-0.139829 0.0699143 -0.987704
-0.140279 0.0701396 -0.987625
-0.140279 0.0701396 -0.987625
-0.17184 0.0687362 -0.982724
-0.134758 0.0673789 -0.988585
-0.1352 0.0675998 -0.98851
-0.137064 0.102798 -0.985214
-0.136604 0.102453 -0.985314
-0.138911 0.104183 -0.984809
-0.137064 0.102798 -0.985214
-0.102378 0.136505 -0.985335
-0.136604 0.102453 -0.985314
-0.102378 0.136505 -0.985335
-0.102803 0.102803 -0.989375
-0.102037 0.13605 -0.985433
-0.102378 0.136505 -0.985335
-0.104188 0.104188 -0.989085
-0.102037 0.13605 -0.985433
-0.102037 0.13605 -0.985433
-0.103361 0.137815 -0.98505
-0.0669541 0.100431 -0.992689
-0.067784 0.135568 -0.988447
-0.067784 0.135568 -0.988447
-0.101671 0.135561 -0.985539
-0.067784 0.135568 -0.988447
-0.100428 0.100428 -0.989863
-0.101671 0.135561 -0.985539
-0.102086 0.102086 -0.989524
-0.101671 0.135561 -0.985539
-0.101689 0.101689 -0.989605
-0.104507 0.0696714 -0.992081
-0.104304 0.0347679 -0.993938
-0.102165 0.034055 -0.994184
-0.0688319 0.0688319 -0.995251
-0.0712902 0.106935 -0.991707
-0.0653958 0.130792 -0.989251
-0.0653958 0.130792 -0.989251
-0.100758 0.16793 -0.980636
-0.0680286 0.136057 -0.988363
-0.0666918 0.133384 -0.988818
-0.0643801 0.12876 -0.989584
-0.0648338 0.162085 -0.984645
-0.0966817 0.193363 -0.976352
-0.0992633 0.132351 -0.98622
-0.100349 0.167248 -0.980795
-0.0654629 0.196389 -0.978338
-0.0651928 0.195578 -0.978519
-0.0962951 0.19259 -0.976543
-0.063241 0.189723 -0.979799
-0.0658537 0.164634 -0.984154
-0.0672455 0.134491 -0.98863
-0.068628 0.102942 -0.992317
-0.0664349 0.0996524 -0.992802
-0.0996496 0.0996496 -0.99002
-0.0669541 0.100431 -0.992689
-0.0643727 0.096559 -0.993243
-0.0965659 0.128755 -0.986964
-0.0641396 0.128279 -0.989662
-0.0932406 0.155401 -0.983441
-0.094317 0.157195 -0.983053
-0.0628819 0.157205 -0.985562
-0.129379 0.194068 -0.972419
-0.130777 0.130777 -0.982749
-0.167886 0.167886 -0.971405
-0.103361 0.137815 -0.98505
-0.0688319 0.0688319 -0.995251
-0.0715189 0.0715189 -0.994872
-0.0699917 0.0699917 -0.995089
-0.103381 0.103381 -0.989255
-0.102086 0.102086 -0.989524
-0.100428 0.100428 -0.989863
-0.0987732 0.164622 -0.981399
-0.13287 0.13287 -0.982187
-0.131046 0.163808 -0.977749
-0.134266 0.134266 -0.981807
-0.166027 0.132821 -0.977135
-0.135212 0.101409 -0.985614
-0.135771 0.169714 -0.976096
-0.103746 0.138328 -0.984938
-0.103361 0.137815 -0.98505
-0.14363 0.14363 -0.979153
-0.142261 0.0711306 -0.98727
-0.177831 0.106698 -0.978259
-0.1753 0.10518 -0.978881
-0.171601 0.137281 -0.975555
-0.136913 0.136913 -0.981076
-0.134808 0.101106 -0.9857
-0.134664 0.134664 -0.981698
-0.171601 0.137281 -0.975555
-0.135912 0.101934 -0.985463
-0.139235 0.139235 -0.980422
-0.102693 0.136924 -0.985244
-0.101279 0.135038 -0.985651
-0.0990872 0.132116 -0.986269
-0.0958079 0.15968 -0.982509
-0.0970529 0.161755 -0.982047
-0.0985997 0.164333 -0.981465
-0.0676107 0.101416 -0.992544
-0.0676107 0.101416 -0.992544
-0.102378 0.136505 -0.985335
-0.133833 0.133833 -0.981925
-0.0678995 0.169749 -0.983145
-0.102037 0.13605 -0.985433
-0.103361 0.137815 -0.98505
-0.102457 0.102457 -0.989447
-0.0669541 0.100431 -0.992689
-0.070075 0.14015 -0.987647
-0.0344568 0.137827 -0.989857
0 0 0
0 0 0
0 0 0
0 0 0
0.0341739 0.136696 -0.990023
0.0348894 0.104668 -0.993895
0.068628 0.102942 -0.992317
0.0353273 0.141309 -0.989335
0.0357537 0.143015 -0.989075
0.0715047 0.143009 -0.987135
0.0357537 0.143015 -0.989075
0.0370048 0.148019 -0.988292
0.0363628 0.181814 -0.98266
0.0346058 0.173029 -0.984309
0 0 0
0 0 0
0.034234 0.136936 -0.989988
0.0338591 0.135436 -0.990207
0 0 0
0.0698838 0.104826 -0.992032
0.0676494 0.101474 -0.992535
0.0681888 0.0681888 -0.995339
0.132861 0.0996457 -0.986113
0.131784 0.131784 -0.982479
0.132342 0.132342 -0.98233
0.0992263 0.0992263 -0.990105
0.100358 0.100358 -0.989877
0.102776 0.0685172 -0.992342
0.133235 0.0666177 -0.988843
0.101689 0.101689 -0.989605
0.136219 0.0340548 -0.990093
0.170636 0.0682542 -0.982967
0.166541 0.0666162 -0.983782
0.166735 0.100041 -0.980913
0.167214 0.0668857 -0.983649
0.203107 0.0677025 -0.976813
0.172385 0.034477 -0.984426
0.172385 0.034477 -0.984426
0.14096 0 -0.990015
0.172385 0.034477 -0.984426
0.173133 0.0346265 -0.98429
0.170636 0.0682542 -0.982967
0.173133 0.0346265 -0.98429
0.173133 0.0346265 -0.98429
0.173837 0.0347675 -0.98416
0.138507 0.0346268 -0.989756
0.14096 0 -0.990015
0.14087 0.0352176 -0.989401
0.138507 0.0346268 -0.989756
0.139071 0.0347677 -0.989672
0.135979 0.0679893 -0.988376
0.133775 0.0668873 -0.988752
0.100333 0.0668885 -0.992703
0.100333 0.0668885 -0.992703
0 0 0
0 0 0
-0.134514 0.0336285 -0.990341
-0.164308 0.0328615 -0.985862
-0.234435 0.0334908 -0.971555
-0.233401 0.0666859 -0.970091
-0.237724 0.0339606 -0.970739
-0.203152 0.0338586 -0.978562
-0.203766 0.0339609 -0.97843
-0.237008 0.0338583 -0.970918
-0.271919 0.0679797 -0.959916
-0.268076 0.0670191 -0.961064
-0.265588 0.0331985 -0.963515
-0.338569 0.0338569 -0.940332
-0.385449 0.0350408 -0.922063
-0.419708 0.0349756 -0.906985
-0.390331 0.0354847 -0.91999
-0.38357 0.03487 -0.922853
-0.369994 0.0672717 -0.926595
-0.398069 0.0663448 -0.914953
-0.365621 0.0332383 -0.93017
-0.412519 0.0343765 -0.9103
-0.383844 4.70058e-17 -0.923398
-0.384213 0.0349285 -0.922583
-0.377909 4.62789e-17 -0.925843
-0.385018 4.71496e-17 -0.922909
-0.419132 0.0349276 -0.907253
-0.38357 0.03487 -0.922853
-0.452252 0.0695772 -0.889172
-0.40505 0.0337542 -0.913671
-0.430671 0.0662571 -0.900074
-0.404226 0.067371 -0.912175
-0.404226 0.067371 -0.912175
-0.364616 0.0331469 -0.930568
-0.303234 0.0673853 -0.950531
-0.266519 3.2638e-17 -0.96383
-0.196506 0.032751 -0.979956
-0.0995991 0.0331997 -0.994474
-0.0339814 4.16138e-18 -0.999422
0 0 0
0 0 0
0.0339129 0.0339129 -0.998849
0 0 0
0 0 0
0 0 0
-0.0347681 0.0347681 -0.99879
-0.0342543 0.0685086 -0.997062
0.0341294 0.0682588 -0.997084
0.0675144 0.101272 -0.992565
0.0669529 0.133906 -0.98873
0.0669529 0.133906 -0.98873
0.0672455 0.134491 -0.98863
0.0999284 0.0666189 -0.992762
0.0709641 0.106446 -0.991783
0.0711897 0.0711897 -0.994919
0.0694506 0.104176 -0.992131
0.034726 0.104178 -0.993952
0.068317 0.102476 -0.992387
0.0343195 0.137278 -0.989938
0.0674348 0.168587 -0.983377
0.0661787 0.132357 -0.98899
0.0664429 0.132886 -0.988902
0.0661787 0.132357 -0.98899
0.067795 0.101692 -0.992503
0.067795 0.101692 -0.992503
0.0691293 0.0691293 -0.99521
0.0691293 0.0691293 -0.99521
0.0689228 0.103384 -0.992251
0.0689228 0.103384 -0.992251
0.106909 0.142545 -0.983998
0.106454 0.141938 -0.984135
0.0709737 0.141947 -0.987327
0.0709737 0.141947 -0.987327
0.106909 0.142545 -0.983998
0.106909 0.142545 -0.983998
0.0712773 0.142555 -0.987217
0.105971 0.141295 -0.984279
0.0709737 0.141947 -0.987327
0.0709737 0.141947 -0.987327
0.104663 0.104663 -0.988985
0.0697865 0.139573 -0.98775
0.070573 0.176432 -0.98178
0.101973 0.169955 -0.980162
0.0702566 0.175642 -0.981944
0.0694806 0.138961 -0.987857
0.070573 0.176432 -0.98178
0.0352885 0.176443 -0.983678
0.070573 0.176432 -0.98178
0.0724909 0.217473 -0.973371
0.105375 0.175625 -0.978801
0.0689112 0.137822 -0.988057
0.0694055 0.173514 -0.982383
0.0347047 0.173523 -0.984218
0.0683456 0.136691 -0.988253
0.0694806 0.138961 -0.987857
0.0347047 0.173523 -0.984218
0.0694806 0.138961 -0.987857
0.0702566 0.175642 -0.981944
0.0358914 0.179457 -0.983111
0.0702566 0.175642 -0.981944
0.0702566 0.175642 -0.981944
0.0714455 0.178614 -0.981322
0.0702566 0.175642 -0.981944
0.0351303 0.175652 -0.983825
0.0345802 0.138321 -0.989784
0.034894 0.209364 -0.977215
0 0 0
0.0351303 0.175652 -0.983825
0.0337813 0.202688 -0.978661
0.0691045 0.172761 -0.982537
0.0697824 0.209347 -0.975348
0.0697824 0.209347 -0.975348
0.0672182 0.100827 -0.992631
0.0325041 0.0650083 -0.997355
0.067716 0.135432 -0.98847
0.0334538 0.167269 -0.985344
0.0330903 0.132361 -0.990649
0 0 0
-0.0332225 0.13289 -0.990574
0 0 0
0 0 0
0.0344162 0.0688325 -0.997034
0 0 0
0.033996 0.067992 -0.997106
0.0689551 0.0344775 -0.997024
0.0674097 0.0674097 -0.995446
0.101561 0.0677075 -0.992523
0.0675144 0.101272 -0.992565
0.0338545 0.067709 -0.997131
0.0677084 0.0677084 -0.995405
0.0677084 0.0677084 -0.995405
0.0675254 0.0337627 -0.997146
0.0674097 0.0674097 -0.995446
0.0337051 0.0674102 -0.997156
0.0655644 0.0655644 -0.995692
0.0677084 0.0677084 -0.995405
0.0671433 0.0671433 -0.995482
0.0679915 0.0679915 -0.995366
0.0695361 0.0347681 -0.996973
0.0691293 0.0691293 -0.99521
0.0692541 0.0346271 -0.996998
0.0691293 0.0691293 -0.99521
0.0692541 0.0346271 -0.996998
0.033996 0.067992 -0.997106
0.0677084 0.0677084 -0.995405
0.0664349 0.0996524 -0.992802
0.0319436 0.127774 -0.991289
0.0641396 0.128279 -0.989662
0.0307398 0.153699 -0.987639
0.0638436 0.159609 -0.985114
0.103494 0 -0.99463
0 0 0
0.0638855 0.127771 -0.989744
0.0661527 0.099229 -0.992863
0.0706205 0.105931 -0.991863
0.0365389 0.109617 -0.993302
0.0709641 0.106446 -0.991783
0.0351577 0.140631 -0.989438
0.104215 0.138953 -0.9848
0.0680385 0.136077 -0.988359
0.0345802 0.138321 -0.989784
0.0691579 0.138316 -0.987971
0.0351577 0.140631 -0.989438
0.0694506 0.104176 -0.992131
0.0694506 0.104176 -0.992131
0.0351577 0.140631 -0.989438
0.0341591 0.102477 -0.994149
0.0336097 0.100829 -0.994336
0.0334542 0.100363 -0.994388
0.0684656 0.136931 -0.988212
0.0344108 0.137643 -0.989884
0.0684656 0.136931 -0.988212
0.0341891 0.102567 -0.994138
0.0698838 0.104826 -0.992032
0.032835 0.164175 -0.985885
0.0659969 0.164992 -0.984084
0.064612 0.193836 -0.978904
0.0316777 0.190066 -0.98126
0.0324952 0.162476 -0.986177
0.0323376 0.161688 -0.986312
0.0324952 0.162476 -0.986177
0.0323376 0.161688 -0.986312
0.0316777 0.190066 -0.98126
0.0326463 0.163232 -0.986047
0.065546 0.098319 -0.992994
0.0678446 0.0678446 -0.995386
0.067096 0.067096 -0.995488
0.067096 0.067096 -0.995488
0.098584 0.0657227 -0.992956
0.0953423 0.0953423 -0.990868
0.0636183 0.127237 -0.98983
0.0311964 0.155982 -0.987267
0.063593 0.158983 -0.985231
0.0980797 0.0980797 -0.990334
0.101269 0.101269 -0.989692
0.101269 0.101269 -0.989692
0.135019 0.101264 -0.985655
0.102776 0.0685172 -0.992342
0.102282 0.0681878 -0.992416
0.10343 0.0689535 -0.992244
0.0679906 0.101986 -0.99246
0.0669072 0.100361 -0.992699
0.0679906 0.101986 -0.99246
0.132297 0.0992225 -0.986231
0.134474 0.134474 -0.98175
0.139543 0.104657 -0.98467
0.170824 0.136659 -0.975778
0.103972 0.0693149 -0.992162
0.0691077 0.103662 -0.992209
0.0694506 0.104176 -0.992131
0.0696619 0.0696619 -0.995135
0.0341591 0.102477 -0.994149
0.0694506 0.104176 -0.992131
0.035915 0.107745 -0.99353
0.0351577 0.140631 -0.989438
0.0349798 0.139919 -0.989545
0.067716 0.135432 -0.98847
0.0692079 0.17302 -0.982484
0.0666237 0.199871 -0.977554
0.073457 0.110186 -0.991193
0 0 0
0 0 0
0.0599466 0.149867 -0.986887
0.0294433 0.147217 -0.988666
0.0304111 0.152056 -0.987904
0 0 0
-0.033218 0.099654 -0.994468
-0.134329 0.167911 -0.976607
-0.170623 0.170623 -0.970451
-0.2343 0.200828 -0.951195
-0.198411 0.198411 -0.959826
-0.195317 0.195317 -0.961095
-0.192313 0.192313 -0.962305
-0.162656 0.162656 -0.973183
-0.132694 0.165867 -0.97718
-0.133367 0.133367 -0.982052
-0.132694 0.165867 -0.97718
-0.132204 0.165255 -0.97735
-0.133367 0.133367 -0.982052
-0.167886 0.167886 -0.971405
-0.137803 0.137803 -0.980826
-0.13558 0.101685 -0.985534
-0.166072 0.132858 -0.977123
-0.133367 0.133367 -0.982052
-0.136109 0.102082 -0.985421
-0.137835 0.103376 -0.985046
-0.137835 0.103376 -0.985046
-0.108293 0.14439 -0.983577
-0.108293 0.14439 -0.983577
-0.107785 0.143713 -0.983732
-0.146909 0.146909 -0.97818
-0.145053 0.10879 -0.983425
-0.144849 0.0724245 -0.9868
-0.184254 0.0737014 -0.980112
-0.181055 0.0724222 -0.980803
-0.181922 0.0727688 -0.980617
-0.185167 0.0740669 -0.979912
-0.145839 0.0364597 -0.988636
-0.145445 0.145445 -0.978617
-0.103658 0.103658 -0.989197
-0.0999633 0.133284 -0.986024
-0.130557 0.163196 -0.977917
-0.124586 0.186879 -0.974451
-0.0669541 0.100431 -0.992689
-0.0980892 0.130786 -0.986546
-0.102513 0.136684 -0.985296
-0.0699917 0.0699917 -0.995089
-0.0696619 0.0696619 -0.995135
-0.0689551 0.0344775 -0.997024
-0.0685181 0.0685181 -0.995294
0 0 0
0 0 0
-0.0344776 0.0344776 -0.998811
0 0 0
-0.0344776 0.0344776 -0.998811
-0.0337051 0.0674102 -0.997156
0 0 0
-0.0337051 0.0674102 -0.997156
0 0 0
0.033218 0.099654 -0.994468
0.0337578 0.101273 -0.994286
0 0 0
0 0 0
0 0 0
0 0 0
0 0 0
0 0 0
0 0 0
0 0 0
0 0 0
-0.034565 0.0691299 -0.997009
0 0 0
-0.035218 0.035218 -0.998759
0 0 0
0 0 0
0 0 0
-0.0356459 0.106938 -0.993627
0 0 0
0 0 0
0 0 0
0 0 0
-0.0354882 0.141953 -0.989237
0 0 0
0 0 0
-0.0352885 0.176443 -0.983678
0 0 0
0 0 0
0 0 0
-0.0352885 0.176443 -0.983678
0 0 0
-0.0351303 0.175652 -0.983825
-0.0352885 0.176443 -0.983678
-0.0351303 0.175652 -0.983825
-0.0359322 0.143729 -0.988965
-0.0352885 0.176443 -0.983678
-0.0339955 0.169978 -0.984861
0 0 0
0 0 0
-0.0338443 0.169222 -0.984997
-0.0345802 0.138321 -0.989784
-0.0699571 0.139914 -0.987689
-0.0718284 0.107743 -0.991581
-0.0703128 0.140626 -0.987563
-0.104663 0.104663 -0.988985
-0.104986 0.0699907 -0.992008
-0.0697774 0.104666 -0.992057
-0.0343146 0.102944 -0.994095
-0.0672455 0.134491 -0.98863
-0.0715047 0.143009 -0.987135
-0.0718615 0.143723 -0.987005
-0.0725334 0.1088 -0.991414
-0.108293 0.14439 -0.983577
-0.102472 0.102472 -0.989444
-0.0999167 0.166528 -0.980961
-0.129741 0.129741 -0.983023
-0.0988449 0.131793 -0.986337
-0.0999167 0.166528 -0.980961
-0.0676853 0.169213 -0.983253
-0.0676853 0.169213 -0.983253
-0.0984053 0.131207 -0.986459
-0.0666163 0.166541 -0.983782
-0.0645714 0.161429 -0.98477
-0.0656066 0.131213 -0.989181
-0.0984053 0.131207 -0.986459
-0.0679906 0.101986 -0.99246
-0.0348313 0.0696625 -0.996962
-0.0355952 0.0711904 -0.996827
-0.0722038 0.0361019 -0.996736
-0.0362142 0.0724283 -0.996716
-0.0720623 0.0720623 -0.994793
0 0 0
0 0 0
0 0 0
-0.0351577 0.140631 -0.989438
0 0 0
0 0 0
0 0 0
-0.0718615 0.143723 -0.987005
-0.106931 0.106931 -0.9885
-0.150237 0.150237 -0.977168
-0.148947 0.11171 -0.982515
-0.142532 0.142532 -0.979474
-0.13839 0.103793 -0.984924
-0.106931 0.106931 -0.9885
-0.0709641 0.106446 -0.991783
-0.068317 0.102476 -0.992387
-0.0680385 0.136077 -0.988359
-0.0683456 0.136691 -0.988253
-0.0996595 0.132879 -0.986109
-0.0976163 0.162694 -0.981836
-0.0637206 0.191162 -0.979488
-0.063241 0.189723 -0.979799
-0.063593 0.158983 -0.985231
-0.063593 0.158983 -0.985231
-0.063593 0.158983 -0.985231
-0.0638436 0.159609 -0.985114
-0.0319231 0.159615 -0.986663
-0.0330903 0.132361 -0.990649
-0.0336238 0.134495 -0.990344
-0.0348894 0.104668 -0.993895
-0.0353273 0.141309 -0.989335
-0.0349635 0.174818 -0.98398
-0.0723039 0.18076 -0.980866
-0.070652 0.141304 -0.987442
-0.108772 0.145029 -0.98343
-0.108772 0.145029 -0.98343
-0.109282 0.109282 -0.987985
-0.145015 0.145015 -0.978745
-0.142532 0.142532 -0.979474
-0.070652 0.141304 -0.987442
-0.105849 0.176415 -0.978608
-0.0669529 0.133906 -0.98873
-0.106454 0.141938 -0.984135
-0.141282 0.141282 -0.979836
-0.146909 0.146909 -0.97818
-0.146909 0.146909 -0.97818
-0.146909 0.146909 -0.97818
-0.108772 0.145029 -0.98343
-0.108293 0.14439 -0.983577
-0.141925 0.141925 -0.97965
-0.0702566 0.175642 -0.981944
-0.0691045 0.172761 -0.982537
-0.103647 0.172746 -0.979498
-0.135638 0.203457 -0.969643
-0.135638 0.203457 -0.969643
-0.168809 0.20257 -0.964608
-0.138179 0.172724 -0.97523
-0.103731 0.138308 -0.984942
-0.0994627 0.165771 -0.981136
-0.0681058 0.170264 -0.983042
-0.105505 0.175842 -0.978748
-0.110379 0.147173 -0.982933
-0.0723416 0.144683 -0.98683
-0.106689 0.142252 -0.984064
-0.10725 0.143 -0.983895
-0.104875 0.174791 -0.979004
-0.0715047 0.143009 -0.987135
-0.0715047 0.143009 -0.987135
-0.110913 0.110913 -0.987622
-0.108305 0.0361017 -0.993462
-0.110559 0.073706 -0.991133
-0.14168 0.07084 -0.987375
-0.068628 0.102942 -0.992317
-0.100424 0.133899 -0.985894
-0.0999633 0.133284 -0.986024
-0.0968927 0.12919 -0.986875
-0.0972439 0.162073 -0.981976
-0.0965659 0.128755 -0.986964
-0.0651439 0.130288 -0.989334
-0.0651439 0.130288 -0.989334
-0.0973122 0.12975 -0.98676
-0.0987816 0.0987816 -0.990194
-0.0666198 0.0666198 -0.995552
-0.104684 0.0348947 -0.993893
-0.104491 0.0696609 -0.992083
-0.0685181 0.0685181 -0.995294
-0.0666455 0.133291 -0.988834
-0.0353715 0.141486 -0.989308
-0.0344007 0.137603 -0.98989
-0.0676025 0.0338013 -0.99714
-0.0697042 0.0697042 -0.995129
-0.104555 0.0697032 -0.992073
-0.142089 1.74003e-17 -0.989854
-0.13884 0.0347101 -0.989706
-0.141133 0.0352833 -0.989362
-0.143215 0.0716076 -0.987098
-0.107414 0.0716093 -0.991632
-0.102523 1.2555e-17 -0.994731
-0.106715 0.0711435 -0.991741
-0.0672291 0.0336145 -0.997171
-0.102462 0.0341542 -0.99415
-0.101915 1.24805e-17 -0.994793
-0.100264 0.0334215 -0.994399
-0.0653278 0.0653278 -0.995723
-0.0667309 0.0667309 -0.995537
-0.0692951 0.0692951 -0.995187
-0.0340947 0.0681893 -0.99709
-0.0683085 0.0341543 -0.997079
-0.138585 0.0692926 -0.987923
-0.103941 0.0692941 -0.992167
-0.10305 0.0343501 -0.994083
-0.0683085 0.0341543 -0.997079
-0.0683085 0.0341543 -0.997079
-0.0692951 0.0692951 -0.995187
-0.0671149 0.0671149 -0.995485
-0.101678 0.0677852 -0.992505
-0.0683085 0.0341543 -0.997079
-0.0671149 0.0671149 -0.995485
-0.138163 0.103622 -0.984974
-0.143644 0.107733 -0.983748
-0.142749 0.107062 -0.983951
-0.183613 0.0367227 -0.982312
-0.180506 0.0361012 -0.982911
-0.146993 1.80009e-17 -0.989137
-0.183742 2.25011e-17 -0.982975
-0.183742 2.25011e-17 -0.982975
-0.141223 1.72942e-17 -0.989978
-0.104131 0.0347103 -0.993958
-0.0683085 0.0341543 -0.997079
-0.0668807 8.19025e-18 -0.997761
-0.0346478 0.0692957 -0.996994
-0.106296 0.0708638 -0.991806
-0.139403 0.0697017 -0.98778
-0.170462 0.0681848 -0.983002
-0.174144 0.0696574 -0.982253
-0.17077 0.102462 -0.979969
-0.131443 0.0657216 -0.989143
-0.0999633 0.133284 -0.986024
-0.100358 0.100358 -0.989877
-0.100358 0.100358 -0.989877
-0.0669072 0.100361 -0.992699
-0.0327735 0.0983205 -0.994615
-0.0650078 0.0650078 -0.995765
0 0 0
0 0 0
0.0327735 0.0983205 -0.994615
0.032862 0.0657239 -0.997297
0 0 0
0.0339226 0.0678452 -0.997119
0.0334542 0.100363 -0.994388
0 0 0
0.0340947 0.0681893 -0.99709
0.0347209 0.0347209 -0.998794
0.0348949 0.0348949 -0.998782
0 0 0
0.0337051 0.0674102 -0.997156
0.0348949 0.0348949 -0.998782
0 0 0
0.0348949 0.0348949 -0.998782
0.0344162 0.0688325 -0.997034
0 0 0
0 0 0
0.0354217 0.0708434 -0.996858
0 0 0
0 0 0
0 0 0
0 0 0
0 0 0
0 0 0
0 0 0
0 0 0
0 0 0
0 0 0
-0.0351308 0.105392 -0.99381
0 0 0
0 0 0
0 0 0
-0.0355667 0.142267 -0.989189
0 0 0
0 0 0
0 0 0
-0.0344108 0.137643 -0.989884
0 0 0
0 0 0
0.0349635 0.174818 -0.98398
0.0345802 0.138321 -0.989784
0 0 0
0 0 0
-0.0349798 0.139919 -0.989545
-0.0345802 0.138321 -0.989784
0 0 0
-0.0342287 0.171144 -0.984651
-0.0351738 0.175869 -0.983785
-0.0699445 0.174861 -0.982106
-0.0707403 0.141481 -0.98741
-0.103793 0.138391 -0.984924
-0.106104 0.141472 -0.98424
-0.103233 0.172054 -0.979663
-0.136722 0.205083 -0.969148
-0.170863 0.205036 -0.963725
-0.136722 0.205083 -0.969148
-0.134598 0.201897 -0.970114
-0.130894 0.229065 -0.96457
-0.131582 0.230269 -0.96419
-0.14031 0.210465 -0.96748
-0.175461 0.175461 -0.968724
-0.170006 0.170006 -0.970668
-0.133312 0.133312 -0.982067
-0.129189 0.161486 -0.978383
-0.0960039 0.160007 -0.982436
-0.0653247 0.163312 -0.984409
-0.0649432 0.19483 -0.978685
-0.0989879 0.16498 -0.981317
-0.100386 0.100386 -0.989871
-0.101228 0.0674855 -0.992572
-0.0998702 0.0998702 -0.989976
-0.131443 0.0657216 -0.989143
-0.0980953 0.0653969 -0.993026
-0.0989793 0.131972 -0.986299
-0.0978317 0.0978317 -0.990383
-0.0993623 0.0993623 -0.990078
-0.0663241 0.132648 -0.988942
-0.101983 0.101983 -0.989545
-0.0678446 0.0678446 -0.995386
-0.103972 0.0693149 -0.992162
-0.0332916 0.0998747 -0.994443
-0.0662433 0.099365 -0.992844
-0.0336477 0.100943 -0.994323
0 0 0
0 0 0
0.0351091 0.105327 -0.993818
0.0356913 0.107074 -0.99361
0.035533 0.142132 -0.98921
0 0 0
0.0341891 0.102567 -0.994138
0.0341891 0.102567 -0.994138
0.0659894 0.131979 -0.989054
0.100938 0.100938 -0.989759
0.0672943 0.100941 -0.992614
0.099991 0.133321 -0.986016
0.067028 0.134056 -0.988704
0.101063 0.134751 -0.985712
0.033515 0.13406 -0.990406
0.0659894 0.131979 -0.989054
0.0676494 0.101474 -0.992535
0.0678446 0.0678446 -0.995386
0.0326119 0.0978357 -0.994668
0.0639999 0.128 -0.989707
0.0633931 0.158483 -0.985325
0.0941117 0.125482 -0.987622
0.0637058 0.159265 -0.985178
0.0649804 0.129961 -0.989388
0.0663241 0.132648 -0.988942
0.0678446 0.0678446 -0.995386
0.0679906 0.101986 -0.99246
0.0346582 0.0693165 -0.996992
0.10343 0.0689535 -0.992244
0.0345393 0.0345393 -0.998806
0.0346582 0.0693165 -0.996992
0.0689545 0.0689545 -0.995234
0.0337435 0.0674869 -0.997149
0.0676494 0.101474 -0.992535
0.0687495 0.103124 -0.99229
0.0698838 0.104826 -0.992032
0.0353326 0.176663 -0.983637
0 0 0
0 0 0
-0.0334913 0.167457 -0.98531
-0.104907 0.174845 -0.978991
-0.0699143 0.139829 -0.987704
-0.149139 0.0745697 -0.986
-0.141273 0.105955 -0.984284
-0.144508 0.108381 -0.98355
-0.179542 0.107725 -0.977834
-0.138163 0.103622 -0.984974
-0.0690871 0.103631 -0.992214
-0.0719311 0.143862 -0.98698
-0.10717 0.10717 -0.988448
-0.0679906 0.101986 -0.99246
-0.134579 0.100934 -0.985749
-0.138204 0.103653 -0.984965
-0.106262 0.0708416 -0.991811
-0.139543 0.104657 -0.98467
-0.140604 0.0703019 -0.987567
-0.140604 0.0703019 -0.987567
-0.102472 0.102472 -0.989444
-0.104491 0.0696609 -0.992083
-0.102472 0.102472 -0.989444
-0.0992263 0.0992263 -0.990105
-0.0996496 0.0996496 -0.99002
-0.0337578 0.101273 -0.994286
-0.0337578 0.101273 -0.994286
-0.0330903 0.132361 -0.990649
-0.0658997 0.131799 -0.989083
-0.0658537 0.164634 -0.984154
-0.0666163 0.166541 -0.983782
-0.070652 0.141304 -0.987442
-0.0691077 0.103662 -0.992209
-0.0703128 0.140626 -0.987563
-0.0703128 0.140626 -0.987563
-0.0348894 0.104668 -0.993895
-0.0706205 0.105931 -0.991863
-0.0349962 0.0699924 -0.996933
-0.0694506 0.104176 -0.992131
-0.0694506 0.104176 -0.992131
-0.0329508 0.131803 -0.990728
-0.0338443 0.169222 -0.984997
-0.0347305 0.208383 -0.97743
-0.0336097 0.100829 -0.994336
-0.0351308 0.105392 -0.99381
0 0 0
-0.0357592 0.178796 -0.983236
0 0 0
0 0 0
0 0 0
0 0 0
0 0 0
0.0351686 0.140674 -0.989431
0 0 0
0.0345442 0.103633 -0.994016
0.0351091 0.105327 -0.993818
0.0369547 0.0369547 -0.998633
0 0 0
0 0 0
0 0 0
0.0332916 0.0998747 -0.994443
0.0333843 0.0667686 -0.99721
0 0 0
0.0332916 0.0998747 -0.994443
0 0 0
0.0327735 0.0983205 -0.994615
0.0318422 0.127369 -0.991344
0.0320008 0.128003 -0.991257
0 0 0
0.0326119 0.0978357 -0.994668
0.0331222 0.0993666 -0.994499
0 0 0
0.0687495 0.103124 -0.99229
0.0694925 0.104239 -0.992122
0.035322 0.105966 -0.993742
0 0 0
0 0 0
0 0 0
0.035967 0.143868 -0.988943
-0.0333467 0.166734 -0.985438
0 0 0
-0.0336614 0.201969 -0.978813
-0.0332912 0.166456 -0.985487
-0.0322995 0.193797 -0.98051
-0.0666903 0.166726 -0.983745
-0.139894 0.139894 -0.980234
-0.177383 0.10643 -0.97837
-0.212841 0.106421 -0.971274
-0.249428 0.106898 -0.962475
-0.232986 0.166419 -0.958135
-0.229368 0.163834 -0.959452
-0.260921 0.163075 -0.951487
-0.232488 0.199275 -0.951966
-0.201667 0.134445 -0.970183
-0.200609 0.167174 -0.965303
-0.204962 0.136641 -0.969185
-0.166735 0.100041 -0.980913
-0.20328 0.13552 -0.969697
-0.233396 0.100027 -0.967223
-0.199264 0.132843 -0.9709
-0.168076 0.134461 -0.976561
-0.168076 0.134461 -0.976561
-0.134474 0.134474 -0.98175
-0.137245 0.102934 -0.985174
-0.171551 0.13724 -0.975569
-0.137835 0.103376 -0.985046
-0.141916 0.106437 -0.98414
-0.137255 0.137255 -0.98098
-0.13287 0.13287 -0.982187
-0.102513 0.136684 -0.985296
-0.102513 0.136684 -0.985296
-0.102939 0.102939 -0.989347
-0.102939 0.102939 -0.989347
-0.168769 0.135015 -0.976365
-0.135028 0.135028 -0.981598
-0.133395 0.100047 -0.986
-0.101689 0.101689 -0.989605
-0.103692 0.0691283 -0.992204
-0.101269 0.101269 -0.989692
-0.13558 0.101685 -0.985534
-0.102086 0.102086 -0.989524
-0.133395 0.100047 -0.986
-0.0669541 0.100431 -0.992689
-0.0664349 0.0996524 -0.992802
-0.0996496 0.0996496 -0.99002
-0.101269 0.101269 -0.989692
-0.101269 0.101269 -0.989692
-0.103246 0.0688309 -0.992271
-0.101561 0.0677075 -0.992523
-0.0689551 0.0344775 -0.997024
-0.0996678 0.0332226 -0.994466
-0.106262 0.0708416 -0.991811
-0.104491 0.0696609 -0.992083
-0.102282 0.0681878 -0.992416
-0.102282 0.0681878 -0.992416
-0.0995015 0.0663344 -0.992824
-0.0666198 0.0666198 -0.995552
-0.0337578 0.101273 -0.994286
-0.0343146 0.102944 -0.994095
-0.0685181 0.0685181 -0.995294
-0.0685181 0.0685181 -0.995294
-0.0696619 0.0696619 -0.995135
-0.068628 0.102942 -0.992317
-0.0688319 0.0688319 -0.995251
-0.0711897 0.0711897 -0.994919
-0.0731108 0.146222 -0.986547
-0.0721901 0.108285 -0.991495
-0.0709737 0.141947 -0.987327
-0.0709737 0.141947 -0.987327
-0.106454 0.141938 -0.984135
-0.106454 0.141938 -0.984135
-0.070652 0.141304 -0.987442
-0.0721901 0.108285 -0.991495
-0.070652 0.141304 -0.987442
-0.0721901 0.108285 -0.991495
-0.0351303 0.175652 -0.983825
-0.0715047 0.143009 -0.987135
-0.0702566 0.175642 -0.981944
-0.0694806 0.138961 -0.987857
-0.104215 0.138953 -0.9848
-0.0694806 0.138961 -0.987857
-0.0683456 0.136691 -0.988253
-0.10717 0.10717 -0.988448
-0.101983 0.101983 -0.989545
-0.104929 0.139906 -0.984589
-0.101063 0.134751 -0.985712
-0.0999633 0.133284 -0.986024
-0.101983 0.101983 -0.989545
-0.0691077 0.103662 -0.992209
-0.0669072 0.100361 -0.992699
-0.0676494 0.101474 -0.992535
-0.0681888 0.0681888 -0.995339
-0.0330725 0.0330725 -0.998906
0 0 0
0 0 0
-0.034726 0.104178 -0.993952
-0.0341591 0.102477 -0.994149
-0.100424 0.133899 -0.985894
-0.102939 0.102939 -0.989347
-0.103692 0.0691283 -0.992204
-0.068317 0.102476 -0.992387
-0.0672182 0.100827 -0.992631
-0.100824 0.100824 -0.989782
-0.102086 0.102086 -0.989524
-0.100782 0.100782 -0.989791
-0.0987779 0.131704 -0.986355
-0.102949 0.137266 -0.98517
-0.0683456 0.136691 -0.988253
-0.0351303 0.175652 -0.983825
-0.0697865 0.139573 -0.98775
-0.0700873 0.105131 -0.991986
-0.0703796 0.105569 -0.991918
-0.0348894 0.104668 -0.993895
-0.0686368 0.137274 -0.988152
-0.0350444 0.105133 -0.99384
-0.0344621 0.103386 -0.994044
-0.0343146 0.102944 -0.994095
-0.0341739 0.136696 -0.990023
-0.0343146 0.102944 -0.994095
-0.0341591 0.102477 -0.994149
-0.0348894 0.104668 -0.993895
-0.0343146 0.102944 -0.994095
-0.0344621 0.103386 -0.994044
-0.0344621 0.103386 -0.994044
0 0 0
0 0 0
0 0 0
0 0 0
0 0 0
-0.0351526 0.0703052 -0.996906
-0.0351526 0.0703052 -0.996906
-0.0343146 0.102944 -0.994095
-0.0344621 0.103386 -0.994044
-0.0344621 0.103386 -0.994044
-0.0344621 0.103386 -0.994044
-0.0344621 0.103386 -0.994044
0 0 0
0 0 0
0 0 0
0 0 0
0 0 0
-0.0348894 0.104668 -0.993895
0 0 0
-0.0343195 0.137278 -0.989938
-0.0341389 0.170694 -0.984732
-0.0678389 0.203517 -0.976718
-0.0342739 0.17137 -0.98461
-0.102515 0.20503 -0.973372
-0.103187 0.171978 -0.979682
-0.105512 0.140682 -0.984417
-0.0697032 0.104555 -0.992073
-0.0730986 0.146197 -0.986551
-0.109221 0.145629 -0.983292
-0.0697032 0.104555 -0.992073
-0.0730986 0.146197 -0.986551
-0.0714114 0.178528 -0.98134
-0.0718267 0.143653 -0.987018
-0.110483 0.184139 -0.976671
-0.10964 0.146187 -0.983163
-0.108979 0.181632 -0.977309
-0.0705969 0.141194 -0.987462
-0.0730986 0.146197 -0.986551
-0.109221 0.145629 -0.983292
-0.0730986 0.146197 -0.986551
-0.0730986 0.146197 -0.986551
-0.109221 0.145629 -0.983292
-0.109221 0.145629 -0.983292
-0.106716 0.17786 -0.978252
-0.0706535 0.10598 -0.991855
-0.0739531 0.184883 -0.979974
-0.0739531 0.184883 -0.979974
-0.106716 0.17786 -0.978252
-0.170672 0.170672 -0.970434
-0.17013 0.136104 -0.975977
-0.24698 0.141132 -0.958688
-0.276139 0.172587 -0.945495
-0.265201 0.198901 -0.943455
-0.231978 0.198838 -0.952181
-0.237119 0.169371 -0.956602
-0.224507 0.192434 -0.955283
-0.250696 0.125348 -0.959916
-0.256962 0.160601 -0.952984
-0.264129 0.165081 -0.950255
-0.334422 0.167211 -0.927471
-0.301892 0.167718 -0.938473
-0.303584 0.134926 -0.943203
-0.301091 0.167273 -0.93881
-0.323058 0.161529 -0.932492
-0.285539 0.158633 -0.945147
-0.282668 0.219853 -0.933683
-0.323058 0.161529 -0.932492
-0.316149 0.189689 -0.929552
-0.294548 0.163638 -0.941522
-0.328175 0.164087 -0.930256
-0.295457 0.164143 -0.94115
-0.329967 0.131987 -0.93472
-0.328175 0.164087 -0.930256
-0.358142 0.130233 -0.92454
-0.360851 0.164023 -0.918086
-0.362799 0.164909 -0.91716
-0.358142 0.130233 -0.92454
-0.340996 0.123999 -0.931851
-0.345375 0.156989 -0.925241
-0.314078 0.157039 -0.936319
-0.311555 0.124622 -0.942021
-0.347124 0.126227 -0.929286
-0.377514 0.157298 -0.912546
-0.407016 0.187854 -0.893895
-0.417506 0.160579 -0.894373
-0.459934 0.13141 -0.878176
-0.432808 0.133172 -0.891596
-0.469073 0.100516 -0.877421
-0.510849 0.10217 -0.853577
-0.494498 0.0706425 -0.866304
-0.448671 0.10354 -0.887679
-0.414699 0.0691165 -0.90733
-0.474328 0.0677611 -0.877737
-0.410523 0.0342102 -0.911208
-0.40966 0.0682766 -0.90968
0 0 0
