-0.0657432 0.230101 -0.970944
-0.0657432 0.230101 -0.970944
-0.0659145 0.197744 -0.978035
0 0 0
0 0 0
0.0319922 0.191953 -0.980882
0 0 0
0.0324911 0.129964 -0.990986
0.0691993 0.138399 -0.987956
0.0336477 0.100943 -0.994323
0.0672943 0.100941 -0.992614
0.103121 0.103121 -0.989309
0.0681888 0.0681888 -0.995339
0.103121 0.103121 -0.989309
0.10343 0.0689535 -0.992244
0.105717 0.0704778 -0.991896
0.0706112 0.0353056 -0.996879
0.104749 0 -0.994499
0.0694838 0 -0.997583
0.0683085 0.0341543 -0.997079
0.0335483 0.0670965 -0.997182
0.0998702 0.0998702 -0.989976
0.0645401 0.0968101 -0.993208
0.0983164 0.0983164 -0.990287
0.0657235 0.0657235 -0.995671
0.098584 0.0657227 -0.992956
0.101766 0.0678437 -0.992492
0.0681888 0.0681888 -0.995339
0.0678446 0.0678446 -0.995386
0.0690784 0.0345392 -0.997013
0.0694417 0.0347209 -0.996982
0.0681888 0.0681888 -0.995339
0.0694417 0.0347209 -0.996982
0.0694417 0.0347209 -0.996982
0.0690784 0.0345392 -0.997013
0.0347209 0.0347209 -0.998794
0.0352398 0.0704796 -0.996891
0.0352398 0.0704796 -0.996891
0.0726769 0.109015 -0.99138
0.0351308 0.105392 -0.99381
0.0358401 0.0716802 -0.996784
0.0698838 0.104826 -0.992032
0.0696619 0.0696619 -0.995135
0.0338981 0.101694 -0.994238
0.0349587 0.0699175 -0.99694
0.067795 0.101692 -0.992503
0.0349158 0.139663 -0.989583
0.0349158 0.139663 -0.989583
0.0350659 0.105198 -0.993833
0.0713582 0.107037 -0.991691
0.0687495 0.103124 -0.99229
0.0685373 0.102806 -0.992337
0.102378 0.136505 -0.985335
0.0691683 0.138337 -0.987967
0.0680286 0.136057 -0.988363
0.035174 0.140696 -0.989428
0.0345853 0.138341 -0.989781
0.0353275 0.105983 -0.99374
0.0345853 0.138341 -0.989781
0.0692007 0.103801 -0.992188
0.103798 0.103798 -0.989167
0.034565 0.0691299 -0.997009
0.067795 0.101692 -0.992503
0.101689 0.101689 -0.989605
0.0664349 0.0996524 -0.992802
0.0962053 0.128274 -0.987061
0.0929751 0.123967 -0.987921
0.0961714 0.0961714 -0.990708
0.0641158 0.0961737 -0.993297
0.0643727 0.096559 -0.993243
0.065119 0.0976785 -0.993085
0.0322998 0.129199 -0.991092
0.0636183 0.127237 -0.98983
0.064598 0.129196 -0.989513
0.0661527 0.099229 -0.992863
0.101113 0.0674088 -0.992589
0.101561 0.0677075 -0.992523
0.067096 0.067096 -0.995488
0.137909 0.0344772 -0.989845
0.10302 0 -0.994679
0.137993 0 -0.990433
0.137993 0 -0.990433
0.137993 0 -0.990433
0.175412 0 -0.984495
0.137993 0 -0.990433
0.1753 0.0350601 -0.983891
0.17324 0 -0.98488
0.208735 0 -0.977972
0.173133 0.0346265 -0.98429
0.170375 0 -0.985379
0.138592 0 -0.99035
0.172491 0 -0.985011
0.172491 0 -0.985011
0.175412 0 -0.984495
0.210359 0.0350598 -0.976995
0.142651 0.0356627 -0.98913
0.139665 0 -0.990199
0.141953 0.0354882 -0.989237
0.140329 0 -0.990105
0.14096 0 -0.990015
0.138507 0.0346268 -0.989756
0.14096 0 -0.990015
0.175412 0 -0.984495
0.176199 0 -0.984354
0.176199 0 -0.984354
0.176199 0 -0.984354
0.179259 0 -0.983802
0.175412 0 -0.984495
0.175412 0 -0.984495
0.172385 0.034477 -0.984426
0.137361 0 -0.990521
0.203472 0.0339121 -0.978493
0.209497 0 -0.977809
0.211828 0.0353047 -0.976669
0.209497 0 -0.977809
0.17371 0 -0.984797
0.171596 0.0343193 -0.984569
0.137278 0.0343195 -0.989938
0.137278 0.0343195 -0.989938
0.136373 0.0681865 -0.988308
0.136373 0.0681865 -0.988308
0.134815 0.0674076 -0.988575
0.134815 0.0674076 -0.988575
0.133805 0.100354 -0.985913
0.134188 0.0670939 -0.988682
0.133805 0.100354 -0.985913
0.168025 0.100815 -0.980614
0.134427 0.10082 -0.985781
0.171285 0.068514 -0.982836
0.172069 0.0688277 -0.982677
0.174144 0.0696574 -0.982253
0.137032 0.0685158 -0.988194
0.139578 0.0348945 -0.989596
0.137032 0.0685158 -0.988194
0.104663 0.104663 -0.988985
0.0333517 0.100055 -0.994423
0.0334776 0.100433 -0.99438
0 0 0
0.0338931 0.135572 -0.990188
0 0 0
-0.0353001 0.0706002 -0.99688
-0.0705996 0.0705996 -0.995003
-0.0699168 0.0699168 -0.9951
-0.102378 0.136505 -0.985335
-0.102457 0.102457 -0.989447
-0.138911 0.104183 -0.984809
-0.101671 0.135561 -0.985539
-0.100782 0.100782 -0.989791
-0.0680286 0.136057 -0.988363
-0.0341291 0.136516 -0.99005
-0.0671898 0.100785 -0.992637
-0.0671898 0.100785 -0.992637
-0.0683071 0.102461 -0.992389
-0.0706535 0.10598 -0.991855
-0.0697032 0.104555 -0.992073
-0.069461 0.104192 -0.992129
-0.0708761 0.0708761 -0.994964
-0.035567 0.0711341 -0.996832
-0.0708761 0.0708761 -0.994964
-0.069461 0.104192 -0.992129
-0.104188 0.104188 -0.989085
-0.103412 0.103412 -0.989248
-0.0668418 0.100263 -0.992713
-0.100023 0.100023 -0.989945
-0.0652575 0.0978863 -0.993056
-0.0660613 0.132123 -0.98903
-0.100782 0.100782 -0.989791
-0.104874 0.0699158 -0.992025
-0.104874 0.0699158 -0.992025
-0.104507 0.0696714 -0.992081
-0.104507 0.0696714 -0.992081
-0.0685081 0.0685081 -0.995296
-0.0336289 0.0336289 -0.998868
-0.0337676 4.1352e-18 -0.99943
0 0 0
0 0 0
0.0343351 0 -0.99941
0.0681499 0 -0.997675
0.100944 0 -0.994892
0.0681499 0 -0.997675
0.0670402 0 -0.99775
0.102628 0 -0.99472
0.102628 0 -0.99472
0.102628 0 -0.99472
0.104765 0 -0.994497
0.106098 0.0353661 -0.993727
0.138815 0.0694073 -0.987883
0.141194 0.0705969 -0.987462
0.139071 0.0347677 -0.989672
0.102628 0 -0.99472
0.102628 0 -0.99472
0.103005 0 -0.994681
0.1047 0.0349 -0.993891
0.104368 0 -0.994539
0.102628 0 -0.99472
0.102567 0.0341891 -0.994138
0.102567 0.0341891 -0.994138
0.0670024 0.0335012 -0.99719
0.0672576 0.0336288 -0.997169
0.0670024 0.0335012 -0.99719
0.102628 0 -0.99472
0.104368 0 -0.994539
0.106166 0 -0.994348
0.104765 0 -0.994497
0.108025 0 -0.994148
0.106166 0 -0.994348
0.104368 0 -0.994539
0.104304 0.0347679 -0.993938
0.104368 0 -0.994539
0.105653 0.0352178 -0.993779
0.10572 0 -0.994396
0.144033 0 -0.989573
0.106098 0.0353661 -0.993727
0.106166 0 -0.994348
0.104304 0.0347679 -0.993938
0.106166 0 -0.994348
0.0681102 0.0340551 -0.997096
0.104368 0 -0.994539
0.0692541 0.0346271 -0.996998
0.104304 0.0347679 -0.993938
0.104304 0.0347679 -0.993938
0.103432 0.0344774 -0.994039
0.103432 0.0344774 -0.994039
0.101738 0.0339127 -0.994233
0.0701213 0.0350606 -0.996922
0.0692541 0.0346271 -0.996998
0.0347681 0.0347681 -0.99879
-0.0343148 0.0343148 -0.998822
0 0 0
0 0 0
-0.0324099 0.12964 -0.991031
-0.0330316 0.132126 -0.990682
-0.0673407 0.134681 -0.988598
-0.0699265 0.10489 -0.992022
-0.070348 0.070348 -0.995039
-0.0350714 0.0701428 -0.99692
-0.0660613 0.132123 -0.98903
-0.0330316 0.132126 -0.990682
0 0 0
-0.0326163 0.0652327 -0.997337
-0.0330543 0.0991629 -0.994522
0.0336289 0.0336289 -0.998868
0 0 0
0.0342093 0 -0.999415
0.0341893 0.0341893 -0.99883
0.0346479 0 -0.9994
0.0692959 0 -0.997596
0.0704359 0.0352179 -0.996894
0.103432 0.0344774 -0.994039
0.0689963 0 -0.997617
0.0678257 0.0339128 -0.997121
0.102165 0.034055 -0.994184
0.101797 0 -0.994805
0.101797 0 -0.994805
0.103494 0 -0.99463
0.103494 0 -0.99463
0.103494 0 -0.99463
0.0701213 0.0350606 -0.996922
0.103494 0 -0.99463
0.103494 0 -0.99463
0.103494 0 -0.99463
0.103494 0 -0.99463
0.103494 0 -0.99463
0.103881 0.0346269 -0.993987
0.0692959 0 -0.997596
0.0681102 0.0340551 -0.997096
0.103432 0.0344774 -0.994039
0.102165 0.034055 -0.994184
0.137659 0.0688295 -0.988085
0.137278 0.0343195 -0.989938
0.102776 0.0685172 -0.992342
0.103881 0.0346269 -0.993987
0.137659 0.0688295 -0.988085
0.137245 0.102934 -0.985174
0.137659 0.0688295 -0.988085
0.135412 0.0677062 -0.988473
0.135412 0.0677062 -0.988473
0.103692 0.0691283 -0.992204
0.138507 0.0346268 -0.989756
0.137659 0.0688295 -0.988085
0.140241 0.0350603 -0.989496
0.140241 0.0350603 -0.989496
0.140241 0.0350603 -0.989496
0.139319 0.0696594 -0.987794
0.104749 0 -0.994499
0.104749 0 -0.994499
0.106989 0.0356629 -0.99362
0.1753 0.0350601 -0.983891
0.172813 0.069125 -0.982526
0.17126 0.068504 -0.982841
0.201768 0.0336281 -0.978856
0.168142 0.0336283 -0.985189
0.173837 0.0347675 -0.98416
0.138592 0 -0.99035
0.14087 0.0352176 -0.989401
0.1363 0 -0.990668
0.1363 0 -0.990668
0.13408 0 -0.99097
0.176199 0 -0.984354
0.170375 0 -0.985379
0.13408 0 -0.99097
0.13408 0 -0.99097
0.1363 0 -0.990668
0.176828 0.0353657 -0.983606
0.138507 0.0346268 -0.989756
0.10572 0 -0.994396
0.141554 0 -0.989931
0.137909 0.0344772 -0.989845
0.138507 0.0346268 -0.989756
0.136219 0.0340548 -0.990093
0.143313 0.0358282 -0.989029
0.178312 0.0356624 -0.983328
0.147408 0.073704 -0.986326
0.145839 0.0364597 -0.988636
0.145839 0.0364597 -0.988636
0.148452 0.0371129 -0.988223
0.181425 0.0362849 -0.982735
0.148452 0.0371129 -0.988223
0.185167 0.0740669 -0.979912
0.179561 0.0718244 -0.981121
0.173513 0.0694054 -0.982383
0.146309 0.109731 -0.983134
0.148947 0.11171 -0.982515
0.107825 0.107825 -0.988305
0.0696725 0.0696725 -0.995134
0.0718863 0.10783 -0.991567
0.108228 0.108228 -0.988217
0.0711435 0.106715 -0.991741
0.107466 0.17911 -0.977942
0.0709084 0.106363 -0.991796
0.0705969 0.141194 -0.987462
0.106237 0.141649 -0.9842
0.101498 0.202997 -0.973905
0.0341785 0.205071 -0.97815
0.0674712 0.202414 -0.976973
0.0685825 0.205747 -0.976199
0.0658551 0.13171 -0.989098
0.142532 0.142532 -0.979474
0.141295 0.105971 -0.984279
0.136604 0.102453 -0.985314
0.166726 0.0666902 -0.983745
0.166689 0.100013 -0.980924
0.164035 0.065614 -0.98427
0.101885 0.0339616 -0.994216
0.101578 0.0338592 -0.994251
0.0999162 0.0333054 -0.994438
0.101637 0 -0.994822
0.0686295 0.0343148 -0.997052
0.0663996 0.0331998 -0.997241
0.0995991 0.0331997 -0.994474
0.101244 0.0337482 -0.994289
0.0995991 0.0331997 -0.994474
0.101303 0 -0.994856
0.0995991 0.0331997 -0.994474
0.0995991 0.0331997 -0.994474
0.135515 0 -0.990775
0.135436 0.0338591 -0.990207
0.135436 0.0338591 -0.990207
0.131076 0.032769 -0.990831
0.195357 0.0325595 -0.980192
0.202606 0 -0.97926
0.176087 0.0352173 -0.983744
0.207888 0 -0.978153
0.208735 0 -0.977972
0.170943 0.0341887 -0.984688
0.133775 0.0668873 -0.988752
0.129078 0.064539 -0.989532
0.161604 0.0323207 -0.986326
0.130768 0.0980761 -0.98655
0.164545 0.0658179 -0.984171
0.169261 0.0677046 -0.983243
0.169969 0.0679875 -0.983101
0.167504 0.0335007 -0.985302
0.1676 0 -0.985855
0.212841 0.106421 -0.971274
0.174471 0.0348943 -0.984044
0.17575 0.0702999 -0.981922
0.176087 0.0352173 -0.983744
0.171547 0.102928 -0.979784
0.172283 0.10337 -0.979609
0.172813 0.069125 -0.982526
0.172069 0.0688277 -0.982677
0.172069 0.0688277 -0.982677
0.178785 0.0715138 -0.981286
0.169261 0.0677046 -0.983243
0.169969 0.0679875 -0.983101
0.177383 0.10643 -0.97837
0.180447 0.144357 -0.972934
0.176582 0.141266 -0.974096
0.179601 0.143681 -0.97319
0.180447 0.144357 -0.972934
0.216514 0.108257 -0.970259
0.174421 0.139537 -0.974734
0.173657 0.138926 -0.974958
0.176582 0.141266 -0.974096
0.138941 0.138941 -0.980505
0.141282 0.141282 -0.979836
0.139543 0.104657 -0.98467
0.141925 0.141925 -0.97965
0.141112 0.17639 -0.974153
0.170824 0.136659 -0.975778
0.173657 0.138926 -0.974958
0.14352 0.1794 -0.973251
0.140163 0.105122 -0.984532
0.180445 0.108267 -0.977608
0.177383 0.10643 -0.97837
0.181055 0.0724222 -0.980803
0.181055 0.0724222 -0.980803
0.142568 0.106926 -0.983993
0.10916 0.0727731 -0.991357
0.105463 0.140617 -0.984431
0.105375 0.175625 -0.978801
0.101325 0.202649 -0.973995
0 0 0
-0.0319718 0.191831 -0.980907
-0.0967258 0.225693 -0.969385
-0.0659593 0.197878 -0.978005
-0.0670152 0.201046 -0.977287
-0.0674348 0.168587 -0.983377
-0.0682742 0.170686 -0.982957
-0.0667628 0.200288 -0.97746
-0.0671775 0.167944 -0.983505
-0.0331811 0.165905 -0.985583
-0.066114 0.165285 -0.984027
-0.066114 0.165285 -0.984027
-0.0637206 0.191162 -0.979488
-0.0640282 0.224099 -0.972461
-0.0329818 0.197891 -0.979669
-0.104217 0.208433 -0.972468
-0.099266 0.198532 -0.975054
-0.129364 0.226386 -0.965409
-0.0967258 0.225693 -0.969385
-0.0989283 0.197857 -0.975226
-0.0674348 0.168587 -0.983377
-0.0685443 0.171361 -0.982821
-0.0685443 0.171361 -0.982821
-0.100758 0.16793 -0.980636
-0.0680286 0.136057 -0.988363
-0.0689112 0.137822 -0.988057
-0.0675228 0.135046 -0.988536
-0.0340303 0.102091 -0.994193
-0.0338931 0.135572 -0.990188
-0.0341542 0.102462 -0.99415
0 0 0
-0.0334776 0.100433 -0.99438
-0.0680594 0.102089 -0.992444
-0.0348365 0.0696731 -0.996961
-0.0341542 0.102462 -0.99415
-0.0340303 0.102091 -0.994193
0 0 0
0 0 0
0 0 0
0 0 0
0.0353001 0.0706002 -0.99688
0.0343195 0.137278 -0.989938
0.0348945 0.139578 -0.989596
0.0686368 0.137274 -0.988152
0.0703796 0.105569 -0.991918
0.0344568 0.137827 -0.989857
0.0343195 0.137278 -0.989938
0.0331811 0.165905 -0.985583
0 0 0
0 0 0
-0.0661075 0.0991613 -0.992873
-0.0336908 0.0673815 -0.997158
0 0 0
0 0 0
0 0 0
-0.0342543 0.0685086 -0.997062
0 0 0
0.0344316 0.0344316 -0.998814
0 0 0
0.0337676 0 -0.99943
0 0 0
0 0 0
0 0 0
0 0 0
0.0333241 0 -0.999445
0.032355 0 -0.999476
-0.032686 4.00275e-18 -0.999466
0 0 0
0 0 0
0 0 0
-0.032686 4.00275e-18 -0.999466
0 0 0
0 0 0
0 0 0
0 0 0
0 0 0
0 0 0
0 0 0
0 0 0
-0.0321994 0.0643988 -0.997405
-0.0316187 0.094856 -0.994989
-0.0633958 0.0633958 -0.995973
-0.031782 0.063564 -0.997472
-0.031292 0.062584 -0.997549
-0.0314307 0.0942921 -0.995048
-0.0652322 0.0652322 -0.995736
-0.0662896 0.0662896 -0.995596
-0.065337 0.0326685 -0.997328
-0.0980581 1.20083e-17 -0.995181
-0.065337 0.0326685 -0.997328
-0.0337483 0.0337483 -0.99886
-0.0338594 0.0338594 -0.998853
-0.0342543 0.0685086 -0.997062
0 0 0
0 0 0
-0.0338594 0.0338594 -0.998853
0 0 0
0 0 0
0 0 0
0 0 0
0 0 0
0 0 0
-0.0337483 0.0337483 -0.99886
0 0 0
0 0 0
0.0327693 0.0327693 -0.998926
0.0326686 0.0326686 -0.998932
0.0326686 0.0326686 -0.998932
0.0332182 0 -0.999448
0 0 0
0.0332182 0 -0.999448
0.0666482 0 -0.997777
0.0666482 0 -0.997777
0.0666482 0 -0.997777
0.0338594 0.0338594 -0.998853
0.0677577 0 -0.997702
0.0679234 0.0339617 -0.997112
0.0689041 0 -0.997623
0.0691198 0 -0.997608
0.0677577 0 -0.997702
0.068863 0.0344315 -0.997032
0.0689041 0 -0.997623
0.0679628 0 -0.997688
0.0679628 0 -0.997688
0.0338594 0.0338594 -0.998853
0.0332182 0 -0.999448
0.0337676 0 -0.99943
0.0696725 0.0696725 -0.995134
0.0342543 0.0685086 -0.997062
0.0349002 0.0349002 -0.998781
0.0361964 0.0723928 -0.996719
0.072392 0.072392 -0.994746
0.104874 0.0699158 -0.992025
0.0666482 0 -0.997777
0.0651549 0 -0.997875
0.032686 0 -0.999466
0.0341542 0.102462 -0.99415
0.0336908 0.0673815 -0.997158
0.068256 0.136512 -0.988284
0.0348365 0.0696731 -0.996961
0.0353275 0.105983 -0.99374
0.0709084 0.106363 -0.991796
0.069461 0.104192 -0.992129
0.106359 0.106359 -0.988623
0.0694073 0.138815 -0.987883
0.0680286 0.136057 -0.988363
0.067602 0.067602 -0.995419
0.0965966 0.0643977 -0.993238
0.0983073 0.0327691 -0.994616
0.106359 0.106359 -0.988623
0.0338594 0.0338594 -0.998853
0.0687403 0.0687403 -0.995264
0.0342543 0.0685086 -0.997062
0.0687403 0.0687403 -0.995264
0.0715979 0.107397 -0.991635
0.10343 0.0689535 -0.992244
0.0711435 0.106715 -0.991741
0.0687495 0.103124 -0.99229
0.0713708 0.0713708 -0.994893
0.035567 0.0711341 -0.996832
0.0712694 0.0356347 -0.99682
0.0746867 0.149373 -0.985956
0.0718267 0.143653 -0.987018
0.0734446 0.110167 -0.991196
0.112021 0.149362 -0.982417
0.073706 0.110559 -0.991133
0.10343 0.0689535 -0.992244
0.104435 0.139247 -0.984735
0.0694473 0.173618 -0.982361
0.108092 0.180153 -0.977681
0.106841 0.142455 -0.984018
0.139859 0.209789 -0.967692
0.106428 0.248333 -0.96281
0.10732 0.214639 -0.970779
0.109359 0.182264 -0.977149
0.106237 0.141649 -0.9842
0.0685825 0.205747 -0.976199
0.102387 0.238904 -0.96563
0.0682697 0.238944 -0.96863
0.0674759 0.269904 -0.96052
0.100744 0.23507 -0.966743
0.101015 0.235702 -0.966561
0.136484 0.238847 -0.961418
0.181737 0.254432 -0.949861
0.147262 0.220893 -0.964116
0.181402 0.217682 -0.959014
0.173368 0.242715 -0.95448
0.175113 0.280181 -0.94384
0.179273 0.250982 -0.951246
0.140612 0.246071 -0.958998
0.207954 0.242614 -0.947572
0.17478 0.209736 -0.96201
0.173864 0.24341 -0.954213
0.140267 0.2104 -0.9675
0.137507 0.240637 -0.960825
0.141953 0.177442 -0.97384
0.140961 0.211442 -0.967172
0.177772 0.177772 -0.967881
0.184161 0.184161 -0.965489
0.145935 0.218902 -0.964772
0.185627 0.222752 -0.957039
0.183294 0.183294 -0.965819
0.218211 0.218211 -0.951193
0.217601 0.217601 -0.951472
0.255732 0.182666 -0.949334
0.26507 0.189336 -0.945458
0.26507 0.189336 -0.945458
0.259642 0.22255 -0.939711
0.259642 0.22255 -0.939711
0.216274 0.252319 -0.943165
0.135656 0.271311 -0.952884
0.0962123 0.288637 -0.952592
0.0654795 0.327397 -0.942615
0.0981907 0.327302 -0.939804
0.0654795 0.327397 -0.942615
0.100782 0.302347 -0.947855
0.10489 0.244743 -0.963898
0.0699394 0.244788 -0.967051
0.070994 0.177485 -0.981559
0.105956 0.211912 -0.971528
0.10244 0.204881 -0.973411
0.133546 0.233705 -0.963093
0.104169 0.208339 -0.972493
0.1069 0.249433 -0.962474
0.0725233 0.253832 -0.964526
0.107087 0.24987 -0.96234
0.0668204 0.300692 -0.951378
0.103895 0.242421 -0.964592
0.100749 0.134332 -0.985801
0.0977667 0.0977667 -0.990396
0.0956658 0.127554 -0.987207
0.127102 0.158877 -0.979083
0.127295 0.159119 -0.979019
0.128574 0.192862 -0.972766
0.0995799 0.19916 -0.974894
0.0679582 0.169896 -0.983116
0.0675289 0.202587 -0.976933
0.0639056 0.223669 -0.972568
0.0958459 0.223641 -0.969948
0.0996347 0.199269 -0.974866
0.133578 0.166973 -0.976871
0.136434 0.136434 -0.981209
0.167816 0.134253 -0.976634
0.136434 0.136434 -0.981209
0.166832 0.166832 -0.971769
0.164805 0.131844 -0.977475
0.165074 0.132059 -0.9774
0.163148 0.195778 -0.966982
0.165792 0.198951 -0.965884
0.133578 0.166973 -0.976871
0.173657 0.138926 -0.974958
0.14137 0.14137 -0.979811
0.142005 0.106504 -0.98412
0.141938 0.106454 -0.984135
0.177411 0.106446 -0.978363
0.142005 0.106504 -0.98412
0.142005 0.106504 -0.98412
0.145039 0.0725197 -0.986765
0.142028 0.106521 -0.984115
0.142005 0.106504 -0.98412
0.177494 0.106497 -0.978343
0.138941 0.138941 -0.980505
0.141393 0.141393 -0.979804
0.171565 0.205878 -0.963421
0.247307 0.282636 -0.926799
0.283812 0.248336 -0.926164
0.310396 0.241419 -0.919441
0.307402 0.273246 -0.911504
0.311296 0.276708 -0.909136
0.276965 0.276965 -0.920098
0.273486 0.273486 -0.922177
0.227355 0.324793 -0.918052
0.267227 0.30063 -0.915539
0.266454 0.29976 -0.916049
0.232607 0.299066 -0.925448
0.200152 0.300229 -0.932632
0.227984 0.325691 -0.917578
0.193134 0.321891 -0.926869
0.267227 0.30063 -0.915539
0.274324 0.274324 -0.921679
0.249878 0.249878 -0.935479
0.219116 0.219116 -0.950777
0.245743 0.245743 -0.937668
0.252108 0.216093 -0.943263
0.252168 0.252168 -0.93425
0.256469 0.256469 -0.931905
0.257707 0.220891 -0.940635
0.21361 0.21361 -0.95328
0.210958 0.210958 -0.95446
0.209734 0.174778 -0.962011
0.205576 0.205576 -0.956806
0.171928 0.171928 -0.969991
0.209734 0.174778 -0.962011
0.200079 0.233425 -0.951568
0.199389 0.23262 -0.95191
0.200079 0.233425 -0.951568
0.202915 0.169096 -0.964485
0.206271 0.171892 -0.963278
0.2016 0.2016 -0.958496
0.198411 0.198411 -0.959826
0.169129 0.169129 -0.970974
0.245121 0.140069 -0.959321
0.210214 0.105107 -0.971989
0.205834 0.137222 -0.968918
0.198977 0.165814 -0.965875
0.162656 0.162656 -0.973183
0.161693 0.194032 -0.967578
0.223826 0.223826 -0.94858
0.192635 0.22474 -0.955188
0.191044 0.191044 -0.962811
0.197018 0.197018 -0.9604
0.200139 0.200139 -0.959108
0.202195 0.168496 -0.964742
0.205514 0.171262 -0.963552
0.205514 0.171262 -0.963552
0.202915 0.169096 -0.964485
0.239707 0.171219 -0.955628
0.23584 0.168457 -0.95708
0.205514 0.171262 -0.963552
0.172878 0.138302 -0.975185
0.205514 0.171262 -0.963552
0.205514 0.171262 -0.963552
0.201425 0.167855 -0.965014
0.16951 0.203411 -0.964308
0.210847 0.245988 -0.946062
0.239654 0.273891 -0.931423
0.239654 0.273891 -0.931423
0.170606 0.272969 -0.946774
0.169794 0.271671 -0.947293
0.139307 0.243787 -0.959772
0.137103 0.23993 -0.96106
0.17158 0.274528 -0.946147
0.103013 0.30904 -0.945454
0.140912 0.281824 -0.949062
0.102467 0.273246 -0.956471
0.103385 0.241232 -0.964945
0.0672847 0.269139 -0.960748
0.0689354 0.241274 -0.968006
0.0689354 0.241274 -0.968006
0.0686984 0.274793 -0.959046
0.0689354 0.241274 -0.968006
0.0689354 0.241274 -0.968006
0.034846 0.243922 -0.969169
0.034846 0.243922 -0.969169
0.0708216 0.247875 -0.9662
0.0351246 0.210748 -0.976909
0.101949 0.271863 -0.95692
0.0336652 0.302987 -0.9524
0.0634472 0.317236 -0.946222
0 0 0
0 0 0
0.0323536 0.291182 -0.95612
0.0335899 0.235129 -0.971384
0.0341735 0.205041 -0.978157
0.0694556 0.208367 -0.975581
0.0694556 0.208367 -0.975581
0.0699231 0.174808 -0.982117
0.0342287 0.171144 -0.984651
0.0347305 0.208383 -0.97743
0.0343292 0.205975 -0.977955
0.0714455 0.178614 -0.981322
0.0358968 0.215381 -0.97587
0 0 0
0.0347305 0.208383 -0.97743
0.0338443 0.169222 -0.984997
0.0328038 0.196823 -0.97989
0 0 0
0 0 0
0.0317572 0.222301 -0.974461
0.031618 0.221326 -0.974687
0.0318902 0.223231 -0.974244
0.0658537 0.164634 -0.984154
0.066114 0.165285 -0.984027
0.0664429 0.132886 -0.988902
0.068628 0.102942 -0.992317
0.135412 0.0677062 -0.988473
0.137659 0.0688295 -0.988085
0.134427 0.10082 -0.985781
0.139978 0.0699891 -0.987678
0.139319 0.0696594 -0.987794
0.139978 0.0699891 -0.987678
0.106442 0.106442 -0.988605
0.142374 0.0711869 -0.98725
0.139319 0.0696594 -0.987794
0.102282 0.0681878 -0.992416
0.100643 0.0670952 -0.992658
0.101983 0.101983 -0.989545
0.104172 0.104172 -0.989089
0.139543 0.104657 -0.98467
0.102472 0.102472 -0.989444
0.102472 0.102472 -0.989444
0.102472 0.102472 -0.989444
0.102052 0.13607 -0.985429
0.0666455 0.133291 -0.988834
0.0663136 0.165784 -0.98393
0.0642956 0.160739 -0.984901
0.0666237 0.199871 -0.977554
0.0992048 0.231478 -0.967769
0.031618 0.221326 -0.974687
0 0 0
-0.0316222 0.189733 -0.981326
-0.0613966 0.18419 -0.980971
-0.128141 0.160176 -0.978736
-0.133833 0.133833 -0.981925
-0.10111 0.10111 -0.989724
-0.0666918 0.133384 -0.988818
-0.0996595 0.132879 -0.986109
-0.100382 0.133843 -0.985905
-0.105889 0.141185 -0.984304
-0.108586 0.0723907 -0.991448
-0.108228 0.108228 -0.988217
-0.106359 0.106359 -0.988623
-0.103361 0.137815 -0.98505
-0.138911 0.104183 -0.984809
-0.0709084 0.106363 -0.991796
-0.0699168 0.0699168 -0.9951
-0.0683071 0.102461 -0.992389
0.0334776 0.100433 -0.99438
0.0338931 0.135572 -0.990188
0.0354378 0.177189 -0.983539
0.0347047 0.173523 -0.984218
0.0340544 0.204326 -0.97831
0.0336281 0.201769 -0.978856
0.033738 0.202428 -0.978716
0 0 0
0.0335099 0.201059 -0.979006
0.0685443 0.171361 -0.982821
0.0341389 0.170694 -0.984732
0.0342739 0.17137 -0.98461
0.0350388 0.140155 -0.989509
0.0697865 0.139573 -0.98775
0.0354882 0.141953 -0.989237
0.0356459 0.106938 -0.993627
0.0354882 0.141953 -0.989237
0.0703796 0.105569 -0.991918
0.0712773 0.142555 -0.987217
0.074658 0.186645 -0.979587
0.111451 0.185751 -0.976256
0.0743095 0.185774 -0.979779
0.074658 0.186645 -0.979587
0.074658 0.186645 -0.979587
0.110018 0.183364 -0.976869
0.0743095 0.185774 -0.979779
0.074778 0.149556 -0.985922
0.0373908 0.149563 -0.988045
0.074778 0.149556 -0.985922
0.0367354 0.146942 -0.988463
0.108293 0.14439 -0.983577
0.105124 0.210248 -0.97198
0.105124 0.210248 -0.97198
0.0703846 0.211154 -0.974915
0.0720923 0.180231 -0.980979
0.0738044 0.147609 -0.986288
0.0738044 0.147609 -0.986288
0.0751333 0.150267 -0.985786
0.074778 0.149556 -0.985922
0.0373908 0.149563 -0.988045
0.0373908 0.149563 -0.988045
0.0373908 0.149563 -0.988045
0.0751333 0.150267 -0.985786
0.0371574 0.185787 -0.981887
0.0730232 0.182558 -0.98048
0.0730232 0.182558 -0.98048
0.074778 0.149556 -0.985922
0.0743095 0.185774 -0.979779
0.0751333 0.150267 -0.985786
0.0368346 0.184173 -0.982203
0.0368346 0.184173 -0.982203
0.0733539 0.183385 -0.980301
0.0368346 0.184173 -0.982203
0.0720923 0.180231 -0.980979
0.0364113 0.145645 -0.988667
0.0355777 0.177888 -0.983407
0.0361957 0.180979 -0.982821
0.0361957 0.180979 -0.982821
0.070075 0.14015 -0.987647
0.0720923 0.180231 -0.980979
0.0360484 0.180242 -0.982961
0.0708714 0.177178 -0.981624
0.0361957 0.180979 -0.982821
0.0720923 0.180231 -0.980979
0 0 0
0 0 0
0.0351952 0.211171 -0.976815
0.0351952 0.211171 -0.976815
0 0 0
0 0 0
0.0360484 0.180242 -0.982961
0.0351952 0.211171 -0.976815
0 0 0
0.0360484 0.180242 -0.982961
0 0 0
0 0 0
0 0 0
0 0 0
0.0360484 0.180242 -0.982961
0 0 0
0.0364107 0.218464 -0.975166
0.0371574 0.185787 -0.981887
0.036514 0.18257 -0.982515
0.0364107 0.218464 -0.975166
0 0 0
0.0360484 0.180242 -0.982961
0.0360484 0.180242 -0.982961
0 0 0
0.0360484 0.180242 -0.982961
0 0 0
0 0 0
0 0 0
0.0363388 0.181694 -0.982683
0 0 0
0 0 0
-0.0342287 0.171144 -0.984651
0 0 0
0 0 0
0 0 0
0.0359322 0.143729 -0.988965
0.0353273 0.141309 -0.989335
0 0 0
0 0 0
0 0 0
0 0 0
0 0 0
-0.0357254 0.107176 -0.993598
0 0 0
0 0 0
0 0 0
0 0 0
0.0326509 0.130603 -0.990897
-0.0333467 0.166734 -0.985438
-0.0669495 0.200848 -0.977332
-0.0710949 0.177737 -0.981507
-0.0359322 0.143729 -0.988965
-0.0715047 0.143009 -0.987135
-0.0347305 0.208383 -0.97743
-0.0710949 0.177737 -0.981507
-0.105375 0.175625 -0.978801
-0.109522 0.182537 -0.97708
-0.1886 0.15088 -0.970394
-0.186881 0.149505 -0.97094
-0.149271 0.186589 -0.971032
-0.146006 0.182508 -0.972303
-0.140721 0.211082 -0.967286
-0.17017 0.204204 -0.964024
-0.205576 0.205576 -0.956806
-0.165906 0.199088 -0.965836
-0.200079 0.233425 -0.951568
-0.200079 0.233425 -0.951568
-0.209734 0.174778 -0.962011
-0.172515 0.172515 -0.969782
-0.207425 0.138283 -0.968428
-0.134465 0.201698 -0.970174
-0.166416 0.166416 -0.971911
-0.166948 0.166948 -0.971729
-0.138795 0.138795 -0.980547
-0.138035 0.172544 -0.975282
-0.132334 0.198501 -0.971126
-0.0977143 0.195429 -0.975838
-0.100382 0.133843 -0.985905
-0.0680286 0.136057 -0.988363
-0.067784 0.135568 -0.988447
-0.0692007 0.103801 -0.992188
-0.0692007 0.103801 -0.992188
-0.0689112 0.137822 -0.988057
-0.0364296 0.109289 -0.993342
-0.0357997 0.107399 -0.993571
-0.0356459 0.106938 -0.993627
0 0 0
0 0 0
0.0359151 0.0718303 -0.99677
0.0370813 0.111244 -0.993101
0.0364296 0.109289 -0.993342
0.0359151 0.0718303 -0.99677
0.0363876 0.0727751 -0.996684
0.0357598 0.0715196 -0.996798
0.0356459 0.106938 -0.993627
0.0712902 0.106935 -0.991707
0.0357997 0.107399 -0.993571
0.0357997 0.107399 -0.993571
0.0357997 0.107399 -0.993571
0.0703796 0.105569 -0.991918
0.0703796 0.105569 -0.991918
0.0350444 0.105133 -0.99384
0.0703796 0.105569 -0.991918
0.0350444 0.105133 -0.99384
0.0343195 0.137278 -0.989938
0.0343195 0.137278 -0.989938
0 0 0
0.0329283 0.164641 -0.985804
0.0322323 0.193394 -0.980592
0.0327335 0.196401 -0.979977
0.0331081 0.198648 -0.979511
0.1025 0.205 -0.97338
0.0680151 0.204045 -0.976596
0.0351246 0.210748 -0.976909
0.0344611 0.241228 -0.969857
0.0343292 0.205975 -0.977955
0 0 0
0.0686531 0.205959 -0.976149
0.0686531 0.205959 -0.976149
0.0337813 0.202688 -0.978661
0.103647 0.172746 -0.979498
0.105375 0.175625 -0.978801
0.105971 0.141295 -0.984279
0.0686368 0.137274 -0.988152
0.104215 0.138953 -0.9848
0.104215 0.138953 -0.9848
0.104099 0.173498 -0.979317
0.104215 0.138953 -0.9848
0.102513 0.136684 -0.985296
0.102513 0.136684 -0.985296
0.136673 0.136673 -0.981143
0.136673 0.136673 -0.981143
0.100349 0.167248 -0.980795
0.135947 0.169934 -0.976033
0.137245 0.102934 -0.985174
0.144849 0.0724245 -0.9868
0.108092 0.0720611 -0.991526
0.144119 0.0720593 -0.986933
0.102776 0.0685172 -0.992342
0.100051 0.100051 -0.989939
0.100033 0.133377 -0.986004
0.0650822 0.162705 -0.984526
0.0970476 0.194095 -0.97617
0.0992633 0.132351 -0.98622
0.100863 0.134484 -0.985769
0.0992633 0.132351 -0.98622
0.100863 0.134484 -0.985769
0.100349 0.167248 -0.980795
0.100863 0.134484 -0.985769
0.0672455 0.134491 -0.98863
0.0669529 0.133906 -0.98873
0.0652899 0.163225 -0.984426
0.0642956 0.160739 -0.984901
0.10201 0.20402 -0.973637
0.100413 0.200825 -0.974467
0.0987071 0.230316 -0.968097
0.0654697 0.229144 -0.971188
0.0666237 0.199871 -0.977554
0 0 0
0.0337813 0.202688 -0.978661
-0.0341389 0.170694 -0.984732
-0.070075 0.14015 -0.987647
-0.138317 0.138317 -0.980682
-0.105106 0.140142 -0.984537
-0.105106 0.140142 -0.984537
-0.0685443 0.171361 -0.982821
-0.0697865 0.139573 -0.98775
-0.0689112 0.137822 -0.988057
-0.14067 0.14067 -0.980012
-0.14067 0.14067 -0.980012
-0.141804 0.106353 -0.984165
-0.108228 0.108228 -0.988217
-0.138317 0.138317 -0.980682
-0.103746 0.138328 -0.984938
-0.138795 0.138795 -0.980547
-0.102693 0.136924 -0.985244
-0.102693 0.136924 -0.985244
-0.10111 0.10111 -0.989724
-0.133833 0.133833 -0.981925
-0.13437 0.100778 -0.985793
-0.139395 0.104546 -0.984703
-0.137488 0.103116 -0.985121
-0.104886 0.104886 -0.988938
-0.102378 0.136505 -0.985335
-0.138911 0.104183 -0.984809
-0.141295 0.105971 -0.984279
-0.106359 0.106359 -0.988623
-0.102037 0.13605 -0.985433
-0.138317 0.138317 -0.980682
-0.134266 0.134266 -0.981807
-0.101006 0.134674 -0.985728
-0.065738 0.164345 -0.98421
-0.102037 0.13605 -0.985433
-0.104105 0.138806 -0.984832
-0.104551 0.104551 -0.989009
-0.104188 0.104188 -0.989085
-0.138911 0.104183 -0.984809
-0.102378 0.136505 -0.985335
-0.0699265 0.10489 -0.992022
-0.0699168 0.0699168 -0.9951
-0.0683071 0.102461 -0.992389
-0.0342693 0.102808 -0.994111
-0.0683071 0.102461 -0.992389
-0.0341542 0.102462 -0.99415
-0.0341542 0.102462 -0.99415
-0.0354384 0.0708768 -0.996855
-0.0358287 0.0358287 -0.998715
0 0 0
0 0 0
0 0 0
0 0 0
0 0 0
0 0 0
-0.0341542 0.102462 -0.99415
0 0 0
0 0 0
-0.0357823 0.143129 -0.989057
0 0 0
0 0 0
0 0 0
0 0 0
0 0 0
0 0 0
0.0344162 0.0688325 -0.997034
0.0349962 0.0699924 -0.996933
0.0360315 0.0720631 -0.996749
0 0 0
0 0 0
-0.0360315 0.0720631 -0.996749
-0.0356459 0.106938 -0.993627
-0.0691293 0.0691293 -0.99521
-0.0349962 0.0699924 -0.996933
-0.035218 0.035218 -0.998759
0 0 0
-0.0361256 4.42396e-18 -0.999347
0 0 0
0.0343146 0.102944 -0.994095
0.0675144 0.101272 -0.992565
0.0669529 0.133906 -0.98873
0.0675144 0.101272 -0.992565
0.034565 0.0691299 -0.997009
-0.0346271 0.0346271 -0.9988
0 0 0
0 0 0
0 0 0
0 0 0
0.0324183 0.162091 -0.986243
-0.0320706 0.128282 -0.991219
0 0 0
0.0332496 0.199497 -0.979334
0 0 0
-0.0329633 0.263706 -0.96404
-0.0328744 0.230121 -0.972607
0 0 0
0 0 0
0 0 0
0 0 0
0 0 0
0 0 0
0 0 0
0 0 0
0.0349635 0.174818 -0.98398
0 0 0
0.0355995 0.249197 -0.967798
-0.0363085 0.217851 -0.975306
0 0 0
0 0 0
0 0 0
0.0352222 0.246555 -0.968488
0.036001 0.252007 -0.967056
0.0357986 0.25059 -0.967431
0 0 0
0 0 0
0 0 0
0 0 0
0 0 0
0 0 0
0 0 0
-0.0359428 0.2516 -0.967164
-0.0350429 0.280343 -0.95926
-0.0339551 0.305595 -0.951556
-0.0341575 0.307417 -0.950962
0 0 0
0 0 0
-0.0331481 0.298332 -0.953886
0 0 0
-0.0347037 0.277629 -0.960061
-0.0361713 0.253199 -0.966738
-0.0355883 0.249118 -0.967819
-0.0348986 0.279189 -0.959602
-0.0343538 0.27483 -0.960879
0 0 0
0 0 0
-0.0346623 0.242636 -0.969498
-0.0701618 0.280647 -0.957243
-0.035276 0.317484 -0.947607
0 0 0
0.0340139 0.306125 -0.951383
0 0 0
0.0357986 0.25059 -0.967431
0 0 0
0 0 0
0 0 0
0 0 0
0.0337569 0.236298 -0.971094
0 0 0
0.0324952 0.162476 -0.986177
0.0326463 0.163232 -0.986047
0.0980892 0.130786 -0.986546
0.133783 0.167229 -0.976799
0.133783 0.167229 -0.976799
0.103381 0.103381 -0.989255
0.0691293 0.0691293 -0.99521
0.0704359 0.0352179 -0.996894
0.0692541 0.0346271 -0.996998
0.105182 0.0350605 -0.993835
0.103246 0.0688309 -0.992271
0.101689 0.101689 -0.989605
0.0679915 0.0679915 -0.995366
0.102086 0.102086 -0.989524
0.103692 0.0691283 -0.992204
0.0696725 0.0696725 -0.995134
0.141194 0.0705969 -0.987462
0.13839 0.103793 -0.984924
0.105898 0.0705985 -0.991868
0.103798 0.103798 -0.989167
0.105898 0.0705985 -0.991868
0.0703045 0.0703045 -0.995045
0.105455 0.0703034 -0.991936
0.106442 0.106442 -0.988605
0.104986 0.0699907 -0.992008
0.0689228 0.103384 -0.992251
0.105455 0.0703034 -0.991936
0.102403 0.170671 -0.979992
0.0666198 0.0666198 -0.995552
0 0 0
-0.0664822 8.14146e-18 -0.997788
-0.0731018 0.0731018 -0.994642
-0.175923 0.105554 -0.978729
-0.162656 0.162656 -0.973183
-0.167456 0.200947 -0.965183
-0.168045 0.201654 -0.964933
-0.172515 0.172515 -0.969782
-0.177024 0.141619 -0.973964
-0.209947 0.139965 -0.967643
-0.214603 0.107301 -0.970789
-0.244262 0.139578 -0.959611
-0.212397 0.141598 -0.96687
-0.209404 0.139602 -0.967813
-0.210343 0.105171 -0.971954
-0.133578 0.166973 -0.976871
-0.100489 0.167482 -0.98074
-0.102378 0.136505 -0.985335
-0.0676107 0.101416 -0.992544
-0.0673407 0.134681 -0.988598
-0.0659252 0.164813 -0.984119
-0.0673407 0.134681 -0.988598
-0.0662499 0.165625 -0.983961
-0.132748 0.165936 -0.977161
-0.129364 0.226386 -0.965409
-0.130853 0.163567 -0.977816
-0.0997509 0.166251 -0.981025
-0.100537 0.134049 -0.985862
-0.098295 0.163825 -0.98158
-0.0987779 0.131704 -0.986355
-0.131269 0.131269 -0.982617
-0.0647087 0.0970631 -0.993172
-0.0324913 0.0324913 -0.998944
-0.0340798 0.0681596 -0.997092
-0.033572 0.033572 -0.998872
-0.0347262 0.0347262 -0.998793
-0.0359617 0.0359617 -0.998706
-0.0351743 0.0703487 -0.996902
0 0 0
0 0 0
-0.033996 0.067992 -0.997106
0 0 0
0 0 0
0 0 0
0 0 0
0 0 0
0.0350714 0.0701428 -0.99692
0.0350714 0.0701428 -0.99692
0 0 0
0.0352399 0.0352399 -0.998757
0 0 0
0 0 0
0 0 0
0.0351743 0.0703487 -0.996902
0.0345753 0.0691506 -0.997007
0.0351743 0.0703487 -0.996902
0.0343705 0.0687409 -0.997042
0.0344775 0.0689551 -0.997024
0.0344723 0.103417 -0.994041
0.0343754 0.103126 -0.994074
0.0708289 0.141658 -0.987379
0.0705969 0.141194 -0.987462
0.0360782 0.108235 -0.99347
0.109282 0.109282 -0.987985
0.0722001 0.1444 -0.986882
0.107157 0.178595 -0.97807
0.0672611 0.201783 -0.977118
0.101325 0.202649 -0.973995
0.0343292 0.205975 -0.977955
0.0351303 0.175652 -0.983825
-0.0717783 0.179446 -0.981146
-0.0722001 0.1444 -0.986882
-0.035725 0.178625 -0.983268
-0.0714455 0.178614 -0.981322
-0.0353047 0.211828 -0.976669
0 0 0
-0.0363085 0.217851 -0.975306
0 0 0
0 0 0
-0.0342935 0.240055 -0.970153
-0.0694556 0.208367 -0.975581
-0.0700923 0.210277 -0.975126
-0.102612 0.239427 -0.965477
-0.0985926 0.262914 -0.959769
-0.067335 0.235672 -0.969497
-0.0664994 0.265997 -0.961677
-0.0683419 0.205026 -0.976368
-0.0689482 0.206845 -0.975941
-0.0703846 0.211154 -0.974915
-0.0689482 0.206845 -0.975941
-0.0679877 0.169969 -0.983101
0 0 0
-0.033477 0.200862 -0.979047
-0.0333141 0.199885 -0.979253
-0.0328744 0.230121 -0.972607
-0.102403 0.170671 -0.979992
-0.140129 0.140129 -0.980167
-0.140129 0.140129 -0.980167
-0.143101 0.143101 -0.979308
-0.108772 0.145029 -0.98343
-0.0709737 0.141947 -0.987327
-0.0675228 0.135046 -0.988536
-0.0337624 0.13505 -0.990263
0 0 0
0 0 0
-0.0332225 0.13289 -0.990574
0 0 0
0 0 0
0 0 0
0 0 0
0 0 0
0.0344162 0.0688325 -0.997034
0.102939 0.102939 -0.989347
0.0351526 0.0703052 -0.996906
0.0675144 0.101272 -0.992565
0.067716 0.135432 -0.98847
0.131198 0.131198 -0.982636
0.166479 0.199775 -0.965595
0.163127 0.195752 -0.966991
0.131174 0.19676 -0.971637
0.102472 0.102472 -0.989444
0.13889 0.104167 -0.984814
0.102939 0.102939 -0.989347
0.104986 0.0699907 -0.992008
0.104491 0.0696609 -0.992083
0.102776 0.0685172 -0.992342
0.137659 0.0688295 -0.988085
0.137659 0.0688295 -0.988085
0.168765 0.101259 -0.980441
0.134427 0.10082 -0.985781
0.137659 0.0688295 -0.988085
0.168765 0.101259 -0.980441
0.135019 0.101264 -0.985655
0.103881 0.0346269 -0.993987
0.138254 0.0691269 -0.987981
0.173133 0.0346265 -0.98429
0.202503 0.101252 -0.974033
0.200069 0.100035 -0.974662
0.23152 0.132297 -0.963793
0.226976 0.129701 -0.965225
0.193627 0.161356 -0.967715
0.197464 0.164553 -0.966401
0.166735 0.100041 -0.980913
0.204137 0.102068 -0.973607
0.238772 0.136441 -0.961443
0.269534 0.101075 -0.957672
0.269534 0.101075 -0.957672
0.239005 0.102431 -0.965601
0.243819 0.0696626 -0.967316
0.249433 0.0356333 -0.967736
0.249433 0.0356333 -0.967736
0.243819 0.0696626 -0.967316
0.209396 0.0348993 -0.977208
0.248528 0.035504 -0.967974
0.243368 0.0347668 -0.969311
0.208603 0.0347672 -0.977382
0.240559 0.0687311 -0.968198
0.202485 0.0337475 -0.978704
0.204879 0.10244 -0.973412
0.205505 0.0685017 -0.976256
0.239747 0.068499 -0.968416
0.244674 0.0699068 -0.967082
0.238139 0.10206 -0.965854
0.208337 0.104169 -0.972494
0.208337 0.104169 -0.972494
0.247062 0.070589 -0.966425
0.211777 0.0705922 -0.974765
0.241919 0.0691198 -0.967831
0.215604 0.107802 -0.970512
0.21474 0.10737 -0.970751
0.21109 0.105545 -0.971752
0.176607 0.105964 -0.978561
0.176607 0.105964 -0.978561
0.176607 0.105964 -0.978561
0.176607 0.105964 -0.978561
0.176607 0.105964 -0.978561
0.174233 0.10454 -0.97914
0.211911 0.105955 -0.971528
0.176607 0.105964 -0.978561
0.208337 0.104169 -0.972494
0.173628 0.104177 -0.979286
0.207557 0.103779 -0.972702
0.206655 0.13777 -0.968666
0.172878 0.138302 -0.975185
0.206655 0.13777 -0.968666
0.209276 0.139517 -0.967852
0.218905 0.182421 -0.958542
0.249815 0.178439 -0.95171
0.179601 0.143681 -0.97319
0.14457 0.180712 -0.972853
0.10725 0.143 -0.983895
0.0347305 0.208383 -0.97743
0.0694806 0.138961 -0.987857
0 0 0
0 0 0
0 0 0
0.0359322 0.143729 -0.988965
0 0 0
0 0 0
0 0 0
-0.0352885 0.176443 -0.983678
0 0 0
0 0 0
0 0 0
0.0343292 0.205975 -0.977955
0.0344768 0.206861 -0.977763
0.0340689 0.238482 -0.970549
0.068131 0.238459 -0.96876
0.0346208 0.242345 -0.969572
-0.0344611 0.241228 -0.969857
-0.0340689 0.238482 -0.970549
-0.0657408 0.262963 -0.962563
-0.0336707 0.235695 -0.971244
0 0 0
-0.033388 0.233716 -0.971731
-0.0321235 0.256988 -0.96588
-0.0337569 0.236298 -0.971094
-0.0329633 0.263706 -0.96404
-0.0652147 0.260859 -0.963172
-0.0657408 0.262963 -0.962563
-0.0635398 0.254159 -0.965073
-0.0963883 0.224906 -0.969601
-0.0959008 0.191802 -0.976737
-0.132694 0.165867 -0.97718
-0.101144 0.168573 -0.980486
-0.102949 0.137266 -0.98517
-0.102949 0.137266 -0.98517
-0.0344568 0.137827 -0.989857
-0.0344568 0.137827 -0.989857
-0.0344568 0.137827 -0.989857
-0.0344568 0.137827 -0.989857
-0.0703796 0.105569 -0.991918
-0.0689228 0.103384 -0.992251
-0.0344568 0.137827 -0.989857
-0.0344568 0.137827 -0.989857
-0.0700873 0.105131 -0.991986
-0.0350388 0.140155 -0.989509
-0.0350388 0.140155 -0.989509
-0.0362614 0.145046 -0.98876
-0.0354378 0.177189 -0.983539
-0.0354378 0.177189 -0.983539
-0.0351905 0.105572 -0.993789
-0.0353275 0.105983 -0.99374
-0.0351905 0.105572 -0.993789
-0.03564 0.14256 -0.989144
-0.0356459 0.106938 -0.993627
0 0 0
0.0362676 0.108803 -0.993402
0 0 0
0.0353273 0.141309 -0.989335
0.0347415 0.138966 -0.989688
0 0 0
-0.0335904 0.167952 -0.985223
-0.0331811 0.165905 -0.985583
-0.0341291 0.136516 -0.99005
-0.0694073 0.138815 -0.987883
-0.0685373 0.102806 -0.992337
-0.0680286 0.136057 -0.988363
-0.067784 0.135568 -0.988447
0 0 0
0 0 0
0 0 0
0 0 0
0 0 0
0.0322323 0.193394 -0.980592
-0.0332225 0.13289 -0.990574
-0.0663592 0.165898 -0.983908
-0.0676756 0.169189 -0.983257
-0.0699552 0.174888 -0.9821
-0.0348466 0.174233 -0.984088
-0.0344004 0.172002 -0.984496
-0.0341785 0.205071 -0.97815
0 0 0
0 0 0
0 0 0
0 0 0
0 0 0
-0.0347047 0.173523 -0.984218
-0.0348945 0.139578 -0.989596
-0.0354378 0.177189 -0.983539
-0.070573 0.176432 -0.98178
-0.0347047 0.173523 -0.984218
-0.0360484 0.180242 -0.982961
-0.0362614 0.145046 -0.98876
-0.036514 0.18257 -0.982515
-0.0373908 0.149563 -0.988045
-0.0361015 0.144406 -0.98886
-0.0360484 0.180242 -0.982961
-0.0700873 0.105131 -0.991986
-0.0351526 0.0703052 -0.996906
-0.0353001 0.0706002 -0.99688
-0.0725334 0.1088 -0.991414
-0.0362676 0.108803 -0.993402
-0.0351905 0.105572 -0.993789
-0.036514 0.18257 -0.982515
-0.0723868 0.180967 -0.980822
-0.0362614 0.145046 -0.98876
0 0 0
-0.0361015 0.144406 -0.98886
0 0 0
0 0 0
-0.0350444 0.105133 -0.99384
-0.0700873 0.105131 -0.991986
-0.0351526 0.0703052 -0.996906
0 0 0
-0.034565 0.0691299 -0.997009
0 0 0
-0.0338981 0.101694 -0.994238
0 0 0
0 0 0
0 0 0
0 0 0
-0.0353664 0.0353664 -0.998748
0 0 0
0 0 0
-0.032822 0.098466 -0.994599
0 0 0
-0.0653958 0.130792 -0.989251
-0.0321909 0.128763 -0.991153
-0.0321909 0.128763 -0.991153
-0.0316979 0.126792 -0.991423
0 0 0
0 0 0
0 0 0
0 0 0
-0.0332225 0.13289 -0.990574
0 0 0
0.0341294 0.0682588 -0.997084
0.0347052 0.0694104 -0.996984
0 0 0
0.0338981 0.101694 -0.994238
0 0 0
0.033996 0.067992 -0.997106
0 0 0
0 0 0
0 0 0
0.0336289 0.0336289 -0.998868
0.0672576 0.0336288 -0.997169
0.0680594 0.102089 -0.992444
0.0342543 0.0685086 -0.997062
0.0707326 0.0353663 -0.996868
0.0695361 0.0347681 -0.996973
0.0355054 0.0355054 -0.998739
0.0359849 0.0359849 -0.998704
0.0360608 0.0721216 -0.996744
0.0360608 0.0721216 -0.996744
0.0341893 0.0341893 -0.99883
0.0353885 0 -0.999374
0.0355054 0.0355054 -0.998739
0.0355054 0.0355054 -0.998739
0.0355278 0 -0.999369
0.0707771 0 -0.997492
0.0361314 0.0361314 -0.998694
0.0353664 0.0353664 -0.998748
0.0355054 0.0355054 -0.998739
0.0359151 0.0718303 -0.99677
0.0347681 0.0347681 -0.99879
0.0347052 0.0694104 -0.996984
0.0348523 0.104557 -0.993908
0.0348365 0.0696731 -0.996961
0 0 0
0 0 0
0.0335719 0.0671438 -0.997178
0.033145 0.0662901 -0.99725
0.033145 0.0662901 -0.99725
0.0328175 0.13127 -0.990803
0.0340544 0.204326 -0.97831
0 0 0
0 0 0
0 0 0
-0.0348894 0.104668 -0.993895
-0.0722001 0.1444 -0.986882
-0.0702566 0.175642 -0.981944
-0.105375 0.175625 -0.978801
-0.139814 0.174768 -0.974632
-0.105375 0.175625 -0.978801
-0.105375 0.175625 -0.978801
-0.105375 0.175625 -0.978801
-0.106631 0.177719 -0.978287
-0.107785 0.143713 -0.983732
-0.107785 0.143713 -0.983732
-0.139814 0.174768 -0.974632
-0.134484 0.201726 -0.970165
-0.0971049 0.226578 -0.96914
-0.0971049 0.226578 -0.96914
-0.0977792 0.195558 -0.975805
-0.0971049 0.226578 -0.96914
-0.0637755 0.223214 -0.972681
-0.0673678 0.168419 -0.983411
-0.0684539 0.171135 -0.982867
-0.0707272 0.176818 -0.981699
-0.103655 0.207311 -0.972768
-0.10201 0.20402 -0.973637
-0.134484 0.201726 -0.970165
-0.0672611 0.201783 -0.977118
-0.134709 0.168386 -0.976473
-0.0688194 0.137639 -0.988089
-0.0691579 0.138316 -0.987971
-0.068317 0.102476 -0.992387
-0.0691077 0.103662 -0.992209
-0.067716 0.135432 -0.98847
-0.0345802 0.138321 -0.989784
-0.0351577 0.140631 -0.989438
-0.0345802 0.138321 -0.989784
-0.0699231 0.174808 -0.982117
-0.0666455 0.133291 -0.988834
-0.0703128 0.140626 -0.987563
-0.0357537 0.143015 -0.989075
-0.0348313 0.0696625 -0.996962
-0.0345545 0.103664 -0.994012
0 0 0
0 0 0
0 0 0
-0.0688194 0.137639 -0.988089
-0.0345802 0.138321 -0.989784
-0.0718284 0.107743 -0.991581
-0.0720623 0.0720623 -0.994793
-0.0740062 0.148012 -0.986213
-0.0357075 0.214245 -0.976127
-0.035915 0.107745 -0.99353
-0.0374431 0.149773 -0.988011
-0.0369734 0.11092 -0.993141
-0.0367975 0.14719 -0.988424
-0.0358968 0.215381 -0.97587
-0.06858 0.24003 -0.96834
-0.0675073 0.236276 -0.969338
-0.101723 0.237355 -0.966082
-0.10589 0.21178 -0.971564
-0.10535 0.210701 -0.971857
-0.0695733 0.173933 -0.982297
-0.0688194 0.137639 -0.988089
-0.0346058 0.173029 -0.984309
0 0 0
-0.0691127 0.207338 -0.975825
0 0 0
-0.034559 0.207354 -0.977655
-0.0355496 0.177748 -0.983434
-0.107664 0.215329 -0.970588
-0.103655 0.207311 -0.972768
-0.0660201 0.23107 -0.970695
-0.103171 0.171952 -0.979688
-0.0710949 0.177737 -0.981507
-0.0711306 0.142261 -0.98727
-0.0718284 0.107743 -0.991581
0 0 0
-0.0351577 0.140631 -0.989438
-0.0349798 0.139919 -0.989545
0 0 0
-0.0339959 0.101988 -0.994205
0 0 0
0 0 0
-0.0352885 0.176443 -0.983678
-0.0347415 0.138966 -0.989688
0 0 0
-0.0357537 0.143015 -0.989075
-0.0349635 0.174818 -0.98398
-0.0345802 0.138321 -0.989784
0 0 0
0 0 0
-0.0361015 0.144406 -0.98886
-0.0337578 0.101273 -0.994286
-0.0362614 0.145046 -0.98876
-0.070573 0.176432 -0.98178
-0.0686368 0.137274 -0.988152
-0.065883 0.0988244 -0.992922
-0.104507 0.0696714 -0.992081
-0.0715979 0.107397 -0.991635
-0.0354828 0.106448 -0.993685
-0.0726729 0.181682 -0.980668
-0.0352885 0.176443 -0.983678
-0.0697865 0.139573 -0.98775
-0.070573 0.176432 -0.98178
-0.0705996 0.0705996 -0.995003
-0.0353001 0.0706002 -0.99688
-0.0704359 0.0352179 -0.996894
-0.0352399 4.3155e-18 -0.999379
-0.0358287 0.0358287 -0.998715
-0.0356459 0.106938 -0.993627
-0.0344621 0.103386 -0.994044
0.0354828 0.106448 -0.993685
0.0365389 0.109617 -0.993302
0 0 0
0 0 0
0 0 0
0 0 0
0 0 0
-0.0358401 0.0716802 -0.996784
0 0 0
0 0 0
0.0342593 0.0685187 -0.997061
0.0342593 0.0685187 -0.997061
0 0 0
0.0346582 0.0693165 -0.996992
0.0348313 0.0696625 -0.996962
0.0348313 0.0696625 -0.996962
0 0 0
0.0342593 0.0685187 -0.997061
0 0 0
0.0348313 0.0696625 -0.996962
0.0341591 0.102477 -0.994149
0.0341591 0.102477 -0.994149
0.0341591 0.102477 -0.994149
0.0341591 0.102477 -0.994149
0 0 0
-0.0356459 0.106938 -0.993627
-0.0707326 0.0353663 -0.996868
-0.100265 1.22785e-17 -0.994961
-0.163147 1.99791e-17 -0.986602
-0.225566 0.0322237 -0.973695
-0.257921 0.0322401 -0.965628
-0.346545 0.138618 -0.927735
-0.339406 0.135762 -0.930791
-0.375012 0.204552 -0.904171
-0.3012 0.2008 -0.932179
-0.372921 0.203411 -0.905292
-0.371748 0.135181 -0.918439
-0.363637 0.16529 -0.916759
-0.327882 0.131153 -0.935571
-0.393247 0.131082 -0.910041
-0.430957 0.165753 -0.887019
-0.399658 0.133219 -0.906932
-0.398024 0.165844 -0.90226
-0.440777 0.135624 -0.887311
-0.430957 0.165753 -0.887019
-0.440777 0.135624 -0.887311
-0.430957 0.165753 -0.887019
-0.463815 0.165648 -0.870308
-0.399658 0.133219 -0.906932
-0.430195 0.16546 -0.887443
-0.430195 0.16546 -0.887443
-0.430195 0.16546 -0.887443
-0.474468 0.135562 -0.869772
-0.474468 0.135562 -0.869772
-0.474468 0.135562 -0.869772
-0.430195 0.16546 -0.887443
-0.473591 0.135312 -0.870289
-0.475021 0.10179 -0.874068
-0.464949 0.132843 -0.875314
-0.408237 0.102059 -0.907153
-0.402244 0.100561 -0.909993
-0.442788 0.0681212 -0.894035
-0.478737 0.068391 -0.875291
-0.503407 0.067121 -0.861438
-0.551716 0.0973616 -0.82833
-0.4871 0.0974201 -0.867895
-0.461457 0.0988837 -0.881634
-0.428591 0.0989057 -0.898069
-0.399658 0.133219 -0.906932
-0.322688 0.129075 -0.937663
-0.387686 0.129229 -0.912688
-0.367689 0.133705 -0.920287
-0.344446 0.172223 -0.922874
-0.261657 0.0654142 -0.962942
-0.235698 0.101014 -0.966562
-0.16235 0.0974101 -0.981913
-0.166027 0.132821 -0.977135
-0.0987779 0.131704 -0.986355
-0.0980892 0.130786 -0.986546
-0.03256 0.09768 -0.994685
-0.0332225 0.13289 -0.990574
-0.0329508 0.131803 -0.990728
-0.0334774 0.13391 -0.990428
-0.0334774 0.13391 -0.990428
0 0 0
0 0 0
0 0 0
-0.0337624 0.13505 -0.990263
0 0 0
0 0 0
0 0 0
0 0 0
0 0 0
0 0 0
0 0 0
0.0337578 0.101273 -0.994286
-0.0334774 0.13391 -0.990428
0 0 0
0.0341739 0.136696 -0.990023
0.034726 0.104178 -0.993952
0.034726 0.104178 -0.993952
0.0710536 0.10658 -0.991762
0.0697042 0.0697042 -0.995129
0.0685785 0.0685785 -0.995286
0.0685785 0.0685785 -0.995286
0.101471 0.101471 -0.98965
0.0994627 0.165771 -0.981136
0.0979454 0.130594 -0.986586
0.0656066 0.131213 -0.989181
0.0666455 0.133291 -0.988834
0.101269 0.101269 -0.989692
0.101269 0.101269 -0.989692
0.068317 0.102476 -0.992387
0.068317 0.102476 -0.992387
0.0699917 0.0699917 -0.995089
0.068317 0.102476 -0.992387
0.068317 0.102476 -0.992387
0.104172 0.104172 -0.989089
0.0711306 0.142261 -0.98727
0.100358 0.100358 -0.989877
0.103972 0.0693149 -0.992162
0.104235 0.104235 -0.989075
0.108363 0.144484 -0.983556
0.104619 0.174366 -0.979107
0.0677862 0.0677862 -0.995394
0.035533 0.142132 -0.98921
0 0 0
0 0 0
-0.0340203 0.136081 -0.990113
-0.0349798 0.139919 -0.989545
-0.0358401 0.0716802 -0.996784
0.0356404 0.0712807 -0.996819
0 0 0
-0.0357254 0.107176 -0.993598
-0.0346009 0.138403 -0.989771
0 0 0
0 0 0
-0.0351577 0.140631 -0.989438
0 0 0
0 0 0
0 0 0
0.0351577 0.140631 -0.989438
-0.0349798 0.139919 -0.989545
0 0 0
0.034234 0.136936 -0.989988
0.0335195 0.167598 -0.985285
0 0 0
0 0 0
0 0 0
-0.0326463 0.163232 -0.986047
0 0 0
0 0 0
0 0 0
0 0 0
0 0 0
0 0 0
0.0360959 0.108288 -0.993464
-0.035915 0.107745 -0.99353
-0.0365389 0.109617 -0.993302
-0.0365389 0.109617 -0.993302
-0.0351308 0.105392 -0.99381
-0.0358401 0.0716802 -0.996784
0 0 0
-0.0354217 0.0708434 -0.996858
-0.0711897 0.0711897 -0.994919
-0.0360315 0.0720631 -0.996749
-0.0367294 0.110188 -0.993232
-0.0367294 0.110188 -0.993232
-0.035915 0.107745 -0.99353
-0.0714493 0.107174 -0.99167
-0.0319275 3.90987e-18 -0.99949
-0.0321994 0.0643988 -0.997405
0 0 0
-0.0332687 0.0332687 -0.998893
-0.0340947 0.0681893 -0.99709
-0.0341543 0.0341543 -0.998833
-0.0336051 0.0336051 -0.99887
-0.0330725 0.0330725 -0.998906
-0.0330725 0.0330725 -0.998906
-0.0325041 0.0650083 -0.997355
-0.0333843 0.0667686 -0.99721
-0.0337628 0.0337628 -0.998859
-0.0337628 0.0337628 -0.998859
0 0 0
0 0 0
0 0 0
-0.0341743 4.18501e-18 -0.999416
-0.0683085 0.0341543 -0.997079
-0.0336051 0.0336051 -0.99887
0 0 0
0 0 0
0 0 0
0 0 0
0 0 0
0 0 0
0 0 0
0 0 0
0 0 0
0.0338253 0.101476 -0.994263
-0.0326119 0.0978357 -0.994668
-0.0317819 0.0953458 -0.994937
0 0 0
-0.0329286 0.0987858 -0.994564
0 0 0
0 0 0
0 0 0
-0.0336477 0.100943 -0.994323
0 0 0
0 0 0
-0.0333467 0.166734 -0.985438
-0.068799 0.137598 -0.988096
-0.0703345 0.140669 -0.987555
-0.0344007 0.137603 -0.98989
-0.102141 0.136188 -0.985404
-0.0679955 0.203986 -0.97661
-0.0692079 0.17302 -0.982484
-0.0669495 0.200848 -0.977332
-0.0654697 0.229144 -0.971188
-0.0996825 0.232593 -0.967452
-0.135308 0.202962 -0.969793
-0.175786 0.175786 -0.968607
-0.210895 0.175746 -0.96158
-0.244512 0.174651 -0.953788
-0.247134 0.141219 -0.958635
-0.284868 0.142434 -0.947925
-0.312023 0.138677 -0.939899
-0.309802 0.13769 -0.940778
-0.298234 0.165686 -0.940003
-0.266596 0.133298 -0.954546
-0.27095 0.135475 -0.953012
-0.275577 0.103341 -0.955708
-0.172069 0.0688277 -0.982677
-0.239782 0.0685091 -0.968407
-0.2311 0.0660287 -0.970687
-0.200791 0.133861 -0.970445
-0.235199 0.1008 -0.966706
-0.1753 0.0350601 -0.983891
-0.24841 0.0354872 -0.968005
-0.209497 2.56552e-17 -0.977809
-0.208451 2.55271e-17 -0.978033
-0.171596 0.0343193 -0.984569
-0.137278 0.0343195 -0.989938
-0.134188 0.0670939 -0.988682
-0.100643 0.0670952 -0.992658
-0.133805 0.100354 -0.985913
-0.0998702 0.0998702 -0.989976
-0.133805 0.100354 -0.985913
-0.134188 0.0670939 -0.988682
-0.173602 0.0347203 -0.984204
-0.139665 1.71034e-17 -0.990199
-0.138968 1.70181e-17 -0.990297
-0.10368 1.26967e-17 -0.994611
-0.134419 0.0336048 -0.990355
-0.0987457 0.0329152 -0.994568
-0.10032 0.0334401 -0.994393
-0.0664454 0.0332227 -0.997237
-0.0332228 0.0332228 -0.998896
-0.0329332 4.03303e-18 -0.999458
-0.0329154 0.0329154 -0.998916
-0.0326991 0.0653981 -0.997323
0 0 0
-0.032862 0.0657239 -0.997297
-0.0324185 0.0972556 -0.994731
0 0 0
0 0 0
-0.0330725 0.0330725 -0.998906
0 0 0
0 0 0
0.0337628 0.0337628 -0.998859
0.0675641 0 -0.997715
0.0337628 0.0337628 -0.998859
0.0664454 0.0332227 -0.997237
0.0321911 0.0321911 -0.998963
0.031774 0.063548 -0.997473
0.0315714 0.0947141 -0.995004
0 0 0
-0.0325601 0.0325601 -0.998939
-0.0983073 0.0327691 -0.994616
-0.165451 0.0330901 -0.985663
-0.16076 0.0643038 -0.984897
-0.261692 0.0654229 -0.962932
-0.265918 0.0332397 -0.963422
-0.331361 0.0662723 -0.941174
-0.341439 0.0682877 -0.93742
-0.335766 0.0671531 -0.939549
-0.368119 0.100396 -0.924342
-0.409625 0.0341354 -0.911615
-0.376321 0.034211 -0.925858
-0.411305 0.0342755 -0.910853
-0.375554 0.0682826 -0.924282
-0.410437 0.0684061 -0.90932
-0.410437 0.0684061 -0.90932
-0.41843 0.0348692 -0.907579
-0.382754 0.0695916 -0.921226
-0.41843 0.0348692 -0.907579
-0.389823 4.7738e-17 -0.92089
-0.389535 0.0354123 -0.920331
-0.389535 0.0354123 -0.920331
-0.390331 0.0354847 -0.91999
-0.389535 0.0354123 -0.920331
-0.425262 5.20778e-17 -0.90507
-0.425805 0.0354837 -0.904119
-0.423941 0.0353284 -0.905
-0.459256 0.0353274 -0.887601
-0.495726 0.035409 -0.867757
-0.460334 0.0354103 -0.887039
-0.494566 0.0353261 -0.868422
-0.503353 0.0359538 -0.863332
-0.468944 5.74272e-17 -0.883228
-0.468554 0.0360426 -0.882699
-0.432872 5.30098e-17 -0.901455
-0.459619 5.62853e-17 -0.888116
-0.49001 0.113079 -0.864351
-0.481164 0.111038 -0.86957
-0.494566 0.0353261 -0.868422
-0.467804 5.72876e-17 -0.883832
-0.468554 0.0360426 -0.882699
-0.459241 0.0706525 -0.885498
-0.494566 0.0353261 -0.868422
-0.49326 0.0352329 -0.869168
-0.537808 0.0358539 -0.842304
-0.503353 0.0359538 -0.863332
-0.503353 0.0359538 -0.863332
-0.458043 0.0352341 -0.888231
-0.49326 0.0352329 -0.869168
-0.52987 0.0353247 -0.847343
-0.501977 0.0358555 -0.864137
-0.456969 0.070303 -0.8867
0 0 0
