0.264478 0.198358 -0.943772
0.279352 0.174595 -0.944182
0.275077 0.137538 -0.951534
0.310907 0.138181 -0.940342
0.335311 0.167655 -0.92707
0.338194 0.135278 -0.931303
0.310814 0.103605 -0.944807
0.239392 0.170994 -0.955747
0.201995 0.168329 -0.964813
0.197603 0.197603 -0.960159
0.229785 0.196959 -0.953103
0.234124 0.133785 -0.962958
0.267718 0.100394 -0.958253
0.207368 0.0691227 -0.975818
0.240879 0.0688226 -0.968112
0.200069 0.100035 -0.974662
0.201667 0.134445 -0.970183
0.205834 0.137222 -0.968918
0.204962 0.136641 -0.969185
0.202498 0.134999 -0.969933
0.239085 0.13662 -0.961339
0.199264 0.132843 -0.9709
0.199264 0.132843 -0.9709
0.206724 0.103362 -0.972924
0.205841 0.10292 -0.973158
0.209285 0.104643 -0.972239
0.239085 0.13662 -0.961339
0.206724 0.103362 -0.972924
0.236234 0.101243 -0.966407
0.207368 0.0691227 -0.975818
0.210214 0.105107 -0.971989
0.217543 0.108772 -0.969971
0.29103 0.0727576 -0.953943
0.24603 0.0702942 -0.96671
0.289645 0.0724112 -0.954391
0.362 0.0724 -0.929362
0.333476 0.111159 -0.936182
0.328115 0.0364573 -0.943934
0.291876 0 -0.956456
0.290477 0 -0.956882
0.216605 0.0361009 -0.975592
0.216753 0 -0.976226
0.208451 0 -0.978033
0.212926 0.0354876 -0.976424
0.176639 0 -0.984276
0.209364 0.034894 -0.977215
0.171596 0.0343193 -0.984569
0.206476 0.0688254 -0.976028
0.201616 0.100808 -0.974263
0.202503 0.101252 -0.974033
0.202503 0.101252 -0.974033
0.201616 0.100808 -0.974263
0.168025 0.100815 -0.980614
0.206476 0.0688254 -0.976028
0.205535 0.0685118 -0.976249
0.209497 0 -0.977809
0.173602 0.0347203 -0.984204
0.170769 0.0341538 -0.984719
0.201616 0.100808 -0.974263
0.166578 0.133263 -0.976981
0.16573 0.16573 -0.972146
0.163218 0.130574 -0.977911
0.192801 0.160667 -0.967995
0.191937 0.159947 -0.968286
0.129947 0.129947 -0.982969
0.0319233 0.09577 -0.994891
0.0333517 0.100055 -0.994423
-0.0331586 0.0994758 -0.994487
-0.033806 0.101418 -0.994269
-0.0964909 0.128655 -0.986984
-0.0651958 0.130392 -0.989317
-0.0676107 0.101416 -0.992544
-0.102457 0.102457 -0.989447
-0.0351364 0.0351364 -0.998765
-0.0685081 0.0685081 -0.995296
-0.0332502 0.0665005 -0.997232
0 0 0
-0.033705 0.101115 -0.994304
-0.0327165 0.0654331 -0.99732
-0.0326163 0.0652327 -0.997337
0 0 0
0 0 0
0.0341893 0.0341893 -0.99883
0.0336289 0.0336289 -0.998868
0.067381 0.067381 -0.995449
0.100714 0.0671424 -0.992647
0.0658551 0.13171 -0.989098
0.0340303 0.102091 -0.994193
0.034565 0.0691299 -0.997009
0.0668893 0.0668893 -0.995516
0.100714 0.0671424 -0.992647
0.0669541 0.100431 -0.992689
0.0670024 0.0335012 -0.99719
0.139071 0.0347677 -0.989672
0.103944 0 -0.994583
0.103881 0.0346269 -0.993987
0.139071 0.0347677 -0.989672
0.136512 0.068256 -0.988284
0.103881 0.0346269 -0.993987
0.103881 0.0346269 -0.993987
0.103881 0.0346269 -0.993987
0.103881 0.0346269 -0.993987
0.103881 0.0346269 -0.993987
0.103881 0.0346269 -0.993987
0.103881 0.0346269 -0.993987
0.139071 0.0347677 -0.989672
0.139071 0.0347677 -0.989672
0.103881 0.0346269 -0.993987
0.103881 0.0346269 -0.993987
0.101986 0.0679906 -0.99246
0.103692 0.0691283 -0.992204
0.0658213 0.0658213 -0.995658
0.0980797 0.0980797 -0.990334
0.0636183 0.127237 -0.98983
0.162828 0.130262 -0.978018
0.195324 0.097662 -0.975864
0.235905 0.0674014 -0.969436
0.309669 0.0688154 -0.948351
0.339796 0.135919 -0.930626
0.348197 0.0696394 -0.934831
0.34892 0.034892 -0.936503
0.312468 0.0347187 -0.949294
0.312468 0.0347187 -0.949294
0.271856 0.101946 -0.956923
0.266412 0.133206 -0.95461
0.29622 0.09874 -0.950002
0.297551 0.0991838 -0.94954
0.302342 0.134374 -0.94368
0.266436 0.0666091 -0.961548
0.270787 0.0676969 -0.960256
0.266436 0.0666091 -0.961548
0.235199 0.1008 -0.966706
0.269909 0.134954 -0.953382
0.302334 0.100778 -0.94786
0.268773 0.10079 -0.957916
0.308662 0.102887 -0.945591
0.239782 0.0685091 -0.968407
0.270787 0.0676969 -0.960256
0.271919 0.0679797 -0.959916
0.270787 0.0676969 -0.960256
0.267998 0.0334998 -0.962837
0.234085 0.0668813 -0.969913
0.266713 0.100017 -0.958572
0.271075 0.101653 -0.957175
0.278131 0.0347664 -0.959914
0.284223 0 -0.958758
0.326626 0 -0.945154
0.289241 0 -0.957256
0.326385 0.036265 -0.944541
0.333476 0.0370529 -0.94203
0.339652 0.0377391 -0.939794
0.333476 0.0370529 -0.94203
0.364179 0 -0.931329
0.314294 0 -0.949326
0.30491 0 -0.952381
0.314081 0.0348979 -0.948755
0.347653 0.0347653 -0.936979
0.278636 0.0696591 -0.957867
0.273119 0.10242 -0.956512
0.305892 0.067976 -0.949636
0.301149 0.100383 -0.948279
0.268529 0.0671322 -0.96093
0.266713 0.100017 -0.958572
0.229693 0.09844 -0.968272
0.271075 0.101653 -0.957175
0.304923 0.101641 -0.946938
0.305892 0.067976 -0.949636
0.299726 0.0666058 -0.951697
0.237215 0.101664 -0.966123
0.233142 0.0666119 -0.970159
0.200651 0.0668837 -0.977377
0.234973 0.0671351 -0.969681
0.201413 0.0671376 -0.977203
0.243819 0.0696626 -0.967316
0.274038 0.102764 -0.956213
0.239747 0.068499 -0.968416
0.207368 0.0691227 -0.975818
0.202503 0.101252 -0.974033
0.196128 0.130752 -0.971822
0.195373 0.130249 -0.972042
0.158939 0.158939 -0.974411
0.188569 0.157141 -0.969406
0.187517 0.187517 -0.964196
0.188569 0.157141 -0.969406
0.223315 0.159511 -0.961606
0.199746 0.166455 -0.965606
0.209638 0.174698 -0.962046
0.201995 0.168329 -0.964813
0.205244 0.171036 -0.96365
0.20716 0.20716 -0.956122
0.17354 0.208248 -0.962557
0.215488 0.143658 -0.965882
0.174355 0.209226 -0.962198
0.137772 0.2411 -0.960671
0.134484 0.201726 -0.970165
0.13599 0.203985 -0.969483
0.133862 0.200793 -0.970445
0.133862 0.200793 -0.970445
0.164256 0.229959 -0.959239
0.171071 0.171071 -0.970293
0.17354 0.208248 -0.962557
0.171902 0.171902 -0.97
0.17354 0.208248 -0.962557
0.175569 0.175569 -0.968685
0.17354 0.208248 -0.962557
0.212637 0.212637 -0.953714
0.208184 0.208184 -0.955677
0.17354 0.208248 -0.962557
0.13599 0.203985 -0.969483
0.132388 0.198583 -0.971102
0.134484 0.201726 -0.970165
0.130859 0.229004 -0.96459
0.130251 0.22794 -0.964924
0.0973536 0.194707 -0.976018
0.0642029 0.192609 -0.979173
0.131684 0.164605 -0.97753
0.0992633 0.132351 -0.98622
0.0996595 0.132879 -0.986109
0.0996496 0.0996496 -0.99002
0.0996496 0.0996496 -0.99002
0.134474 0.134474 -0.98175
0.133899 0.100424 -0.985894
0.0975855 0.0975855 -0.990431
0.0972228 0.12963 -0.986785
0.0991635 0.165272 -0.98125
0.0936521 0.124869 -0.987743
0.0675577 0.202673 -0.976913
0.0332355 0.232649 -0.971993
0.0323753 0.226627 -0.973443
0.0632928 0.253171 -0.965349
0.0635398 0.254159 -0.965073
0.0654629 0.196389 -0.978338
0 0 0
0 0 0
0 0 0
0 0 0
0 0 0
0.0310486 0.279437 -0.959662
0.0312602 0.281342 -0.959098
0.0312602 0.281342 -0.959098
0.0324902 0.259921 -0.965083
0.0659818 0.263927 -0.962283
0.0339216 0.237451 -0.970807
0.0347462 0.208477 -0.97741
0.0344764 0.241335 -0.969829
0.0346159 0.207695 -0.977581
0.0338003 0.236602 -0.971019
0.0331075 0.26486 -0.963718
0.0669754 0.234414 -0.969827
0.0682697 0.238944 -0.96863
0.0680619 0.238217 -0.968824
0.0666099 0.26644 -0.961547
0.0337422 0.269937 -0.962287
0.0664168 0.265667 -0.961774
0.0650787 0.227775 -0.971537
0.0674712 0.202414 -0.976973
0.138468 0.173085 -0.975125
0.103539 0.172566 -0.979541
0.104737 0.13965 -0.984646
0.139235 0.139235 -0.980422
0.139235 0.139235 -0.980422
0.136494 0.136494 -0.981193
0.139235 0.139235 -0.980422
0.136913 0.136913 -0.981076
0.171123 0.136899 -0.975692
0.139235 0.139235 -0.980422
0.104435 0.139247 -0.984735
0.102803 0.102803 -0.989375
0.139235 0.139235 -0.980422
0.138795 0.138795 -0.980547
0.104551 0.104551 -0.989009
0.139395 0.104546 -0.984703
0.173475 0.13878 -0.975011
0.169421 0.135537 -0.976179
0.176607 0.105964 -0.978561
0.249316 0.142466 -0.957886
0.206724 0.103362 -0.972924
0.236234 0.101243 -0.966407
0.201616 0.100808 -0.974263
0.265645 0.099617 -0.95891
0.194412 0.16201 -0.967449
0.192365 0.128243 -0.972908
0.162656 0.162656 -0.973183
0.16032 0.128256 -0.978697
0.165412 0.13233 -0.977306
0.163452 0.0980713 -0.981665
0.166068 0.0996405 -0.981067
0.167214 0.0668857 -0.983649
0.201413 0.0671376 -0.977203
0.168142 0.0336283 -0.985189
0.204756 0.068252 -0.976431
0.170636 0.0682542 -0.982967
0.172813 0.069125 -0.982526
0.174968 0.0699871 -0.982084
0.205841 0.10292 -0.973158
0.170824 0.136659 -0.975778
0.201667 0.134445 -0.970183
0.170824 0.136659 -0.975778
0.168769 0.135015 -0.976365
0.202498 0.134999 -0.969933
0.195373 0.130249 -0.972042
0.159564 0.159564 -0.974207
0.127166 0.158958 -0.979061
0.159564 0.159564 -0.974207
0.161084 0.193301 -0.967826
0.199264 0.132843 -0.9709
0.200069 0.100035 -0.974662
0.202195 0.168496 -0.964742
0.200139 0.200139 -0.959108
0.203354 0.203354 -0.957755
0.170623 0.170623 -0.970451
0.230327 0.164519 -0.959105
0.204962 0.136641 -0.969185
0.173602 0.104161 -0.979292
0.172852 0.138281 -0.975193
0.169251 0.135401 -0.976228
0.172852 0.138281 -0.975193
0.132388 0.198583 -0.971102
0.132388 0.198583 -0.971102
0.131134 0.163918 -0.977719
0.166485 0.166485 -0.971888
0.134741 0.134741 -0.981677
0.13762 0.13762 -0.980878
0.17766 0.17766 -0.967922
0.172745 0.103647 -0.979498
0.198492 0.198492 -0.959793
0.202944 0.16912 -0.964475
0.204042 0.136028 -0.969465
0.239085 0.13662 -0.961339
0.211812 0.105906 -0.971555
0.208306 0.104153 -0.972502
0.170057 0.136045 -0.975998
0.167346 0.133877 -0.976766
0.200791 0.133861 -0.970445
0.168361 0.168361 -0.971241
0.166485 0.166485 -0.971888
0.16573 0.16573 -0.972146
0.202944 0.16912 -0.964475
0.231503 0.198431 -0.952382
0.203076 0.135384 -0.969758
0.202944 0.16912 -0.964475
0.202944 0.16912 -0.964475
0.20638 0.137587 -0.96875
0.172006 0.137605 -0.975438
0.210732 0.105366 -0.971849
0.172745 0.103647 -0.979498
0.172745 0.103647 -0.979498
0.207278 0.103639 -0.972777
0.208306 0.104153 -0.972502
0.240126 0.102911 -0.965271
0.232461 0.0996263 -0.96749
0.203931 0.101965 -0.973661
0.204909 0.102454 -0.973404
0.204909 0.102454 -0.973404
0.197637 0.131758 -0.97138
0.197637 0.131758 -0.97138
0.200791 0.133861 -0.970445
0.200791 0.133861 -0.970445
0.167346 0.133877 -0.976766
0.169954 0.101973 -0.980162
0.204042 0.136028 -0.969465
0.204042 0.136028 -0.969465
0.167346 0.133877 -0.976766
0.199268 0.0996341 -0.974867
0.200069 0.100035 -0.974662
0.196895 0.0984473 -0.975469
0.198989 0.0663298 -0.977754
0.199268 0.0996341 -0.974867
0.165362 0.0992174 -0.981229
0.138627 0.0693134 -0.987916
0.103658 0.103658 -0.989197
0.105927 0.105927 -0.988716
0.102472 0.102472 -0.989444
0.133889 0.133889 -0.98191
0.167346 0.133877 -0.976766
0.136616 0.034154 -0.990035
0.171701 0 -0.985149
0.170769 0.0341538 -0.984719
0.136616 0.034154 -0.990035
0.134188 0.0670939 -0.988682
0.130012 0.0650061 -0.989379
0.132069 0.0660343 -0.989039
0.133532 0.0667661 -0.988793
0.133155 0.0998662 -0.986051
0.133532 0.0667661 -0.988793
0.135924 0.033981 -0.990136
0.100358 0.100358 -0.989877
0.134188 0.0670939 -0.988682
0.170462 0.0681848 -0.983002
0.206844 0.0689479 -0.975942
0.241766 0.034538 -0.96972
0.237899 0.101957 -0.965924
0.236706 0.101446 -0.966271
0.163984 0.131187 -0.977701
0.17077 0.102462 -0.979969
0.165829 0.0663317 -0.983921
0.164939 0.164939 -0.972415
0.135414 0.135414 -0.981492
0.135414 0.135414 -0.981492
0.165776 0.13262 -0.977205
0.166578 0.133263 -0.976981
0.196604 0.0983019 -0.975543
0.202908 0.101454 -0.973928
0.202908 0.101454 -0.973928
0.205088 0.102544 -0.973357
0.139756 0.104817 -0.984623
0.101766 0.0678437 -0.992492
0.0693159 0.0693159 -0.995184
0.0704789 0.0704789 -0.99502
0.101471 0.101471 -0.98965
0.0338591 0.135436 -0.990207
0 0 0
-0.0350444 0.105133 -0.99384
-0.0348894 0.104668 -0.993895
-0.0334774 0.13391 -0.990428
-0.0341739 0.136696 -0.990023
0 0 0
-0.0689228 0.103384 -0.992251
-0.0337578 0.101273 -0.994286
-0.033218 0.099654 -0.994468
-0.0337578 0.101273 -0.994286
-0.0336238 0.134495 -0.990344
0 0 0
-0.0348313 0.0696625 -0.996962
0 0 0
0 0 0
0 0 0
0.0344162 0.0688325 -0.997034
0.0360959 0.108288 -0.993464
0 0 0
0.036557 0.146228 -0.988575
0.0372027 0.148811 -0.988166
0.036557 0.146228 -0.988575
0.0363388 0.181694 -0.982683
0.0691579 0.138316 -0.987971
0.0714455 0.178614 -0.981322
0.0345802 0.138321 -0.989784
0.0351303 0.175652 -0.983825
0.0718615 0.143723 -0.987005
0.0357537 0.143015 -0.989075
0.0718615 0.143723 -0.987005
0.0718615 0.143723 -0.987005
0.0357537 0.143015 -0.989075
0.0694556 0.208367 -0.975581
0.0338443 0.169222 -0.984997
0.0709469 0.212841 -0.974508
0.0353047 0.211828 -0.976669
0.0355496 0.177748 -0.983434
0.0353047 0.211828 -0.976669
0 0 0
0.0706035 0.211811 -0.974757
0.0358968 0.215381 -0.97587
0.0360774 0.216465 -0.975624
0.0357075 0.214245 -0.976127
0.0708216 0.247875 -0.9662
0.0354149 0.247904 -0.968137
0.0351246 0.210748 -0.976909
0.0349366 0.209619 -0.977159
0.0351246 0.210748 -0.976909
0.0359609 0.179805 -0.983045
0.0357592 0.178796 -0.983236
0.0715047 0.143009 -0.987135
0.0714088 0.214226 -0.97417
0.0355667 0.142267 -0.989189
0.0355667 0.142267 -0.989189
0.0355496 0.177748 -0.983434
0.0723416 0.144683 -0.98683
0.0719173 0.179793 -0.981072
0.0695733 0.173933 -0.982297
0.0347885 0.173943 -0.984141
0.0351738 0.175869 -0.983785
0.06823 0.238805 -0.968668
0 0 0
0.03291 0.23037 -0.972546
0.032004 0.256032 -0.966138
0.032165 0.25732 -0.965791
0.0336614 0.201969 -0.978813
0.0691127 0.207338 -0.975825
0.0688194 0.137639 -0.988089
0.0695733 0.173933 -0.982297
0.0723416 0.144683 -0.98683
0.106577 0.106577 -0.988576
0.104929 0.139906 -0.984589
0.104929 0.139906 -0.984589
0.0702601 0.10539 -0.991946
0.10717 0.10717 -0.988448
0.0699571 0.139914 -0.987689
0.104929 0.139906 -0.984589
0.136839 0.171049 -0.975714
0.133101 0.199651 -0.970785
0.135154 0.20273 -0.969863
0.135154 0.20273 -0.969863
0.131103 0.196655 -0.971668
0.098888 0.197776 -0.975247
0.0967383 0.225723 -0.969377
0.0983421 0.196684 -0.975523
0.101043 0.168406 -0.980525
0.132639 0.165799 -0.977199
0.131311 0.164138 -0.977658
0.0984934 0.164156 -0.981505
0.13197 0.164962 -0.977431
0.164939 0.164939 -0.972415
0.13197 0.164962 -0.977431
0.0979092 0.195818 -0.97574
0.0974746 0.162458 -0.981889
0.0979092 0.195818 -0.97574
0.0643024 0.192907 -0.979108
0.126425 0.221244 -0.966989
0.125394 0.188091 -0.974114
0.141998 0.0354994 -0.98923
0.178188 0.071275 -0.981412
0.163175 0.163175 -0.97301
0.168361 0.168361 -0.971241
0.202944 0.16912 -0.964475
0.173864 0.173864 -0.9693
0.209638 0.174698 -0.962046
0.176743 0.176743 -0.968258
0.1808 0.14464 -0.972826
0.178595 0.107157 -0.97807
0.177777 0.142222 -0.973739
0.173864 0.173864 -0.9693
0.208592 0.173826 -0.962431
0.213142 0.177618 -0.960741
0.176743 0.176743 -0.968258
0.21927 0.182725 -0.958401
0.220486 0.183738 -0.957928
0.225109 0.225109 -0.947972
0.2585 0.184643 -0.948201
0.222547 0.222547 -0.949182
0.2585 0.184643 -0.948201
0.225559 0.187966 -0.955925
0.220998 0.220998 -0.949905
0.211795 0.247094 -0.945562
0.244552 0.279488 -0.928483
0.240028 0.240028 -0.940624
0.201493 0.268658 -0.941925
0.200037 0.266716 -0.942787
0.205507 0.239758 -0.948832
0.14044 0.210659 -0.967419
0.06858 0.24003 -0.96834
0.0676396 0.270559 -0.960324
0.0974984 0.292495 -0.951284
0.0983937 0.262383 -0.959934
0.129805 0.259609 -0.95695
0.1356 0.237299 -0.961926
0.172158 0.241022 -0.955128
0.138866 0.2083 -0.968157
0.210847 0.245988 -0.946062
0.202348 0.269798 -0.941416
0.206425 0.275233 -0.938955
0.203185 0.270913 -0.940915
0.205028 0.239199 -0.949077
0.206425 0.275233 -0.938955
0.237823 0.271798 -0.932505
0.240028 0.240028 -0.940624
0.205028 0.239199 -0.949077
0.17154 0.205848 -0.963432
0.134962 0.236184 -0.96229
0.102852 0.239989 -0.965312
0.138574 0.242505 -0.960202
0.139493 0.278986 -0.95011
0.167288 0.301118 -0.938799
0.131899 0.296772 -0.945795
0.131899 0.296772 -0.945795
0.129238 0.323094 -0.937501
0.13253 0.298192 -0.945261
0.258781 0.0431302 -0.964973
0.134554 0.302747 -0.943525
0.17332 0.277311 -0.945018
0.138716 0.277433 -0.950678
0.176963 0.28314 -0.942611
0.144687 0.253202 -0.956533
0.14251 0.28502 -0.947869
0.143913 0.251848 -0.957007
0.14024 0.28048 -0.94956
0.14024 0.28048 -0.94956
0.139307 0.243787 -0.959772
0.14142 0.176776 -0.974038
0.177777 0.142222 -0.973739
0.21442 0.142946 -0.966225
0.178711 0.142969 -0.973459
0.176358 0.176358 -0.968399
0.209285 0.104643 -0.972239
0.209285 0.104643 -0.972239
0.24603 0.0702942 -0.96671
0.211302 0.035217 -0.976786
0.24772 0 -0.968832
0.283108 0 -0.959088
0.250962 0 -0.967997
0.281919 0 -0.959438
0.241156 0.103353 -0.964967
0.237215 0.101664 -0.966123
0.27095 0.135475 -0.953012
0.232442 0.132824 -0.963498
0.237215 0.101664 -0.966123
0.236212 0.134978 -0.962281
0.235244 0.134425 -0.962595
0.200791 0.133861 -0.970445
0.199871 0.133247 -0.97072
0.201995 0.168329 -0.964813
0.164711 0.197653 -0.966335
0.201002 0.167501 -0.965164
0.205321 0.136881 -0.969075
0.234449 0.167464 -0.957596
0.266495 0.166559 -0.949336
0.339095 0.203457 -0.918488
0.303579 0.202386 -0.931064
0.298341 0.232043 -0.925823
0.340803 0.204482 -0.917628
0.271637 0.203727 -0.94059
0.316174 0.140522 -0.938237
0.302742 0.16819 -0.938115
0.26919 0.168244 -0.948278
0.306039 0.170021 -0.936714
0.26787 0.167419 -0.948797
0.202067 0.134711 -0.970063
0.235606 0.16829 -0.957167
0.197603 0.197603 -0.960159
0.270454 0.169033 -0.947778
0.273511 0.170944 -0.946557
0.236916 0.169226 -0.956678
0.27599 0.206993 -0.938607
0.243293 0.173781 -0.954258
0.241598 0.207084 -0.948023
0.274836 0.171772 -0.946023
0.27735 0.208013 -0.937981
0.239392 0.170994 -0.955747
0.240352 0.206016 -0.948572
0.204202 0.170169 -0.964025
0.171071 0.171071 -0.970293
0.205244 0.171036 -0.96365
0.204042 0.136028 -0.969465
0.202944 0.16912 -0.964475
0.164711 0.197653 -0.966335
0.233991 0.167136 -0.957765
0.239085 0.13662 -0.961339
0.243001 0.104143 -0.964419
0.278988 0.10462 -0.954579
0.247134 0.141219 -0.958635
0.244936 0.0699816 -0.96701
0.247134 0.141219 -0.958635
0.243046 0.138883 -0.960021
0.239085 0.13662 -0.961339
0.277711 0.138856 -0.950576
0.250109 0.142919 -0.957611
0.255135 0.218688 -0.94185
0.212042 0.176702 -0.961153
0.24958 0.213926 -0.944429
0.247419 0.247419 -0.936786
0.217601 0.217601 -0.951472
0.297986 0.223489 -0.928039
0.255135 0.218688 -0.94185
0.284035 0.24853 -0.926044
0.246781 0.211527 -0.945704
0.242355 0.276977 -0.929811
0.229789 0.229789 -0.945724
0.238916 0.204785 -0.949201
0.233356 0.233356 -0.943975
0.191675 0.191675 -0.96256
0.172469 0.27595 -0.945572
0.17316 0.242424 -0.954592
0.17316 0.242424 -0.954592
0.138716 0.277433 -0.950678
0.134478 0.302576 -0.943591
0.180368 0.216441 -0.95949
0.165541 0.297974 -0.940111
0.133768 0.267535 -0.954218
0.0675432 0.270173 -0.96044
0.102179 0.238419 -0.965772
0.069621 0.243673 -0.967355
0.0729595 0.218879 -0.973021
0.0711681 0.249088 -0.965862
0.108276 0.216552 -0.970248
0.036575 0.182875 -0.982456
0.0353047 0.211828 -0.976669
0.0353657 0.176829 -0.983606
0.03551 0.21306 -0.976394
0.0710139 0.213042 -0.974459
0.0349366 0.209619 -0.977159
0.034741 0.208446 -0.977417
0.0344713 0.241299 -0.969838
0 0 0
0 0 0
0.0334624 0.267699 -0.962921
0.0334624 0.267699 -0.962921
0.0334624 0.267699 -0.962921
0.0664651 0.232628 -0.970292
0.0332355 0.232649 -0.971993
0.0678658 0.23753 -0.969007
0.0710139 0.213042 -0.974459
0.139689 0.209533 -0.967772
0.10726 0.178766 -0.978028
0.109069 0.181782 -0.977271
0.071514 0.178785 -0.981286
0.0727209 0.181802 -0.980642
0.0727209 0.181802 -0.980642
0.071514 0.178785 -0.981286
0.071514 0.178785 -0.981286
0.104907 0.174845 -0.978991
0.104787 0.209574 -0.972162
0.104787 0.209574 -0.972162
0.034741 0.208446 -0.977417
0.0349742 0.174871 -0.98397
0.0353047 0.211828 -0.976669
0.0690714 0.207214 -0.975854
0.0690714 0.207214 -0.975854
0.0337473 0.236231 -0.971111
0.0691927 0.242175 -0.967762
0.0701785 0.210536 -0.975064
0.0701785 0.210536 -0.975064
0.0350922 0.210553 -0.976952
0.0358853 0.215312 -0.975886
0.0354319 0.212592 -0.976499
0.0356794 0.178397 -0.983311
0.0348728 0.209237 -0.977243
0.0343795 0.240657 -0.970001
0.0686531 0.205959 -0.976149
0.0666956 0.233435 -0.970082
0.0346 0.2422 -0.969609
0.0691927 0.242175 -0.967762
0.0679955 0.203986 -0.97661
0.0645951 0.193785 -0.978915
0.0674881 0.236208 -0.969356
0.0691993 0.138399 -0.987956
0.103193 0.13759 -0.985099
0.0680976 0.136195 -0.988339
0.0679906 0.101986 -0.99246
0.0662877 0.132575 -0.988954
0.0979193 0.130559 -0.986593
0.134579 0.100934 -0.985749
0.0978317 0.0978317 -0.990383
0.0659894 0.131979 -0.989054
0.0984934 0.164156 -0.981505
0.09798 0.1633 -0.981699
0.0646726 0.161682 -0.984722
0.0965117 0.160853 -0.982248
0.0984583 0.131278 -0.986444
0.067028 0.134056 -0.988704
0.066664 0.133328 -0.988827
0.0653247 0.163312 -0.984409
0.0329956 0.131982 -0.990703
0.0643455 0.160864 -0.984877
0.0665684 0.199705 -0.977592
0.0983421 0.196684 -0.975523
0.0991235 0.231288 -0.967822
0.103594 0.207187 -0.972801
0.0683856 0.136771 -0.988239
0.10531 0.175516 -0.978828
0.0697399 0.20922 -0.975379
0.105981 0.176635 -0.978554
0.104596 0.209192 -0.972265
0.107725 0.179542 -0.977834
0.105981 0.176635 -0.978554
0.0722803 0.180701 -0.980879
0.143612 0.179515 -0.973216
0.0722803 0.180701 -0.980879
0.108409 0.180681 -0.977549
0.110925 0.1479 -0.982762
0.108409 0.180681 -0.977549
0.109069 0.181782 -0.977271
0.108409 0.180681 -0.977549
0.10763 0.21526 -0.970608
0.10763 0.21526 -0.970608
0.10589 0.21178 -0.971564
0.110241 0.183734 -0.976775
0.109522 0.182537 -0.97708
0.109422 0.218843 -0.969605
0.110241 0.183734 -0.976775
0.146006 0.182508 -0.972303
0.109422 0.218843 -0.969605
0.146006 0.182508 -0.972303
0.148473 0.185591 -0.971345
0.148473 0.185591 -0.971345
0.104596 0.209192 -0.972265
0.0698222 0.244378 -0.967163
0.106271 0.212543 -0.971356
0.104215 0.138953 -0.9848
0.108665 0.144887 -0.983463
0.103545 0.138061 -0.984996
0.0351686 0.140674 -0.989431
-0.0347885 0.173943 -0.984141
-0.0343954 0.171977 -0.9845
0.0328744 0.230121 -0.972607
0 0 0
0 0 0
-0.0331081 0.198648 -0.979511
0.0327335 0.196401 -0.979977
0 0 0
0.0323079 0.193847 -0.9805
0.0328038 0.196823 -0.97989
0 0 0
0 0 0
0.0342287 0.171144 -0.984651
0.0695856 0.139171 -0.98782
0.0349798 0.139919 -0.989545
0.0707403 0.141481 -0.98741
0.0694765 0.20843 -0.975567
0.0685772 0.274309 -0.959193
0.067133 0.268532 -0.960929
0.100556 0.301668 -0.948096
0.101355 0.304066 -0.947244
0.137382 0.274765 -0.951646
0.104714 0.244332 -0.964021
0.070284 0.245994 -0.96672
0.0713179 0.213954 -0.974237
0.0353047 0.211828 -0.976669
0.069621 0.243673 -0.967355
0.0691927 0.242175 -0.967762
0.106271 0.212543 -0.971356
0.0691927 0.242175 -0.967762
0.0356621 0.213973 -0.976188
0.0352222 0.246555 -0.968488
0.0357986 0.25059 -0.967431
0.0715884 0.25056 -0.965451
0.100355 0.267612 -0.958286
0.100355 0.267612 -0.958286
0.0981905 0.229111 -0.968435
0.0338392 0.203035 -0.978587
0.0680151 0.204045 -0.976596
0.0680151 0.204045 -0.976596
0.0996825 0.232593 -0.967452
0.0649477 0.259791 -0.963478
0.032004 0.256032 -0.966138
0.03291 0.23037 -0.972546
0.0338392 0.203035 -0.978587
0.0342287 0.171144 -0.984651
0.034559 0.207354 -0.977655
0.0340546 0.170273 -0.984808
0.0340546 0.170273 -0.984808
0.0338734 0.169367 -0.984971
0.0346058 0.173029 -0.984309
0.0692079 0.17302 -0.982484
0 0 0
0.101438 0.270501 -0.957361
0.102437 0.273167 -0.956497
0.105034 0.24508 -0.963797
0.0742679 0.222804 -0.97203
0.036001 0.252007 -0.967056
0.0352222 0.246555 -0.968488
0.0331393 0.265114 -0.963647
0.0325113 0.292602 -0.955681
0.0650138 0.292562 -0.954034
0.0320363 0.320363 -0.946753
0.0323536 0.291182 -0.95612
0.0662863 0.298289 -0.952171
0.0348986 0.279189 -0.959602
0.0358853 0.215312 -0.975886
0.0741912 0.222574 -0.972089
0.0373379 0.224027 -0.973867
0.0752501 0.188125 -0.979258
0.0752501 0.188125 -0.979258
0.0373839 0.186919 -0.981664
0 0 0
0 0 0
0 0 0
0.0359145 0.179573 -0.983089
0.0353326 0.176663 -0.983637
0.0690714 0.207214 -0.975854
0.101981 0.203962 -0.973653
0.100413 0.200825 -0.974467
0.104865 0.13982 -0.984608
0.0702133 0.175533 -0.981966
0.0690342 0.138068 -0.988014
0.136839 0.171049 -0.975714
0.135414 0.135414 -0.981492
0.205184 0.170987 -0.963672
0.196568 0.196568 -0.960584
0.164755 0.197706 -0.966317
0.128279 0.224488 -0.965997
0.159888 0.255821 -0.95341
0.163575 0.229004 -0.959583
0.201995 0.168329 -0.964813
0.201995 0.168329 -0.964813
0.172955 0.138364 -0.975162
0.17479 0.17479 -0.968967
0.239055 0.204904 -0.94914
0.208246 0.208246 -0.95565
0.204977 0.204977 -0.957063
0.240352 0.206016 -0.948572
0.238179 0.170128 -0.956205
0.24202 0.172871 -0.954747
0.209638 0.174698 -0.962046
0.172006 0.137605 -0.975438
0.207394 0.138263 -0.968437
0.236713 0.169081 -0.956754
0.236713 0.169081 -0.956754
0.244512 0.174651 -0.953788
0.210852 0.140568 -0.967358
0.210852 0.140568 -0.967358
0.207394 0.138263 -0.968437
0.245674 0.175481 -0.953337
0.21442 0.142946 -0.966225
0.280678 0.175424 -0.943635
0.245674 0.175481 -0.953337
0.247134 0.141219 -0.958635
0.245674 0.175481 -0.953337
0.24192 0.13824 -0.960398
0.280678 0.175424 -0.943635
0.205507 0.239758 -0.948832
0.295732 0.147866 -0.943757
0.135678 0.237436 -0.961881
0.172316 0.275705 -0.945671
0.100223 0.233854 -0.967092
0.0686984 0.274793 -0.959046
0.0352222 0.246555 -0.968488
0.0350218 0.245153 -0.968852
0.0353047 0.211828 -0.976669
0.0345326 0.27626 -0.960462
0.035086 0.280688 -0.959158
0.0715884 0.25056 -0.965451
0.0698675 0.209602 -0.975287
0 0 0
0 0 0
0 0 0
0.0338392 0.203035 -0.978587
0.0333141 0.199885 -0.979253
0.0681058 0.170264 -0.983042
0.0333467 0.166734 -0.985438
0.0331444 0.198866 -0.979466
0.0635578 0.222452 -0.97287
0.093259 0.248691 -0.964083
0.0627609 0.251044 -0.965939
0.0315663 0.284097 -0.958276
0.0645996 0.258398 -0.963876
0.0996825 0.232593 -0.967452
0.101981 0.203962 -0.973653
0.101981 0.203962 -0.973653
0.101216 0.23617 -0.966426
0.130894 0.229065 -0.96457
0.129839 0.259678 -0.956927
0.130894 0.229065 -0.96457
0.0983421 0.196684 -0.975523
0.133862 0.200793 -0.970445
0.0991235 0.231288 -0.967822
0.0982793 0.294838 -0.95048
0.098888 0.197776 -0.975247
0.138099 0.207149 -0.968513
0.141288 0.17661 -0.974088
0.137626 0.172032 -0.97543
0.136183 0.170229 -0.975949
0.136913 0.136913 -0.981076
0.139151 0.139151 -0.980446
0.138385 0.172982 -0.975155
0.136913 0.136913 -0.981076
0.138385 0.172982 -0.975155
0.136913 0.136913 -0.981076
0.136183 0.170229 -0.975949
0.172952 0.172952 -0.969626
0.136177 0.136177 -0.981281
0.138385 0.172982 -0.975155
0.144336 0.216504 -0.965553
0.143476 0.215213 -0.96597
0.17495 0.244929 -0.953626
0.175947 0.246325 -0.953083
0.139689 0.209533 -0.967772
0.139857 0.174821 -0.974617
0.175786 0.175786 -0.968607
0.138908 0.208362 -0.968137
0.175786 0.175786 -0.968607
0.135678 0.237436 -0.961881
0.136722 0.205083 -0.969148
0.133602 0.233803 -0.963061
0.165261 0.231365 -0.958728
0.134598 0.201897 -0.970114
0.172583 0.207099 -0.962977
0.173917 0.243483 -0.954185
0.206567 0.240995 -0.948289
0.201311 0.234862 -0.950954
0.227718 0.227718 -0.946725
0.193232 0.225437 -0.954903
0.22632 0.22632 -0.947396
0.256402 0.256402 -0.931942
0.194062 0.226406 -0.954505
0.258534 0.226218 -0.939141
0.224479 0.256548 -0.940102
0.197041 0.229882 -0.953063
0.201628 0.201628 -0.958484
0.20624 0.171867 -0.96329
0.173864 0.173864 -0.9693
0.208592 0.173826 -0.962431
0.209638 0.174698 -0.962046
0.176743 0.176743 -0.968258
0.213142 0.177618 -0.960741
0.176743 0.176743 -0.968258
0.17766 0.17766 -0.967922
0.249815 0.178439 -0.95171
0.176743 0.176743 -0.968258
0.178408 0.21409 -0.960383
0.178408 0.21409 -0.960383
0.207394 0.138263 -0.968437
0.169251 0.135401 -0.976228
0.173864 0.173864 -0.9693
0.211042 0.246216 -0.945959
0.176906 0.247668 -0.952557
0.176906 0.247668 -0.952557
0.21329 0.248839 -0.944768
0.175504 0.210605 -0.961688
0.175504 0.210605 -0.961688
0.209848 0.244823 -0.946586
0.177424 0.212909 -0.960828
0.174074 0.243704 -0.9541
0.14044 0.210659 -0.967419
0.142766 0.214149 -0.966311
0.175504 0.210605 -0.961688
0.143913 0.251848 -0.957007
0.202636 0.270181 -0.941244
0.104507 0.24385 -0.964166
0.103957 0.242567 -0.964549
0.0339947 0.271957 -0.961709
0 0 0
0 0 0
-0.0352222 0.246555 -0.968488
-0.0352222 0.246555 -0.968488
0 0 0
0 0 0
0.0335899 0.235129 -0.971384
0 0 0
0.0317287 0.285559 -0.957836
0.0309852 0.278867 -0.95983
0 0 0
0.0316971 0.253577 -0.966796
0.0324688 0.25975 -0.96513
0.0341184 0.238829 -0.970462
0.0348986 0.279189 -0.959602
0.0347242 0.312517 -0.949277
0.0686984 0.274793 -0.959046
0.0705205 0.282082 -0.956795
0.0696843 0.243895 -0.967295
0.0696843 0.243895 -0.967295
0.0701618 0.280647 -0.957243
0.0701618 0.280647 -0.957243
0.105217 0.280578 -0.954047
0.104507 0.24385 -0.964166
0.104507 0.24385 -0.964166
0.10589 0.21178 -0.971564
0.0700358 0.245125 -0.966958
0.06858 0.24003 -0.96834
0.0696843 0.243895 -0.967295
0.103354 0.24116 -0.964966
0.102328 0.238765 -0.965671
0.0696843 0.243895 -0.967295
0.101438 0.270501 -0.957361
0.0690556 0.276223 -0.95861
0.0690556 0.276223 -0.95861
0.0690556 0.276223 -0.95861
0.10356 0.276159 -0.955516
0.0701618 0.280647 -0.957243
0.0701618 0.280647 -0.957243
0.0697872 0.279149 -0.957709
0.0701618 0.280647 -0.957243
0.0697872 0.279149 -0.957709
0.0704363 0.246527 -0.966573
0.0669888 0.30145 -0.951126
0.0669888 0.30145 -0.951126
0 0 0
0.0339947 0.271957 -0.961709
0.0345326 0.27626 -0.960462
0 0 0
0 0 0
0 0 0
0 0 0
0 0 0
0 0 0
-0.0355496 0.177748 -0.983434
-0.0353657 0.176829 -0.983606
-0.0353047 0.211828 -0.976669
-0.0342287 0.171144 -0.984651
-0.0683419 0.205026 -0.976368
-0.0664947 0.199484 -0.977642
-0.0985673 0.197135 -0.975409
-0.0965659 0.128755 -0.986964
-0.0647049 0.194115 -0.978843
-0.0991635 0.165272 -0.98125
-0.103361 0.137815 -0.98505
-0.103798 0.103798 -0.989167
-0.102037 0.13605 -0.985433
-0.0692007 0.103801 -0.992188
-0.0672455 0.134491 -0.98863
-0.0996595 0.132879 -0.986109
-0.0667022 0.100053 -0.992744
-0.0980892 0.130786 -0.986546
-0.0667022 0.100053 -0.992744
-0.0661787 0.132357 -0.98899
-0.0338931 0.135572 -0.990188
-0.0689228 0.103384 -0.992251
-0.0336238 0.134495 -0.990344
-0.0675228 0.135046 -0.988536
-0.0675228 0.135046 -0.988536
-0.0664429 0.132886 -0.988902
-0.0643801 0.12876 -0.989584
-0.0650822 0.162705 -0.984526
-0.0324183 0.162091 -0.986243
-0.0324183 0.162091 -0.986243
-0.0664429 0.132886 -0.988902
-0.0335904 0.167952 -0.985223
-0.0337624 0.13505 -0.990263
0 0 0
0 0 0
0.033719 0.168595 -0.985108
0 0 0
-0.0343195 0.137278 -0.989938
0 0 0
-0.0343195 0.137278 -0.989938
-0.0348945 0.139578 -0.989596
-0.0715619 0.143124 -0.987114
-0.034601 0.103803 -0.993996
-0.0675228 0.135046 -0.988536
0 0 0
0 0 0
-0.0340154 0.136062 -0.990116
0.0337578 0.101273 -0.994286
0.0344621 0.103386 -0.994044
0.0338931 0.135572 -0.990188
0 0 0
0.0333469 0.133388 -0.990503
-0.0332225 0.13289 -0.990574
-0.0671775 0.167944 -0.983505
-0.0666163 0.166541 -0.983782
-0.0666163 0.166541 -0.983782
-0.0658997 0.131799 -0.989083
-0.0675144 0.101272 -0.992565
-0.067784 0.135568 -0.988447
-0.100428 0.100428 -0.989863
-0.102457 0.102457 -0.989447
-0.0703796 0.105569 -0.991918
-0.0675228 0.135046 -0.988536
-0.067795 0.101692 -0.992503
-0.0667022 0.100053 -0.992744
-0.102037 0.13605 -0.985433
-0.103746 0.138328 -0.984938
-0.103746 0.138328 -0.984938
-0.103746 0.138328 -0.984938
-0.0696725 0.0696725 -0.995134
-0.069461 0.104192 -0.992129
-0.0338931 0.135572 -0.990188
-0.069461 0.104192 -0.992129
-0.0338931 0.135572 -0.990188
-0.0680286 0.136057 -0.988363
-0.0680286 0.136057 -0.988363
-0.0338931 0.135572 -0.990188
-0.0675228 0.135046 -0.988536
-0.0664429 0.132886 -0.988902
-0.0326988 0.130795 -0.99087
0 0 0
0 0 0
0 0 0
0 0 0
0 0 0
-0.0353273 0.141309 -0.989335
-0.0335719 0.0671438 -0.997178
-0.0350444 0.105133 -0.99384
0 0 0
0 0 0
0 0 0
0 0 0
-0.0355777 0.177888 -0.983407
0 0 0
0 0 0
0 0 0
0.0354765 0.212859 -0.976439
0 0 0
0.0344713 0.241299 -0.969838
0 0 0
0.0343798 0.206279 -0.977889
0 0 0
0.0676736 0.203021 -0.976833
0.0336614 0.201969 -0.978813
0.03291 0.23037 -0.972546
0.0333141 0.199885 -0.979253
0 0 0
0.0333141 0.199885 -0.979253
0 0 0
0 0 0
-0.033477 0.200862 -0.979047
-0.0338443 0.169222 -0.984997
-0.0351303 0.175652 -0.983825
-0.0351303 0.175652 -0.983825
-0.0341735 0.205041 -0.978157
-0.0652147 0.260859 -0.963172
-0.0966881 0.225606 -0.969409
-0.0985673 0.197135 -0.975409
-0.133489 0.200233 -0.970612
-0.102807 0.171346 -0.979832
-0.102403 0.170671 -0.979992
-0.0657185 0.197156 -0.978167
-0.0972439 0.162073 -0.981976
-0.0996595 0.132879 -0.986109
-0.0329283 0.164641 -0.985804
-0.0664947 0.199484 -0.977642
-0.0657185 0.197156 -0.978167
-0.0339955 0.169978 -0.984861
-0.0686368 0.137274 -0.988152
-0.0697865 0.139573 -0.98775
-0.0353273 0.141309 -0.989335
-0.0349635 0.174818 -0.98398
-0.035725 0.178625 -0.983268
-0.0338443 0.169222 -0.984997
-0.034894 0.209364 -0.977215
-0.0322323 0.193394 -0.980592
-0.0626424 0.156606 -0.985673
0 0 0
-0.0361543 0.180772 -0.98286
-0.0369728 0.184864 -0.982068
-0.036575 0.182875 -0.982456
0.0359609 0.179805 -0.983045
0 0 0
0.0344157 0.172079 -0.984482
0.0344157 0.172079 -0.984482
0 0 0
0.0338734 0.169367 -0.984971
0.0649432 0.19483 -0.978685
0.0649432 0.19483 -0.978685
0.0645009 0.225753 -0.972047
0.0673678 0.168419 -0.983411
0.0333467 0.166734 -0.985438
0.0673678 0.168419 -0.983411
0.0677435 0.169359 -0.983223
0.0338734 0.169367 -0.984971
0.10215 0.17025 -0.980092
0.0692079 0.17302 -0.982484
0.0688278 0.172069 -0.982677
0.0681058 0.170264 -0.983042
0.0688278 0.172069 -0.982677
0.0692079 0.17302 -0.982484
0.0677435 0.169359 -0.983223
0.0691993 0.138399 -0.987956
0.0680976 0.136195 -0.988339
0.0680976 0.136195 -0.988339
0.0341934 0.205161 -0.978131
0.0347037 0.277629 -0.960061
0.0697872 0.279149 -0.957709
0.0697872 0.279149 -0.957709
0.034846 0.243922 -0.969169
0 0 0
0 0 0
0 0 0
0.0352655 0.282124 -0.958729
0 0 0
0 0 0
0 0 0
0.036195 0.253365 -0.966693
0 0 0
0.0365076 0.219046 -0.975031
0.0369283 0.22157 -0.974445
0.0369283 0.22157 -0.974445
0.0369283 0.22157 -0.974445
0.03671 0.22026 -0.97475
0.03671 0.22026 -0.97475
0.0697872 0.279149 -0.957709
0.0694765 0.20843 -0.975567
0.034741 0.208446 -0.977417
0.0337473 0.236231 -0.971111
0.0338392 0.203035 -0.978587
-0.03401 0.20406 -0.978367
-0.102672 0.17112 -0.979886
-0.103171 0.171952 -0.979688
-0.101519 0.169199 -0.980339
-0.101519 0.169199 -0.980339
-0.0691579 0.138316 -0.987971
-0.0688194 0.137639 -0.988089
-0.102672 0.17112 -0.979886
-0.1025 0.205 -0.97338
-0.102612 0.239427 -0.965477
-0.106013 0.247363 -0.963106
-0.0697824 0.209347 -0.975348
-0.103171 0.171952 -0.979688
-0.0990156 0.231036 -0.967894
-0.0679877 0.169969 -0.983101
-0.0694806 0.138961 -0.987857
-0.0697774 0.104666 -0.992057
-0.0683456 0.136691 -0.988253
-0.0680385 0.136077 -0.988359
-0.0663136 0.165784 -0.98393
-0.0633295 0.158324 -0.985354
-0.062058 0.186174 -0.980555
-0.0317977 0.158989 -0.986768
0 0 0
0 0 0
0.0336238 0.134495 -0.990344
0 0 0
0.0336238 0.134495 -0.990344
0 0 0
-0.0335483 0.0670965 -0.997182
0 0 0
0.0327735 0.0983205 -0.994615
0.0326509 0.130603 -0.990897
0.0330769 0.0992306 -0.994515
0.0330769 0.0992306 -0.994515
0 0 0
0.0334774 0.13391 -0.990428
0.0341591 0.102477 -0.994149
0.034726 0.104178 -0.993952
0 0 0
0.0353715 0.141486 -0.989308
0.0344108 0.137643 -0.989884
0.0694506 0.104176 -0.992131
0.0683456 0.136691 -0.988253
0.0697774 0.104666 -0.992057
0.0676853 0.169213 -0.983253
0.0659145 0.197744 -0.978035
0.067716 0.135432 -0.98847
0.0673678 0.168419 -0.983411
0.0999244 0.199849 -0.974718
0.10215 0.17025 -0.980092
0.0680976 0.136195 -0.988339
0.0338591 0.135436 -0.990207
0.0338734 0.169367 -0.984971
0.0673678 0.168419 -0.983411
0.0332864 0.199718 -0.979288
0.0654697 0.229144 -0.971188
0.032253 0.225771 -0.973646
0.0317813 0.222469 -0.974422
0.0324773 0.259819 -0.965111
0.0659191 0.263676 -0.962356
0.0338334 0.3045 -0.951911
0.0674881 0.236208 -0.969356
0.101216 0.23617 -0.966426
0.0673182 0.201955 -0.977079
0.0673182 0.201955 -0.977079
0.101782 0.237491 -0.966043
0.101782 0.237491 -0.966043
0.102328 0.238765 -0.965671
0.0674881 0.236208 -0.969356
0.0340002 0.204001 -0.97838
0 0 0
0.0335899 0.235129 -0.971384
-0.0339947 0.271957 -0.961709
-0.034846 0.243922 -0.969169
0 0 0
-0.0341678 0.273343 -0.96131
-0.0360356 0.288284 -0.956867
-0.0708216 0.247875 -0.9662
-0.107967 0.251923 -0.961706
-0.106212 0.247827 -0.962965
-0.103957 0.242567 -0.964549
-0.131777 0.263554 -0.955601
-0.13237 0.264741 -0.955191
-0.159807 0.255691 -0.953459
-0.13237 0.264741 -0.955191
-0.13349 0.233607 -0.963124
-0.1025 0.205 -0.97338
-0.103171 0.171952 -0.979688
-0.103171 0.171952 -0.979688
-0.101973 0.169955 -0.980162
-0.0679877 0.169969 -0.983101
-0.0675228 0.135046 -0.988536
-0.067795 0.101692 -0.992503
-0.0334776 0.100433 -0.99438
0 0 0
-0.0333517 0.100055 -0.994423
-0.0350388 0.140155 -0.989509
-0.0706535 0.10598 -0.991855
-0.0700873 0.105131 -0.991986
-0.105455 0.0703034 -0.991936
-0.0697774 0.104666 -0.992057
-0.034565 0.0691299 -0.997009
0 0 0
0 0 0
0 0 0
0.0701213 0.0350606 -0.996922
0.103432 0.0344774 -0.994039
0.103432 0.0344774 -0.994039
0.13565 0.0339126 -0.990176
0.135979 0.0679893 -0.988376
0.13565 0.0339126 -0.990176
0.135979 0.0679893 -0.988376
0.137909 0.0344772 -0.989845
0.172069 0.0688277 -0.982677
0.169562 0.0339123 -0.984936
0.169261 0.0677046 -0.983243
0.203107 0.0677025 -0.976813
0.209954 0.0699847 -0.975203
0.203107 0.0677025 -0.976813
0.203107 0.0677025 -0.976813
0.206476 0.0688254 -0.976028
0.172813 0.069125 -0.982526
0.209954 0.0699847 -0.975203
0.20686 0.0344767 -0.977763
0.169969 0.0679875 -0.983101
0.210359 0.0350598 -0.976995
0.206476 0.0688254 -0.976028
0.169261 0.0677046 -0.983243
0.172069 0.0688277 -0.982677
0.174144 0.0696574 -0.982253
0.143644 0.107733 -0.983748
0.109095 0.14546 -0.983331
0.0723416 0.144683 -0.98683
0.108505 0.144673 -0.983512
0.104929 0.139906 -0.984589
0.10717 0.10717 -0.988448
0.107738 0.107738 -0.988324
0.107738 0.107738 -0.988324
0.0711306 0.142261 -0.98727
0.10725 0.143 -0.983895
0.10961 0.10961 -0.987913
0.109095 0.14546 -0.983331
0.0711306 0.142261 -0.98727
0.105463 0.140617 -0.984431
0.139814 0.174768 -0.974632
0.0695733 0.173933 -0.982297
0.0695733 0.173933 -0.982297
0.0676853 0.169213 -0.983253
0 0 0
0.0345802 0.138321 -0.989784
0 0 0
0.0349635 0.174818 -0.98398
0.0353715 0.141486 -0.989308
0 0 0
0.034794 0.139176 -0.989656
0 0 0
0.0317813 0.222469 -0.974422
0.0317813 0.222469 -0.974422
0.0310938 0.248751 -0.968068
0.0306561 0.245249 -0.968975
0.031543 0.252344 -0.967123
0 0 0
0.032004 0.256032 -0.966138
0 0 0
0.03291 0.23037 -0.972546
0.033477 0.200862 -0.979047
0 0 0
0 0 0
0.0661463 0.231512 -0.970581
0.03291 0.23037 -0.972546
0.0664651 0.232628 -0.970292
0.0334624 0.267699 -0.962921
0 0 0
0.0324773 0.259819 -0.965111
0 0 0
-0.0346623 0.242636 -0.969498
-0.0354149 0.247904 -0.968137
-0.03551 0.21306 -0.976394
-0.107097 0.214195 -0.970902
-0.105124 0.210248 -0.97198
-0.0990156 0.231036 -0.967894
-0.129976 0.227458 -0.965075
-0.129976 0.227458 -0.965075
-0.126111 0.220694 -0.967156
-0.127495 0.254991 -0.958501
-0.15932 0.254912 -0.953749
-0.13301 0.232767 -0.963394
-0.104524 0.174207 -0.979146
-0.139347 0.174184 -0.974804
-0.139878 0.174848 -0.974609
-0.100511 0.201023 -0.974416
-0.101671 0.135561 -0.985539
-0.0666918 0.133384 -0.988818
-0.034601 0.103803 -0.993996
-0.0705996 0.0705996 -0.995003
-0.0689228 0.103384 -0.992251
-0.0340303 0.102091 -0.994193
-0.0980892 0.130786 -0.986546
-0.0970476 0.194095 -0.97617
-0.0656331 0.131266 -0.989172
-0.0656331 0.131266 -0.989172
-0.0664349 0.0996524 -0.992802
-0.0322706 0.0645412 -0.997393
-0.0325728 0.130291 -0.990941
-0.0337624 0.13505 -0.990263
-0.0341739 0.136696 -0.990023
0 0 0
-0.0337624 0.13505 -0.990263
-0.0333517 0.100055 -0.994423
-0.0337624 0.13505 -0.990263
-0.0337624 0.13505 -0.990263
-0.0337624 0.13505 -0.990263
-0.0343146 0.102944 -0.994095
-0.0336238 0.134495 -0.990344
-0.067784 0.135568 -0.988447
-0.0980892 0.130786 -0.986546
-0.0965659 0.128755 -0.986964
0 0 0
-0.033477 0.200862 -0.979047
-0.0329594 0.197756 -0.979697
-0.0338443 0.169222 -0.984997
0 0 0
0 0 0
0 0 0
0 0 0
0 0 0
0 0 0
0.0334538 0.167269 -0.985344
0.0335904 0.167952 -0.985223
0.0697774 0.104666 -0.992057
0.0706205 0.105931 -0.991863
0.035915 0.107745 -0.99353
0.0694506 0.104176 -0.992131
0.067716 0.135432 -0.98847
0.102672 0.17112 -0.979886
0.137467 0.2062 -0.968806
0.0695733 0.173933 -0.982297
0.0694556 0.208367 -0.975581
0.0684539 0.171135 -0.982867
0.0694556 0.208367 -0.975581
0.0694556 0.208367 -0.975581
0.070652 0.141304 -0.987442
0.0354882 0.141953 -0.989237
0.0348945 0.139578 -0.989596
0.0339955 0.169978 -0.984861
0.0669045 0.167261 -0.98364
0.0338443 0.169222 -0.984997
0.0344108 0.137643 -0.989884
0.0688194 0.137639 -0.988089
0.101498 0.202997 -0.973905
0.134502 0.269004 -0.953701
0.165541 0.297974 -0.940111
0.170555 0.307 -0.936302
0.172316 0.275705 -0.945671
0.140503 0.245881 -0.959063
0.14031 0.210465 -0.96748
0.105253 0.210506 -0.97191
0.104787 0.209574 -0.972162
0.0698675 0.209602 -0.975287
0.10201 0.20402 -0.973637
0.0707272 0.176818 -0.981699
0.0707272 0.176818 -0.981699
0.0707272 0.176818 -0.981699
0.106631 0.177719 -0.978287
0.0710949 0.177737 -0.981507
0.0355496 0.177748 -0.983434
0.0351303 0.175652 -0.983825
0.0702566 0.175642 -0.981944
0.0348894 0.104668 -0.993895
0 0 0
0 0 0
-0.0359322 0.143729 -0.988965
-0.0341739 0.136696 -0.990023
-0.0344568 0.137827 -0.989857
-0.0338931 0.135572 -0.990188
-0.0680286 0.136057 -0.988363
-0.0728575 0.109286 -0.991337
-0.0703045 0.0703045 -0.995045
-0.0731018 0.0731018 -0.994642
-0.0725334 0.1088 -0.991414
-0.105127 0.105127 -0.988886
-0.0712902 0.106935 -0.991707
-0.0718296 0.0718296 -0.994827
-0.0705996 0.0705996 -0.995003
-0.0357997 0.107399 -0.993571
-0.0727744 0.0727744 -0.99469
-0.0359151 0.0718303 -0.99677
-0.0712902 0.106935 -0.991707
-0.0356459 0.106938 -0.993627
-0.0351526 0.0703052 -0.996906
-0.0348894 0.104668 -0.993895
-0.0343146 0.102944 -0.994095
-0.0349962 0.0699924 -0.996933
-0.035311 0.105933 -0.993746
0 0 0
0 0 0
0 0 0
0 0 0
0 0 0
-0.0355667 0.142267 -0.989189
0 0 0
-0.0351577 0.140631 -0.989438
-0.0345802 0.138321 -0.989784
-0.034726 0.104178 -0.993952
-0.0353273 0.141309 -0.989335
-0.036557 0.146228 -0.988575
-0.0363691 0.145477 -0.988693
-0.0699231 0.174808 -0.982117
-0.105849 0.176415 -0.978608
-0.104099 0.173498 -0.979317
-0.104524 0.174207 -0.979146
-0.13878 0.173475 -0.975011
-0.106296 0.177161 -0.978425
-0.105106 0.140142 -0.984537
-0.105512 0.140682 -0.984417
-0.103187 0.171978 -0.979682
-0.070075 0.14015 -0.987647
-0.106296 0.177161 -0.978425
-0.106296 0.177161 -0.978425
-0.106454 0.141938 -0.984135
-0.108796 0.108796 -0.988093
-0.105971 0.141295 -0.984279
-0.106454 0.141938 -0.984135
-0.105849 0.176415 -0.978608
-0.0703846 0.211154 -0.974915
-0.0994087 0.231954 -0.967634
-0.0686531 0.205959 -0.976149
-0.105124 0.210248 -0.97198
-0.0702566 0.175642 -0.981944
-0.0717783 0.179446 -0.981146
-0.070573 0.176432 -0.98178
-0.0722001 0.1444 -0.986882
-0.0722001 0.1444 -0.986882
-0.0722001 0.1444 -0.986882
-0.0722001 0.1444 -0.986882
-0.0725197 0.145039 -0.986765
-0.0718615 0.143723 -0.987005
-0.0722001 0.1444 -0.986882
-0.036514 0.18257 -0.982515
-0.0347415 0.138966 -0.989688
-0.0363388 0.181694 -0.982683
-0.0347415 0.138966 -0.989688
-0.0347415 0.138966 -0.989688
-0.0697865 0.139573 -0.98775
-0.0345541 0.172771 -0.984356
-0.0339955 0.169978 -0.984861
-0.0332496 0.199497 -0.979334
-0.0337813 0.202688 -0.978661
-0.0667628 0.200288 -0.97746
-0.0651928 0.195578 -0.978519
-0.0330129 0.231091 -0.972372
-0.0338443 0.169222 -0.984997
-0.0662118 0.198635 -0.977834
-0.0672611 0.201783 -0.977118
-0.0676853 0.169213 -0.983253
-0.0345541 0.172771 -0.984356
-0.0339955 0.169978 -0.984861
-0.0679877 0.169969 -0.983101
-0.0667628 0.200288 -0.97746
-0.0339955 0.169978 -0.984861
-0.0345541 0.172771 -0.984356
-0.0339955 0.169978 -0.984861
-0.0347415 0.138966 -0.989688
-0.0339955 0.169978 -0.984861
-0.0341389 0.170694 -0.984732
-0.0339219 0.203531 -0.978481
-0.0361015 0.144406 -0.98886
0 0 0
-0.0358914 0.179457 -0.983111
0.034894 0.209364 -0.977215
0.0703709 0.246298 -0.966636
0.136207 0.238362 -0.961577
0.0695368 0.243379 -0.967435
0.13716 0.274321 -0.951806
0.102179 0.238419 -0.965772
0.0695368 0.243379 -0.967435
0.102967 0.205933 -0.973134
0.0692342 0.24232 -0.967723
0.100574 0.234673 -0.966857
0.0662164 0.264866 -0.962009
0.0670601 0.23471 -0.969749
0.0667699 0.233695 -0.970015
0.101325 0.202649 -0.973995
0.101325 0.202649 -0.973995
0.101325 0.202649 -0.973995
0.0694556 0.208367 -0.975581
0.103171 0.171952 -0.979688
0.1025 0.205 -0.97338
0.0672611 0.201783 -0.977118
0.104659 0.209319 -0.97223
0.104659 0.209319 -0.97223
0.104659 0.209319 -0.97223
0.10589 0.21178 -0.971564
0.139519 0.209279 -0.967852
0.139814 0.174768 -0.974632
0.138296 0.138296 -0.980688
0.140604 0.140604 -0.980031
0.141282 0.141282 -0.979836
0.141916 0.106437 -0.98414
0.141229 0.105922 -0.984294
0.139543 0.104657 -0.98467
0.105927 0.105927 -0.988716
0.139319 0.0696594 -0.987794
0.104491 0.0696609 -0.992083
0.107517 0.0716783 -0.991616
0.107738 0.107738 -0.988324
0.107738 0.107738 -0.988324
0.109095 0.14546 -0.983331
0.108505 0.144673 -0.983512
0.109658 0.146211 -0.983157
0.111001 0.148001 -0.982738
0.110379 0.147173 -0.982933
0.107865 0.179774 -0.977776
0.0723416 0.144683 -0.98683
0.108505 0.144673 -0.983512
0.108444 0.18074 -0.977534
0.108444 0.18074 -0.977534
0.108444 0.18074 -0.977534
0.108444 0.18074 -0.977534
0.0715047 0.143009 -0.987135
0.0691127 0.207338 -0.975825
0.0694556 0.208367 -0.975581
0.0349635 0.174818 -0.98398
0.0351303 0.175652 -0.983825
0 0 0
-0.0352885 0.176443 -0.983678
-0.0361015 0.144406 -0.98886
0 0 0
0.0361015 0.144406 -0.98886
0.035725 0.178625 -0.983268
0 0 0
0.0362614 0.145046 -0.98876
0 0 0
0 0 0
0.0354765 0.212859 -0.976439
0.0347305 0.208383 -0.97743
0 0 0
0.0341184 0.238829 -0.970462
0 0 0
0 0 0
-0.0335332 0.234732 -0.971482
-0.0331441 0.232009 -0.972149
0 0 0
0 0 0
0 0 0
0 0 0
-0.033388 0.233716 -0.971731
-0.0684539 0.171135 -0.982867
0 0 0
0 0 0
0 0 0
0 0 0
0 0 0
0 0 0
0.034726 0.104178 -0.993952
0.0345802 0.138321 -0.989784
0 0 0
0.032835 0.164175 -0.985885
0.0326418 0.195851 -0.98009
0.0649876 0.162469 -0.984571
0 0 0
0 0 0
-0.0331081 0.198648 -0.979511
-0.0337624 0.13505 -0.990263
-0.0675228 0.135046 -0.988536
-0.0694098 0.0694098 -0.995171
-0.0338594 0.0338594 -0.998853
-0.0330861 0.0330861 -0.998905
0 0 0
-0.0329109 0.0658217 -0.997289
-0.0329109 0.0658217 -0.997289
0 0 0
-0.032942 0.098826 -0.994559
0 0 0
0 0 0
0 0 0
0 0 0
0 0 0
0 0 0
0.0338981 0.101694 -0.994238
0.0333101 0.0666203 -0.997222
0.0337578 0.101273 -0.994286
0.0337578 0.101273 -0.994286
0.0337051 0.0674102 -0.997156
0.0343199 0.0343199 -0.998821
0.0349962 0.0699924 -0.996933
0.0354217 0.0708434 -0.996858
0.0349962 0.0699924 -0.996933
0.0360315 0.0720631 -0.996749
0.035311 0.105933 -0.993746
0.035915 0.107745 -0.99353
0.035915 0.107745 -0.99353
0.0365389 0.109617 -0.993302
0.035915 0.107745 -0.99353
0.0721901 0.108285 -0.991495
0.0360959 0.108288 -0.993464
0.070652 0.141304 -0.987442
0.0361015 0.144406 -0.98886
0.0359322 0.143729 -0.988965
0.0353273 0.141309 -0.989335
0.0351303 0.175652 -0.983825
0.0338443 0.169222 -0.984997
0 0 0
0 0 0
0 0 0
-0.0343954 0.171977 -0.9845
0.0345541 0.172771 -0.984356
0 0 0
0.0353657 0.176829 -0.983606
0.0695733 0.173933 -0.982297
0.103223 0.137631 -0.98509
0.101498 0.202997 -0.973905
0.0669495 0.200848 -0.977332
0.0669495 0.200848 -0.977332
0.0669495 0.200848 -0.977332
0.0656036 0.196811 -0.978244
0.0320907 0.224635 -0.973914
0.0314729 0.22031 -0.974922
0.0314729 0.22031 -0.974922
0.0314729 0.22031 -0.974922
0.0629412 0.220294 -0.973401
0.0319389 0.223573 -0.974164
0.0659969 0.164992 -0.984084
0.0659969 0.164992 -0.984084
0.0989879 0.16498 -0.981317
0.0973536 0.194707 -0.976018
0.0659145 0.197744 -0.978035
0.100413 0.200825 -0.974467
0.0681058 0.170264 -0.983042
0.0331444 0.198866 -0.979466
0.0648304 0.226906 -0.971756
0.0967383 0.225723 -0.969377
0.0959861 0.255963 -0.961909
0.128279 0.224488 -0.965997
0.0651928 0.195578 -0.978519
0.0992525 0.198505 -0.975061
0.132316 0.198474 -0.971134
0.132316 0.198474 -0.971134
0.165362 0.198434 -0.966064
0.166341 0.19961 -0.965653
0.167879 0.201455 -0.965004
0.201085 0.234599 -0.951067
0.199558 0.199558 -0.95935
0.198083 0.231097 -0.952553
0.234071 0.200632 -0.951293
0.204168 0.238196 -0.949515
0.170211 0.272337 -0.947027
0.167685 0.268296 -0.94863
0.167685 0.268296 -0.94863
0.168905 0.202686 -0.964567
0.132316 0.198474 -0.971134
0.130353 0.19553 -0.971996
0.132316 0.198474 -0.971134
0.135154 0.20273 -0.969863
0.203822 0.203822 -0.957556
0.168905 0.202686 -0.964567
0.20263 0.20263 -0.958062
0.17154 0.205848 -0.963432
0.171599 0.171599 -0.970107
0.135154 0.20273 -0.969863
0.173759 0.173759 -0.969338
0.173759 0.173759 -0.969338
0.168905 0.202686 -0.964567
0.170006 0.170006 -0.970668
0.167392 0.167392 -0.971576
0.200833 0.167361 -0.965224
0.173759 0.173759 -0.969338
0.179294 0.215153 -0.959981
0.139151 0.139151 -0.980446
0.10725 0.143 -0.983895
0.0672455 0.134491 -0.98863
0.0362614 0.145046 -0.98876
-0.0364113 0.145645 -0.988667
-0.0369791 0.184896 -0.982062
-0.0736641 0.18416 -0.980132
-0.0368346 0.184173 -0.982203
0 0 0
0.0352885 0.176443 -0.983678
0.070652 0.141304 -0.987442
0.0695733 0.173933 -0.982297
0.103223 0.137631 -0.98509
0.0999244 0.199849 -0.974718
0.0972322 0.226875 -0.969058
0.0969083 0.193817 -0.97624
0.0989879 0.16498 -0.981317
0.0691077 0.103662 -0.992209
0.0693159 0.0693159 -0.995184
0.103223 0.137631 -0.98509
0.0999633 0.133284 -0.986024
0.132632 0.132632 -0.982251
0.0984053 0.131207 -0.986459
0.130585 0.130585 -0.9828
0.0970022 0.16167 -0.982066
0.0989879 0.16498 -0.981317
0.130585 0.130585 -0.9828
0.128597 0.128597 -0.983324
0.130585 0.130585 -0.9828
0.129182 0.129182 -0.98317
0.165362 0.0992174 -0.981229
0.232461 0.0996263 -0.96749
0.200069 0.100035 -0.974662
0.205841 0.10292 -0.973158
0.172069 0.0688277 -0.982677
0.174471 0.0348943 -0.984044
0.174471 0.0348943 -0.984044
0.171285 0.068514 -0.982836
0.17077 0.102462 -0.979969
0.171285 0.068514 -0.982836
0.137032 0.0685158 -0.988194
0.171285 0.068514 -0.982836
0.174144 0.0696574 -0.982253
0.17077 0.102462 -0.979969
0.174471 0.0348943 -0.984044
0.174471 0.0348943 -0.984044
0.139578 0.0348945 -0.989596
0.177095 0.0708379 -0.981641
0.177962 0.0711847 -0.981459
0.176185 0.0704742 -0.981831
0.173602 0.0347203 -0.984204
0.177095 0.0708379 -0.981641
0.177095 0.0708379 -0.981641
0.174144 0.0696574 -0.982253
0.177095 0.0708379 -0.981641
0.176524 0.105915 -0.978581
0.177095 0.0708379 -0.981641
0.177095 0.0708379 -0.981641
0.177095 0.0708379 -0.981641
0.174144 0.0696574 -0.982253
0.174144 0.0696574 -0.982253
0.174144 0.0696574 -0.982253
0.138204 0.103653 -0.984965
0.138204 0.103653 -0.984965
0.138204 0.103653 -0.984965
0.17077 0.102462 -0.979969
0.135971 0.101978 -0.98545
0.133275 0.133275 -0.982077
0.164939 0.164939 -0.972415
0.163261 0.163261 -0.972981
0.134046 0.167557 -0.976707
0.130894 0.229065 -0.96457
0.0959861 0.255963 -0.961909
0.0639808 0.191942 -0.979318
0.0325765 0.228036 -0.973108
0 0 0
0.0339955 0.169978 -0.984861
0 0 0
0.0354828 0.106448 -0.993685
0 0 0
0 0 0
0.0357254 0.107176 -0.993598
-0.0358401 0.0716802 -0.996784
0.0341591 0.102477 -0.994149
0.0331678 0.0663357 -0.997246
0.0336097 0.100829 -0.994336
0 0 0
0 0 0
0.0353273 0.141309 -0.989335
0 0 0
0 0 0
-0.0367294 0.110188 -0.993232
-0.073457 0.110186 -0.991193
-0.107743 0.0718284 -0.991581
-0.144296 0.108222 -0.983599
-0.146874 0.110156 -0.983002
-0.104886 0.104886 -0.988938
-0.067784 0.135568 -0.988447
-0.0700873 0.105131 -0.991986
-0.068317 0.102476 -0.992387
-0.101279 0.135038 -0.985651
-0.100863 0.134484 -0.985769
-0.101689 0.101689 -0.989605
-0.103692 0.0691283 -0.992204
-0.0700873 0.105131 -0.991986
-0.103381 0.103381 -0.989255
-0.104113 0.0694087 -0.992141
-0.0694098 0.0694098 -0.995171
-0.0694098 0.0694098 -0.995171
-0.0338931 0.135572 -0.990188
-0.0335719 0.0671438 -0.997178
-0.0667022 0.100053 -0.992744
-0.0334776 0.100433 -0.99438
-0.0691293 0.0691293 -0.99521
-0.068628 0.102942 -0.992317
-0.0680594 0.102089 -0.992444
-0.0656331 0.131266 -0.989172
-0.0980892 0.130786 -0.986546
-0.0653958 0.130792 -0.989251
-0.100051 0.100051 -0.989939
-0.0661787 0.132357 -0.98899
-0.0664429 0.132886 -0.988902
-0.0664429 0.132886 -0.988902
-0.0650822 0.162705 -0.984526
-0.0664429 0.132886 -0.988902
-0.0333517 0.100055 -0.994423
-0.033218 0.099654 -0.994468
-0.0337624 0.13505 -0.990263
0 0 0
0 0 0
0 0 0
-0.0333517 0.100055 -0.994423
-0.0333517 0.100055 -0.994423
0 0 0
-0.0344621 0.103386 -0.994044
0 0 0
0 0 0
0 0 0
0 0 0
0 0 0
0 0 0
0 0 0
-0.034565 0.0691299 -0.997009
0 0 0
-0.0344621 0.103386 -0.994044
0 0 0
-0.0337624 0.13505 -0.990263
0 0 0
-0.0338981 0.101694 -0.994238
0 0 0
0 0 0
0.0336238 0.134495 -0.990344
0 0 0
0.0348894 0.104668 -0.993895
-0.0337051 0.0674102 -0.997156
-0.0339129 0.0339129 -0.998849
-0.0678257 0.0339128 -0.997121
-0.0646422 0.0323211 -0.997385
-0.0646422 0.0323211 -0.997385
-0.0327824 0.0655648 -0.99731
-0.0327824 0.0655648 -0.99731
-0.0661449 0.0330725 -0.997262
-0.0667314 0.0333657 -0.997213
-0.0985058 0.0328353 -0.994595
-0.100503 0.0335011 -0.994373
0 0 0
0 0 0
0.0333101 0.0666203 -0.997222
0.0345545 0.103664 -0.994012
0.0347469 0.104241 -0.993945
0.0349426 0.104828 -0.993876
0 0 0
-0.0345545 0.103664 -0.994012
-0.0348894 0.104668 -0.993895
-0.0667628 0.200288 -0.97746
-0.0682742 0.170686 -0.982957
-0.0676853 0.169213 -0.983253
-0.0988611 0.197722 -0.97526
-0.0322323 0.193394 -0.980592
-0.0648338 0.162085 -0.984645
-0.0970476 0.194095 -0.97617
-0.0970476 0.194095 -0.97617
-0.0654629 0.196389 -0.978338
-0.0640282 0.224099 -0.972461
-0.0644608 0.193382 -0.979004
-0.0322323 0.193394 -0.980592
-0.0628324 0.219913 -0.973494
-0.0614732 0.245893 -0.967346
-0.0308524 0.246819 -0.96857
-0.063074 0.220759 -0.973287
-0.0315393 0.220775 -0.974815
-0.0320166 0.224116 -0.974036
-0.0320166 0.224116 -0.974036
-0.0325076 0.227553 -0.973223
-0.0328744 0.230121 -0.972607
-0.0325984 0.19559 -0.980144
-0.0325984 0.19559 -0.980144
-0.0324564 0.194739 -0.980318
0 0 0
0 0 0
0 0 0
0 0 0
0.0333141 0.199885 -0.979253
0 0 0
0 0 0
-0.0333141 0.199885 -0.979253
-0.0649306 0.259722 -0.963498
-0.0654521 0.229082 -0.971204
-0.0336329 0.201797 -0.97885
-0.0343954 0.171977 -0.9845
-0.0355496 0.177748 -0.983434
-0.0723039 0.18076 -0.980866
-0.107865 0.179774 -0.977776
-0.103731 0.138308 -0.984942
-0.104215 0.138953 -0.9848
-0.13878 0.173475 -0.975011
-0.107157 0.178595 -0.97807
-0.14352 0.1794 -0.973251
-0.14352 0.1794 -0.973251
-0.140129 0.140129 -0.980167
-0.175817 0.140653 -0.974323
-0.105106 0.140142 -0.984537
-0.101746 0.203492 -0.973776
-0.132517 0.231904 -0.96367
-0.132517 0.231904 -0.96367
-0.134465 0.201698 -0.970174
-0.106296 0.177161 -0.978425
-0.103647 0.172746 -0.979498
-0.101325 0.202649 -0.973995
-0.0991635 0.165272 -0.98125
-0.0960298 0.22407 -0.96983
-0.0960298 0.22407 -0.96983
-0.130911 0.261822 -0.956196
-0.100574 0.234673 -0.966857
-0.103409 0.206818 -0.972899
-0.0339955 0.169978 -0.984861
-0.070652 0.141304 -0.987442
-0.104673 0.139565 -0.984665
-0.0669045 0.167261 -0.98364
-0.0655788 0.163947 -0.984287
-0.095651 0.223186 -0.970072
-0.0651928 0.195578 -0.978519
-0.0687871 0.171968 -0.982698
-0.0347885 0.173943 -0.984141
-0.03551 0.21306 -0.976394
-0.036001 0.252007 -0.967056
-0.0369283 0.22157 -0.974445
0 0 0
0 0 0
0 0 0
0 0 0
0 0 0
0 0 0
-0.034846 0.243922 -0.969169
-0.0342935 0.240055 -0.970153
-0.0664651 0.232628 -0.970292
-0.095937 0.255832 -0.961949
-0.0311237 0.280113 -0.959462
-0.0649306 0.259722 -0.963498
-0.0996825 0.232593 -0.967452
-0.0657432 0.230101 -0.970944
-0.0659145 0.197744 -0.978035
-0.0655788 0.163947 -0.984287
-0.0639318 0.191795 -0.97935
-0.0652899 0.163225 -0.984426
-0.0691077 0.103662 -0.992209
-0.0348313 0.0696625 -0.996962
-0.0691077 0.103662 -0.992209
-0.0329594 0.197756 -0.979697
-0.0329999 0.165 -0.985741
-0.0331583 0.165791 -0.985603
-0.0666455 0.133291 -0.988834
-0.0663136 0.165784 -0.98393
-0.0663136 0.165784 -0.98393
0 0 0
-0.0333097 0.166548 -0.98547
0 0 0
-0.0326463 0.163232 -0.986047
-0.0326463 0.163232 -0.986047
0 0 0
-0.0345802 0.138321 -0.989784
-0.0338591 0.135436 -0.990207
0 0 0
0 0 0
-0.0675073 0.236276 -0.969338
0 0 0
0 0 0
0 0 0
0.0666099 0.26644 -0.961547
0 0 0
0.0686984 0.274793 -0.959046
0.0680167 0.306075 -0.949574
0.0686984 0.274793 -0.959046
0.0683267 0.273307 -0.959497
0.0690729 0.310828 -0.947953
0.101997 0.305991 -0.946555
0.0686951 0.309128 -0.948536
0.0683267 0.273307 -0.959497
0.0341678 0.273343 -0.96131
0.0683267 0.273307 -0.959497
0.0343534 0.309181 -0.950383
0.0344713 0.241299 -0.969838
0.0350218 0.245153 -0.968852
0.0349366 0.209619 -0.977159
0.0350218 0.245153 -0.968852
0 0 0
0 0 0
-0.0353047 0.211828 -0.976669
0 0 0
0 0 0
0.0349366 0.209619 -0.977159
0 0 0
0.0351738 0.175869 -0.983785
0 0 0
0 0 0
0.0338392 0.203035 -0.978587
0.0343798 0.206279 -0.977889
0 0 0
0 0 0
0 0 0
-0.0673678 0.168419 -0.983411
-0.067716 0.135432 -0.98847
-0.0999633 0.133284 -0.986024
-0.100424 0.133899 -0.985894
-0.104172 0.104172 -0.989089
-0.102776 0.0685172 -0.992342
-0.102939 0.102939 -0.989347
-0.0672455 0.134491 -0.98863
-0.0992263 0.0992263 -0.990105
-0.0658997 0.131799 -0.989083
-0.0968505 0.161417 -0.982122
-0.100424 0.133899 -0.985894
-0.0672455 0.134491 -0.98863
-0.102939 0.102939 -0.989347
-0.0973122 0.12975 -0.98676
-0.0658537 0.164634 -0.984154
-0.0648338 0.162085 -0.984645
-0.0638436 0.159609 -0.985114
-0.0968505 0.161417 -0.982122
-0.100424 0.133899 -0.985894
-0.068317 0.102476 -0.992387
-0.0683456 0.136691 -0.988253
-0.068628 0.102942 -0.992317
-0.0699917 0.0699917 -0.995089
-0.0699917 0.0699917 -0.995089
-0.100863 0.134484 -0.985769
-0.0675144 0.101272 -0.992565
-0.132297 0.0992225 -0.986231
-0.0999167 0.166528 -0.980961
-0.164716 0.131773 -0.977499
-0.132342 0.132342 -0.98233
-0.166072 0.132858 -0.977123
-0.134474 0.134474 -0.98175
-0.102513 0.136684 -0.985296
-0.137835 0.103376 -0.985046
-0.137255 0.137255 -0.98098
-0.137835 0.103376 -0.985046
-0.101269 0.101269 -0.989692
-0.100863 0.134484 -0.985769
-0.137255 0.137255 -0.98098
-0.102949 0.137266 -0.98517
-0.104099 0.173498 -0.979317
-0.139553 0.139553 -0.980332
-0.139553 0.139553 -0.980332
-0.104215 0.138953 -0.9848
-0.101973 0.169955 -0.980162
-0.102807 0.171346 -0.979832
-0.104099 0.173498 -0.979317
-0.104673 0.139565 -0.984665
-0.104673 0.139565 -0.984665
-0.101973 0.169955 -0.980162
-0.102403 0.170671 -0.979992
-0.099731 0.199462 -0.974817
-0.100758 0.16793 -0.980636
-0.104215 0.138953 -0.9848
-0.104673 0.139565 -0.984665
-0.104673 0.139565 -0.984665
-0.104099 0.173498 -0.979317
-0.0675577 0.202673 -0.976913
-0.0985673 0.197135 -0.975409
-0.0654629 0.196389 -0.978338
-0.132204 0.165255 -0.97735
-0.0960298 0.22407 -0.96983
-0.099731 0.199462 -0.974817
-0.104099 0.173498 -0.979317
-0.141112 0.17639 -0.974153
-0.103647 0.172746 -0.979498
-0.107785 0.143713 -0.983732
-0.108444 0.18074 -0.977534
-0.111594 0.148792 -0.982552
-0.108444 0.18074 -0.977534
-0.0718615 0.143723 -0.987005
-0.0694556 0.208367 -0.975581
-0.0710949 0.177737 -0.981507
-0.108444 0.18074 -0.977534
-0.0718615 0.143723 -0.987005
-0.0727352 0.14547 -0.986685
-0.0721901 0.108285 -0.991495
-0.0709641 0.106446 -0.991783
-0.0706205 0.105931 -0.991863
-0.0709641 0.106446 -0.991783
-0.102472 0.102472 -0.989444
-0.102052 0.13607 -0.985429
-0.132388 0.198583 -0.971102
-0.131134 0.163918 -0.977719
-0.0962951 0.19259 -0.976543
-0.127834 0.191751 -0.973083
-0.0962951 0.19259 -0.976543
-0.0962951 0.19259 -0.976543
-0.0953834 0.158972 -0.982665
-0.126454 0.189681 -0.973669
-0.0934508 0.186902 -0.977924
-0.0952223 0.190445 -0.977069
-0.0962951 0.19259 -0.976543
-0.0987732 0.164622 -0.981399
-0.102513 0.136684 -0.985296
-0.100349 0.167248 -0.980795
-0.101519 0.169199 -0.980339
-0.102513 0.136684 -0.985296
-0.102949 0.137266 -0.98517
-0.100863 0.134484 -0.985769
-0.102513 0.136684 -0.985296
-0.104663 0.104663 -0.988985
-0.102513 0.136684 -0.985296
-0.102949 0.137266 -0.98517
-0.102949 0.137266 -0.98517
-0.139553 0.139553 -0.980332
-0.140163 0.105122 -0.984532
-0.141282 0.141282 -0.979836
-0.102949 0.137266 -0.98517
-0.0992633 0.132351 -0.98622
-0.131134 0.163918 -0.977719
-0.0966817 0.193363 -0.976352
-0.0970476 0.194095 -0.97617
-0.132204 0.165255 -0.97735
-0.0991635 0.165272 -0.98125
-0.0661787 0.132357 -0.98899
-0.0644608 0.193382 -0.979004
-0.0957591 0.159599 -0.982527
-0.100758 0.16793 -0.980636
-0.104099 0.173498 -0.979317
-0.102403 0.170671 -0.979992
-0.13652 0.17065 -0.975828
-0.137255 0.137255 -0.98098
-0.102949 0.137266 -0.98517
-0.100349 0.167248 -0.980795
-0.105127 0.105127 -0.988886
-0.105127 0.105127 -0.988886
-0.105127 0.105127 -0.988886
-0.103381 0.103381 -0.989255
-0.101973 0.169955 -0.980162
-0.102967 0.205933 -0.973134
-0.102967 0.205933 -0.973134
-0.100139 0.233659 -0.967148
-0.103647 0.172746 -0.979498
-0.102513 0.136684 -0.985296
-0.101973 0.169955 -0.980162
-0.0669045 0.167261 -0.98364
-0.0661787 0.132357 -0.98899
-0.0658997 0.131799 -0.989083
-0.0655788 0.163947 -0.984287
-0.0655788 0.163947 -0.984287
-0.0658537 0.164634 -0.984154
-0.0993068 0.198614 -0.975034
-0.0680385 0.136077 -0.988359
-0.0680385 0.136077 -0.988359
-0.101569 0.135425 -0.985568
-0.068317 0.102476 -0.992387
-0.068317 0.102476 -0.992387
-0.101983 0.101983 -0.989545
-0.0669529 0.133906 -0.98873
-0.100424 0.133899 -0.985894
-0.068317 0.102476 -0.992387
-0.0669529 0.133906 -0.98873
-0.0680385 0.136077 -0.988359
-0.0336238 0.134495 -0.990344
-0.0648338 0.162085 -0.984645
-0.0966817 0.193363 -0.976352
-0.0995311 0.165885 -0.981109
-0.129837 0.194756 -0.97222
-0.133152 0.16644 -0.97702
-0.16405 0.13124 -0.977683
-0.163457 0.130766 -0.977846
-0.170745 0.102447 -0.979975
-0.170745 0.102447 -0.979975
-0.102086 0.102086 -0.989524
-0.133899 0.100424 -0.985894
-0.130777 0.130777 -0.982749
-0.100428 0.100428 -0.989863
-0.100428 0.100428 -0.989863
-0.136109 0.102082 -0.985421
-0.100428 0.100428 -0.989863
-0.133899 0.100424 -0.985894
-0.098445 0.13126 -0.986448
-0.130777 0.130777 -0.982749
-0.0965659 0.128755 -0.986964
-0.13287 0.13287 -0.982187
-0.139553 0.139553 -0.980332
-0.108772 0.145029 -0.98343
-0.104673 0.139565 -0.984665
-0.105127 0.105127 -0.988886
-0.106454 0.141938 -0.984135
-0.108293 0.14439 -0.983577
-0.0689228 0.103384 -0.992251
-0.100758 0.16793 -0.980636
-0.0976163 0.162694 -0.981836
-0.0987732 0.164622 -0.981399
-0.100133 0.200266 -0.974611
-0.0996595 0.132879 -0.986109
-0.100133 0.200266 -0.974611
-0.0672455 0.134491 -0.98863
-0.100424 0.133899 -0.985894
-0.0683456 0.136691 -0.988253
-0.0694806 0.138961 -0.987857
-0.0702566 0.175642 -0.981944
-0.070652 0.141304 -0.987442
-0.0694806 0.138961 -0.987857
-0.0348894 0.104668 -0.993895
-0.0697774 0.104666 -0.992057
-0.0694806 0.138961 -0.987857
-0.0953834 0.158972 -0.982665
-0.0934508 0.186902 -0.977924
-0.100349 0.167248 -0.980795
-0.0648338 0.162085 -0.984645
-0.100758 0.16793 -0.980636
-0.135028 0.135028 -0.981598
-0.135028 0.135028 -0.981598
-0.0672455 0.134491 -0.98863
-0.101279 0.135038 -0.985651
-0.103246 0.0688309 -0.992271
-0.100333 0.0668885 -0.992703
-0.0996496 0.0996496 -0.99002
-0.101689 0.101689 -0.989605
-0.0667022 0.100053 -0.992744
-0.0667022 0.100053 -0.992744
-0.0664349 0.0996524 -0.992802
-0.135028 0.135028 -0.981598
-0.103381 0.103381 -0.989255
-0.0675144 0.101272 -0.992565
-0.0680594 0.102089 -0.992444
-0.101689 0.101689 -0.989605
-0.0691293 0.0691293 -0.99521
-0.0691293 0.0691293 -0.99521
-0.0688319 0.0688319 -0.995251
-0.0691293 0.0691293 -0.99521
-0.0679915 0.0679915 -0.995366
-0.0337578 0.101273 -0.994286
-0.0688319 0.0688319 -0.995251
-0.0337578 0.101273 -0.994286
-0.0359151 0.0718303 -0.99677
-0.0349962 0.0699924 -0.996933
-0.0349962 0.0699924 -0.996933
-0.0696619 0.0696619 -0.995135
-0.0343146 0.102944 -0.994095
-0.0343146 0.102944 -0.994095
-0.0343146 0.102944 -0.994095
-0.0349962 0.0699924 -0.996933
-0.0349962 0.0699924 -0.996933
-0.03256 0.09768 -0.994685
0 0 0
0 0 0
-0.0330769 0.0992306 -0.994515
-0.0350444 0.105133 -0.99384
-0.0336238 0.134495 -0.990344
-0.0339955 0.169978 -0.984861
-0.0694055 0.173514 -0.982383
-0.0679877 0.169969 -0.983101
-0.0330129 0.231091 -0.972372
-0.032287 0.161435 -0.986355
-0.0313224 0.156612 -0.987163
-0.0639318 0.191795 -0.97935
-0.0325984 0.19559 -0.980144
-0.0672611 0.201783 -0.977118
-0.0663136 0.165784 -0.98393
-0.0672611 0.201783 -0.977118
-0.0333097 0.166548 -0.98547
-0.0338443 0.169222 -0.984997
-0.0347415 0.138966 -0.989688
-0.0353273 0.141309 -0.989335
-0.0343146 0.102944 -0.994095
-0.0341739 0.136696 -0.990023
-0.0341739 0.136696 -0.990023
-0.0327908 0.163954 -0.985923
-0.0652899 0.163225 -0.984426
-0.0327908 0.163954 -0.985923
-0.0669529 0.133906 -0.98873
0 0 0
0 0 0
0 0 0
0 0 0
0.0340552 0.0340552 -0.99884
0.0347681 0.0347681 -0.99879
0.034075 0 -0.999419
0.0339129 0.0339129 -0.998849
-0.0346479 4.24301e-18 -0.9994
0.0344776 0.0344776 -0.998811
0 0 0
-0.0337628 0.0337628 -0.998859
0 0 0
0 0 0
0 0 0
0.0346271 0.0346271 -0.9988
0.0339324 0 -0.999424
0 0 0
-0.0323084 0.0969251 -0.994767
0 0 0
-0.0329109 0.0658217 -0.997289
0 0 0
0 0 0
0 0 0
0 0 0
0.0324443 0.0324443 -0.998947
0 0 0
0 0 0
0 0 0
-0.0326467 0.0652935 -0.997332
0 0 0
0.0328354 0.0328354 -0.998921
-0.0335012 0.0335012 -0.998877
-0.0335012 0.0335012 -0.998877
0 0 0
-0.0335012 0.0335012 -0.998877
0 0 0
0.034565 0.0691299 -0.997009
0 0 0
0 0 0
0 0 0
0.0344108 0.137643 -0.989884
0.0336905 0.134762 -0.990305
0.034794 0.139176 -0.989656
0.0357254 0.107176 -0.993598
0.0694417 0.0347209 -0.996982
0.0341543 0.0341543 -0.998833
0.0675254 0.0337627 -0.997146
0.0347209 0.0347209 -0.998794
0.0341543 0.0341543 -0.998833
0 0 0
0.0351308 0.105392 -0.99381
0.067716 0.135432 -0.98847
0.0349798 0.139919 -0.989545
0.0338253 0.101476 -0.994263
0.033163 0.132652 -0.990608
0.0673789 0.134758 -0.988585
0.0645401 0.0968101 -0.993208
0.063563 0.0953445 -0.993413
0.031334 0.125336 -0.991619
0.0623992 0.124798 -0.990218
0.0638855 0.127771 -0.989744
0.0658997 0.131799 -0.989083
0.0658562 0.0987842 -0.992927
0.0988449 0.131793 -0.986337
0.102472 0.102472 -0.989444
0.101113 0.0674088 -0.992589
0.103432 0.0344774 -0.994039
0.102959 0.0343197 -0.994093
0.0686396 0.0343198 -0.997051
0.0697896 0.0348948 -0.996951
0.0701213 0.0350606 -0.996922
0.0686396 0.0343198 -0.997051
0.0674097 0.0674097 -0.995446
0.067096 0.067096 -0.995488
0.0335483 0.0670965 -0.997182
0.0331222 0.0993666 -0.994499
0.0326119 0.0978357 -0.994668
0.0645401 0.0968101 -0.993208
0.0648361 0.0972542 -0.993145
0.0668805 0.0334402 -0.9972
0.100815 0.0336049 -0.994338
0.0683085 0.0341543 -0.997079
0.0341743 0 -0.999416
0.0336051 0.0336051 -0.99887
0.0335483 0.0670965 -0.997182
0.0335483 0.0670965 -0.997182
0.0341543 0.0341543 -0.998833
0.0335483 0.0670965 -0.997182
0.0667681 0.0667681 -0.995532
0.0667681 0.0667681 -0.995532
0.0660362 0.0660362 -0.99563
0.0669072 0.100361 -0.992699
0.0998702 0.0998702 -0.989976
0.100151 0.0667672 -0.99273
0.100643 0.0670952 -0.992658
0.0335483 0.0670965 -0.997182
0.066582 0.099873 -0.99277
0.0660362 0.0660362 -0.99563
0.0330183 0.0660367 -0.997271
0.0702601 0.10539 -0.991946
0.103121 0.103121 -0.989309
0.0987816 0.0987816 -0.990194
0.0669072 0.100361 -0.992699
0.131784 0.131784 -0.982479
0.101569 0.135425 -0.985568
0.140952 0.0704762 -0.987505
0.176185 0.0704742 -0.981831
0.173279 0.0693115 -0.982431
0.236234 0.101243 -0.966407
0.200791 0.133861 -0.970445
0.201616 0.100808 -0.974263
0.168025 0.100815 -0.980614
0.17077 0.102462 -0.979969
0.172693 0.0345386 -0.98437
0.170462 0.0681848 -0.983002
0.170462 0.0681848 -0.983002
0.133805 0.100354 -0.985913
0.169954 0.101973 -0.980162
0.135971 0.101978 -0.98545
0.173279 0.0693115 -0.982431
0.171285 0.068514 -0.982836
0.205841 0.10292 -0.973158
0.204909 0.102454 -0.973404
0.208965 0.069655 -0.975439
0.173602 0.104161 -0.979292
0.174144 0.0696574 -0.982253
0.209954 0.0699847 -0.975203
0.174418 0.104651 -0.979095
0.174144 0.0696574 -0.982253
0.171547 0.102928 -0.979784
0.174144 0.0696574 -0.982253
0.13889 0.104167 -0.984814
0.173602 0.104161 -0.979292
0.13889 0.104167 -0.984814
0.171547 0.102928 -0.979784
0.136624 0.102468 -0.985309
0.172069 0.0688277 -0.982677
0.172069 0.0688277 -0.982677
0.140604 0.0703019 -0.987567
0 0 0
