0.198651 0.23176 -0.952274
0.235319 0.235319 -0.943
0.269818 0.236091 -0.93352
0.227509 0.292511 -0.928804
0.22777 0.260309 -0.938275
0.22832 0.293555 -0.928276
0.201793 0.235425 -0.950713
0.27863 0.243801 -0.928938
0.211776 0.211776 -0.954097
0.21331 0.177758 -0.960677
0.210949 0.140633 -0.967328
0.210949 0.140633 -0.967328
0.211702 0.141135 -0.96709
0.212674 0.106337 -0.97132
0.208141 0.138761 -0.968206
0.211702 0.141135 -0.96709
0.211702 0.141135 -0.96709
0.247751 0.141572 -0.958424
0.208801 0.139201 -0.968001
0.248916 0.106678 -0.962632
0.246942 0.14111 -0.958701
0.246942 0.14111 -0.958701
0.208141 0.138761 -0.968206
0.24279 0.138737 -0.960107
0.24279 0.138737 -0.960107
0.241408 0.172435 -0.954981
0.238179 0.170128 -0.956205
0.208278 0.208278 -0.955636
0.205839 0.240145 -0.948663
0.205839 0.240145 -0.948663
0.168223 0.235512 -0.957202
0.100986 0.235635 -0.966581
0.0657408 0.262963 -0.962563
0.102143 0.204286 -0.973568
0.0348466 0.174233 -0.984088
0 0 0
-0.0725197 0.145039 -0.986765
-0.110018 0.183364 -0.976869
-0.144735 0.180919 -0.97279
-0.145614 0.145614 -0.978567
-0.139347 0.174184 -0.974804
-0.135638 0.203457 -0.969643
-0.132517 0.231904 -0.96367
-0.136167 0.204251 -0.969402
-0.135638 0.203457 -0.969643
-0.139013 0.243272 -0.959945
-0.105124 0.210248 -0.97198
-0.103647 0.172746 -0.979498
-0.103647 0.172746 -0.979498
-0.13652 0.17065 -0.975828
-0.105106 0.140142 -0.984537
-0.100758 0.16793 -0.980636
-0.0658537 0.164634 -0.984154
-0.0642029 0.192609 -0.979173
-0.0935801 0.155967 -0.983319
-0.0642956 0.160739 -0.984901
-0.0666163 0.166541 -0.983782
-0.0345802 0.138321 -0.989784
-0.0345802 0.138321 -0.989784
-0.0345802 0.138321 -0.989784
-0.0694506 0.104176 -0.992131
-0.104172 0.104172 -0.989089
-0.142568 0.106926 -0.983993
-0.146667 0.183334 -0.972048
-0.180447 0.144357 -0.972934
-0.179365 0.179365 -0.967293
-0.138179 0.172724 -0.97523
-0.139347 0.174184 -0.974804
-0.176358 0.176358 -0.968399
-0.105124 0.210248 -0.97198
-0.144376 0.144376 -0.978934
-0.108293 0.14439 -0.983577
-0.107656 0.179427 -0.977863
-0.0714455 0.178614 -0.981322
0 0 0
-0.0358968 0.215381 -0.97587
-0.0363085 0.217851 -0.975306
0 0 0
0 0 0
0 0 0
-0.0355496 0.177748 -0.983434
-0.0351246 0.210748 -0.976909
-0.0355496 0.177748 -0.983434
-0.0694556 0.208367 -0.975581
-0.0349635 0.174818 -0.98398
-0.0345802 0.138321 -0.989784
0 0 0
-0.0331583 0.165791 -0.985603
0 0 0
0 0 0
0.032287 0.161435 -0.986355
0.0645714 0.161429 -0.98477
0.0333237 0.133295 -0.990516
0.0334774 0.13391 -0.990428
0.032287 0.161435 -0.986355
0.0321491 0.160745 -0.986472
0.063593 0.158983 -0.985231
0.0968505 0.161417 -0.982122
0.097676 0.097676 -0.990413
0.133235 0.0666177 -0.988843
0.135979 0.0679893 -0.988376
0.101986 0.0679906 -0.99246
0.103692 0.0691283 -0.992204
0.166541 0.0666162 -0.983782
0.135019 0.101264 -0.985655
0.13558 0.101685 -0.985534
0.103692 0.0691283 -0.992204
0.103881 0.0346269 -0.993987
0.137659 0.0688295 -0.988085
0.139071 0.0347677 -0.989672
0.138507 0.0346268 -0.989756
0.135412 0.0677062 -0.988473
0.133462 0.0333655 -0.990492
0.20686 0.0344767 -0.977763
0.207757 0.0346262 -0.977567
0.243524 0 -0.969895
0.207888 0 -0.978153
0.207888 0 -0.978153
0.199843 0.0666143 -0.977561
0.198473 0.132315 -0.971134
0.198473 0.132315 -0.971134
0.200069 0.100035 -0.974662
0.200069 0.100035 -0.974662
0.238873 0.0682494 -0.968649
0.204879 0.10244 -0.973412
0.243368 0.0347668 -0.969311
0.243368 0.0347668 -0.969311
0.204756 0.068252 -0.976431
0.203344 0.101672 -0.973814
0.166735 0.100041 -0.980913
0.200824 0.100412 -0.974468
0.199264 0.132843 -0.9709
0.200069 0.100035 -0.974662
0.197614 0.0988069 -0.975288
0.200824 0.100412 -0.974468
0.197503 0.131669 -0.971419
0.234276 0.100404 -0.966971
0.200824 0.100412 -0.974468
0.169466 0.101679 -0.980277
0.169466 0.101679 -0.980277
0.204137 0.102068 -0.973607
0.204137 0.102068 -0.973607
0.170126 0.102076 -0.980121
0.204137 0.102068 -0.973607
0.208603 0.0347672 -0.977382
0.17417 0.069668 -0.982248
0.207557 0.103779 -0.972702
0.208997 0.0696656 -0.975432
0.177524 0.0355047 -0.983476
0.177524 0.0355047 -0.983476
0.139599 0.0348998 -0.989593
0.209396 0.0348993 -0.977208
0.177524 0.0355047 -0.983476
0.177524 0.0355047 -0.983476
0.203344 0.101672 -0.973814
0.198243 0.165203 -0.96613
0.133235 0.0666177 -0.988843
0.0987816 0.0987816 -0.990194
0.0658997 0.131799 -0.989083
0.098361 0.163935 -0.981555
0.0642029 0.192609 -0.979173
0.0655788 0.163947 -0.984287
0.0987732 0.164622 -0.981399
0.099731 0.199462 -0.974817
0.133783 0.167229 -0.976799
0.137255 0.137255 -0.98098
0.134474 0.134474 -0.98175
0.168076 0.134461 -0.976561
0.170824 0.136659 -0.975778
0.176582 0.141266 -0.974096
0.171547 0.102928 -0.979784
0.176524 0.105915 -0.978581
0.174471 0.0348943 -0.984044
0.139319 0.0696594 -0.987794
0.137032 0.0685158 -0.988194
0.174968 0.0699871 -0.982084
0.177962 0.0711847 -0.981459
0.177962 0.0711847 -0.981459
0.141229 0.105922 -0.984294
0.173602 0.104161 -0.979292
0.174968 0.0699871 -0.982084
0.139319 0.0696594 -0.987794
0.13889 0.104167 -0.984814
0.138204 0.103653 -0.984965
0.103658 0.103658 -0.989197
0.138204 0.103653 -0.984965
0.136059 0.136059 -0.981313
0.139894 0.139894 -0.980234
0.169153 0.169153 -0.970966
0.172852 0.138281 -0.975193
0.136879 0.171099 -0.975699
0.14044 0.210659 -0.967419
0.141576 0.247758 -0.958422
0.14044 0.210659 -0.967419
0.168069 0.201683 -0.964923
0.13144 0.23002 -0.964269
0.137545 0.171931 -0.97546
0.135947 0.169934 -0.976033
0.135947 0.169934 -0.976033
0.135947 0.169934 -0.976033
0.136673 0.136673 -0.981143
0.102472 0.102472 -0.989444
0.139319 0.0696594 -0.987794
0.139319 0.0696594 -0.987794
0.17575 0.0702999 -0.981922
0.177962 0.0711847 -0.981459
0.174968 0.0699871 -0.982084
0.174968 0.0699871 -0.982084
0.177383 0.10643 -0.97837
0.174968 0.0699871 -0.982084
0.139578 0.0348945 -0.989596
0.177962 0.0711847 -0.981459
0.143644 0.107733 -0.983748
0.144849 0.0724245 -0.9868
0.145542 0.0727712 -0.986672
0.180445 0.108267 -0.977608
0.145053 0.10879 -0.983425
0.143644 0.107733 -0.983748
0.176582 0.141266 -0.974096
0.139814 0.174768 -0.974632
0.172694 0.172694 -0.969718
0.169153 0.169153 -0.970966
0.172694 0.172694 -0.969718
0.172694 0.172694 -0.969718
0.172694 0.172694 -0.969718
0.13878 0.173475 -0.975011
0.138179 0.172724 -0.97523
0.138941 0.138941 -0.980505
0.138296 0.138296 -0.980688
0.138941 0.138941 -0.980505
0.104215 0.138953 -0.9848
0.070075 0.14015 -0.987647
0 0 0
0 0 0
-0.0339031 0.0678062 -0.997122
-0.0676107 0.101416 -0.992544
-0.0343754 0.103126 -0.994074
-0.0355218 0.142087 -0.989217
-0.0671412 0.134282 -0.988666
-0.0334908 0.234436 -0.971555
-0.0317616 0.158808 -0.986798
-0.100133 0.200266 -0.974611
-0.13656 0.1707 -0.975814
-0.140001 0.140001 -0.980204
-0.1753 0.10518 -0.978881
-0.139841 0.104881 -0.984604
-0.142261 0.0711306 -0.98727
-0.13934 0.06967 -0.987791
-0.173628 0.104177 -0.979286
-0.104113 0.0694087 -0.992141
-0.0692007 0.103801 -0.992188
-0.101671 0.135561 -0.985539
-0.0675144 0.101272 -0.992565
-0.0680594 0.102089 -0.992444
-0.0340303 0.102091 -0.994193
-0.0703045 0.0703045 -0.995045
-0.0691293 0.0691293 -0.99521
-0.0347312 0.104194 -0.99395
-0.0347312 0.104194 -0.99395
0 0 0
-0.034601 0.103803 -0.993996
0 0 0
0 0 0
0 0 0
0 0 0
0.0350444 0.105133 -0.99384
0 0 0
-0.0354882 0.141953 -0.989237
-0.0352885 0.176443 -0.983678
-0.0352885 0.176443 -0.983678
0 0 0
0 0 0
0 0 0
-0.0352885 0.176443 -0.983678
-0.0343195 0.137278 -0.989938
-0.0345541 0.172771 -0.984356
-0.0358914 0.179457 -0.983111
-0.0347047 0.173523 -0.984218
-0.0694055 0.173514 -0.982383
0 0 0
-0.0358914 0.179457 -0.983111
0 0 0
0 0 0
0 0 0
-0.0352885 0.176443 -0.983678
0 0 0
0 0 0
-0.0354882 0.141953 -0.989237
0 0 0
-0.0352885 0.176443 -0.983678
0 0 0
0 0 0
0 0 0
0 0 0
0 0 0
0 0 0
0.0337813 0.202688 -0.978661
0 0 0
-0.0347305 0.208383 -0.97743
0 0 0
-0.0349635 0.174818 -0.98398
0 0 0
-0.0351303 0.175652 -0.983825
-0.034894 0.209364 -0.977215
-0.0667699 0.233695 -0.970015
-0.033388 0.233716 -0.971731
-0.033388 0.233716 -0.971731
-0.0649306 0.259722 -0.963498
-0.0330761 0.231533 -0.972265
-0.0324688 0.25975 -0.96513
-0.0319877 0.255901 -0.966174
-0.0312564 0.281308 -0.959108
-0.0639689 0.255876 -0.964591
-0.0664651 0.232628 -0.970292
-0.0669495 0.200848 -0.977332
-0.0687545 0.206263 -0.976078
-0.0714493 0.107174 -0.99167
0 0 0
-0.0344775 0.0689551 -0.997024
-0.0670359 0.16759 -0.983575
-0.0335195 0.167598 -0.985285
-0.0329594 0.197756 -0.979697
0 0 0
0 0 0
0.0343754 0.103126 -0.994074
0 0 0
0 0 0
0.0326509 0.130603 -0.990897
0 0 0
0.0332916 0.0998747 -0.994443
0.0322705 0.0968115 -0.994779
0.0327735 0.0983205 -0.994615
0.0657235 0.0657235 -0.995671
0.066582 0.099873 -0.99277
0.0663241 0.132648 -0.988942
0.0676494 0.101474 -0.992535
0.0678446 0.0678446 -0.995386
0.0693159 0.0693159 -0.995184
0.0346582 0.0693165 -0.996992
0.0346582 0.0693165 -0.996992
0.101983 0.101983 -0.989545
0.0679906 0.101986 -0.99246
0.0723416 0.144683 -0.98683
0.0723416 0.144683 -0.98683
0.0727352 0.14547 -0.986685
0.109095 0.14546 -0.983331
0.109095 0.14546 -0.983331
0.0723416 0.144683 -0.98683
0.0711306 0.142261 -0.98727
0.0718284 0.107743 -0.991581
0.0735917 0.147183 -0.986368
0.105463 0.140617 -0.984431
0.107865 0.179774 -0.977776
0.0679906 0.101986 -0.99246
0.0762164 0.152433 -0.985371
0.0748827 0.149765 -0.985882
0.0367975 0.14719 -0.988424
0.0353657 0.176829 -0.983606
0.0353657 0.176829 -0.983606
0.0355496 0.177748 -0.983434
0 0 0
0.0361543 0.180772 -0.98286
0.0672182 0.100827 -0.992631
0.0672182 0.100827 -0.992631
0.0355667 0.142267 -0.989189
0.0691579 0.138316 -0.987971
0.0687871 0.171968 -0.982698
0.137545 0.171931 -0.97546
0.0990156 0.231036 -0.967894
0.135077 0.202615 -0.969898
0.102967 0.205933 -0.973134
0.0691579 0.138316 -0.987971
0.0351577 0.140631 -0.989438
0.035311 0.105933 -0.993746
0.0351308 0.105392 -0.99381
0.0699571 0.139914 -0.987689
0.0349798 0.139919 -0.989545
0.0345545 0.103664 -0.994012
0.067716 0.135432 -0.98847
0.067716 0.135432 -0.98847
0.0688194 0.137639 -0.988089
0.0694506 0.104176 -0.992131
0.0691077 0.103662 -0.992209
0.102776 0.0685172 -0.992342
0.100358 0.100358 -0.989877
0.0658562 0.0987842 -0.992927
0.131784 0.131784 -0.982479
0.102282 0.0681878 -0.992416
0.101983 0.101983 -0.989545
0.0666455 0.133291 -0.988834
0.0663136 0.165784 -0.98393
0.132861 0.0996457 -0.986113
0.0996496 0.0996496 -0.99002
0.100424 0.133899 -0.985894
0.0992263 0.0992263 -0.990105
0.137245 0.102934 -0.985174
0.136624 0.102468 -0.985309
0.104491 0.0696609 -0.992083
0.102472 0.102472 -0.989444
0.104491 0.0696609 -0.992083
0.106262 0.0708416 -0.991811
0.105927 0.105927 -0.988716
0.142886 0.107164 -0.98392
0.141229 0.105922 -0.984294
0.140604 0.140604 -0.980031
0.140604 0.140604 -0.980031
0.140604 0.140604 -0.980031
0.103658 0.103658 -0.989197
0.104929 0.139906 -0.984589
0.139814 0.174768 -0.974632
0.136059 0.136059 -0.981313
0.138296 0.138296 -0.980688
0.142155 0.177694 -0.973764
0.14142 0.176776 -0.974038
0.10535 0.210701 -0.971857
0.107097 0.214195 -0.970902
0.104787 0.209574 -0.972162
0.0700358 0.245125 -0.966958
0.0698675 0.209602 -0.975287
0.0706035 0.211811 -0.974757
0.0721952 0.216586 -0.973591
0.0358853 0.215312 -0.975886
0.0353706 0.247594 -0.968218
-0.0353047 0.211828 -0.976669
-0.0706035 0.211811 -0.974757
-0.0699445 0.174861 -0.982106
-0.0687545 0.206263 -0.976078
-0.103802 0.173004 -0.979436
-0.0676736 0.203021 -0.976833
-0.0666237 0.199871 -0.977554
-0.10215 0.17025 -0.980092
-0.103119 0.206237 -0.973053
-0.136183 0.170229 -0.975949
-0.138182 0.207273 -0.968475
-0.104875 0.174791 -0.979004
-0.10435 0.173917 -0.979216
-0.0692079 0.17302 -0.982484
-0.10215 0.17025 -0.980092
-0.134046 0.167557 -0.976707
-0.102693 0.136924 -0.985244
-0.0695856 0.139171 -0.98782
-0.0687495 0.103124 -0.99229
-0.103658 0.103658 -0.989197
-0.102672 0.17112 -0.979886
-0.064612 0.193836 -0.978904
-0.063873 0.223555 -0.972596
-0.0646333 0.258533 -0.963838
-0.0981642 0.22905 -0.968452
-0.0996825 0.232593 -0.967452
-0.0706035 0.211811 -0.974757
-0.03551 0.21306 -0.976394
-0.0719173 0.179793 -0.981072
-0.107865 0.179774 -0.977776
-0.106631 0.177719 -0.978287
-0.105495 0.14066 -0.984421
-0.105505 0.175842 -0.978748
-0.104907 0.174845 -0.978991
-0.105034 0.24508 -0.963797
-0.104201 0.208402 -0.972477
-0.0329999 0.165 -0.985741
-0.0714088 0.214226 -0.97417
-0.0753195 0.150639 -0.985715
-0.111001 0.148001 -0.982738
-0.110913 0.110913 -0.987622
-0.0731597 0.146319 -0.986528
-0.0719311 0.143862 -0.98698
-0.106689 0.142252 -0.984064
-0.0707403 0.141481 -0.98741
-0.0707403 0.141481 -0.98741
-0.10608 0.176801 -0.978513
-0.071514 0.178785 -0.981286
-0.107097 0.214195 -0.970902
-0.0723039 0.18076 -0.980866
-0.148715 0.111536 -0.98257
-0.147985 0.147985 -0.977855
-0.0739404 0.184851 -0.979981
-0.115353 0.115353 -0.986604
-0.117523 0.117523 -0.986092
-0.116919 0.116919 -0.986235
-0.11521 0.0768065 -0.990367
-0.154733 0.0386832 -0.987199
-0.150609 0.150609 -0.977054
-0.153032 0.114774 -0.981534
-0.0731108 0.146222 -0.986547
-0.070652 0.141304 -0.987442
-0.0691579 0.138316 -0.987971
-0.0715047 0.143009 -0.987135
-0.104875 0.174791 -0.979004
-0.0679877 0.169969 -0.983101
-0.135638 0.203457 -0.969643
-0.135077 0.202615 -0.969898
-0.0702566 0.175642 -0.981944
-0.070652 0.141304 -0.987442
-0.103731 0.138308 -0.984942
-0.0993068 0.198614 -0.975034
-0.102403 0.170671 -0.979992
-0.070075 0.14015 -0.987647
-0.070075 0.14015 -0.987647
-0.0682742 0.170686 -0.982957
-0.102403 0.170671 -0.979992
-0.0664947 0.199484 -0.977642
-0.105124 0.210248 -0.97198
-0.106893 0.213786 -0.971015
-0.0687871 0.171968 -0.982698
-0.0672611 0.201783 -0.977118
-0.0673678 0.168419 -0.983411
-0.10435 0.173917 -0.979216
-0.103731 0.138308 -0.984942
-0.0694806 0.138961 -0.987857
-0.0345802 0.138321 -0.989784
-0.0345802 0.138321 -0.989784
-0.0676853 0.169213 -0.983253
-0.0662118 0.198635 -0.977834
-0.0339955 0.169978 -0.984861
-0.0666163 0.166541 -0.983782
-0.0329594 0.197756 -0.979697
0 0 0
-0.0351577 0.140631 -0.989438
-0.034794 0.139176 -0.989656
0 0 0
-0.0347885 0.173943 -0.984141
0 0 0
-0.0345802 0.138321 -0.989784
0 0 0
-0.0331081 0.198648 -0.979511
0 0 0
0.0353047 0.211828 -0.976669
0.0358968 0.215381 -0.97587
0.0721482 0.216445 -0.973625
0.104875 0.174791 -0.979004
0.140604 0.140604 -0.980031
0.139814 0.174768 -0.974632
0.169908 0.169908 -0.970702
0.208184 0.208184 -0.955677
0.204962 0.136641 -0.969185
0.20836 0.138907 -0.968138
0.174418 0.104651 -0.979095
0.178197 0.106918 -0.978169
0.17575 0.0702999 -0.981922
0.17575 0.0702999 -0.981922
0.209954 0.0699847 -0.975203
0.210892 0.0702973 -0.974978
0.175192 0.105115 -0.978907
0.210892 0.0702973 -0.974978
0.17575 0.0702999 -0.981922
0.17575 0.0702999 -0.981922
0.178197 0.106918 -0.978169
0.178197 0.106918 -0.978169
0.17575 0.0702999 -0.981922
0.175192 0.105115 -0.978907
0.209285 0.104643 -0.972239
0.210214 0.105107 -0.971989
0.178197 0.106918 -0.978169
0.175192 0.105115 -0.978907
0.175192 0.105115 -0.978907
0.178197 0.106918 -0.978169
0.178197 0.106918 -0.978169
0.178197 0.106918 -0.978169
0.209954 0.0699847 -0.975203
0.174968 0.0699871 -0.982084
0.17575 0.0702999 -0.981922
0.178197 0.106918 -0.978169
0.212841 0.106421 -0.971274
0.178711 0.142969 -0.973459
0.178711 0.142969 -0.973459
0.14142 0.176776 -0.974038
0.107097 0.214195 -0.970902
0.138866 0.2083 -0.968157
0.136643 0.204964 -0.969185
0.137264 0.205896 -0.968899
0.136643 0.204964 -0.969185
0.101245 0.236238 -0.966406
0.104286 0.243335 -0.96432
0.0684193 0.239468 -0.968491
0.0706035 0.211811 -0.974757
0.0706035 0.211811 -0.974757
0.0693173 0.24261 -0.967644
0.101457 0.30437 -0.947135
0.0994049 0.298215 -0.949309
0.0634496 0.285523 -0.956269
0.0637632 0.286934 -0.955826
0.0318454 0.254764 -0.966479
0.0323201 0.25856 -0.965454
0.032165 0.25732 -0.965791
0.0661463 0.231512 -0.970581
0.0671734 0.235107 -0.969646
0.0992048 0.231478 -0.967769
0.100744 0.23507 -0.966743
0.0983937 0.262383 -0.959934
0.0983937 0.262383 -0.959934
0.101438 0.270501 -0.957361
0.0693976 0.27759 -0.95819
0.108477 0.253113 -0.961336
0.104656 0.279081 -0.954547
0.0697872 0.279149 -0.957709
0.0352222 0.246555 -0.968488
0 0 0
0 0 0
0.0352222 0.246555 -0.968488
0 0 0
0 0 0
-0.0351246 0.210748 -0.976909
-0.0346058 0.173029 -0.984309
-0.034741 0.208446 -0.977417
-0.0342734 0.239914 -0.970189
-0.0341184 0.238829 -0.970462
-0.1025 0.205 -0.97338
-0.10088 0.20176 -0.974226
-0.104659 0.209319 -0.97223
-0.0687871 0.171968 -0.982698
-0.0687871 0.171968 -0.982698
-0.0334538 0.167269 -0.985344
-0.0679877 0.169969 -0.983101
-0.0334538 0.167269 -0.985344
-0.0339955 0.169978 -0.984861
-0.0338443 0.169222 -0.984997
-0.0341591 0.102477 -0.994149
0 0 0
0.0341591 0.102477 -0.994149
0.0343754 0.103126 -0.994074
0.0335195 0.167598 -0.985285
0.0983949 0.19679 -0.975496
0.0662845 0.198853 -0.977785
0.13183 0.197746 -0.971348
0.133355 0.166694 -0.976949
0.134039 0.134039 -0.981869
0.136177 0.136177 -0.981281
0.136177 0.136177 -0.981281
0.136177 0.136177 -0.981281
0.0979092 0.195818 -0.97574
0.128593 0.257186 -0.957768
0.13051 0.26102 -0.95647
0.16782 0.234948 -0.957411
0.166055 0.232477 -0.958321
0.160693 0.160693 -0.973836
0.165452 0.198542 -0.966026
0.169153 0.169153 -0.970966
0.173657 0.138926 -0.974958
0.140604 0.140604 -0.980031
0.170057 0.136045 -0.975998
0.170057 0.136045 -0.975998
0.140604 0.140604 -0.980031
0.173657 0.138926 -0.974958
0.172852 0.138281 -0.975193
0.176582 0.141266 -0.974096
0.173602 0.104161 -0.979292
0.20836 0.138907 -0.968138
0.140604 0.140604 -0.980031
0.209285 0.104643 -0.972239
0.176524 0.105915 -0.978581
0.175735 0.140588 -0.974347
0.211867 0.141245 -0.967038
0.179542 0.107725 -0.977834
0.209285 0.104643 -0.972239
0.173602 0.104161 -0.979292
0.209285 0.104643 -0.972239
0.173602 0.104161 -0.979292
0.177383 0.10643 -0.97837
0.177383 0.10643 -0.97837
0.176582 0.141266 -0.974096
0.21442 0.142946 -0.966225
0.144659 0.144659 -0.97885
0.14142 0.176776 -0.974038
0.139115 0.173894 -0.974889
0.13599 0.203985 -0.969483
0.166479 0.199775 -0.965595
0.133211 0.199817 -0.970736
0.0664651 0.232628 -0.970292
0.033477 0.200862 -0.979047
0.0343798 0.206279 -0.977889
-0.0695733 0.173933 -0.982297
-0.0346058 0.173029 -0.984309
-0.0344157 0.172079 -0.984482
-0.0338734 0.169367 -0.984971
-0.0336614 0.201969 -0.978813
0 0 0
0 0 0
0 0 0
0 0 0
0 0 0
0 0 0
0 0 0
0 0 0
0 0 0
0 0 0
0 0 0
0 0 0
0 0 0
0 0 0
0 0 0
0 0 0
0.0353326 0.176663 -0.983637
0.0350922 0.210553 -0.976952
0 0 0
-0.0338583 0.237008 -0.970917
-0.0336421 0.235495 -0.971293
-0.0343795 0.240657 -0.970001
-0.0343795 0.240657 -0.970001
-0.0718245 0.179561 -0.981121
-0.0697399 0.20922 -0.975379
-0.0691927 0.242175 -0.967762
-0.101382 0.202765 -0.973965
-0.0660921 0.231323 -0.97063
-0.104201 0.208402 -0.972477
-0.0680976 0.136195 -0.988339
-0.0699445 0.174861 -0.982106
-0.0351738 0.175869 -0.983785
-0.0699445 0.174861 -0.982106
-0.0688278 0.172069 -0.982677
-0.0681058 0.170264 -0.983042
-0.0677435 0.169359 -0.983223
-0.033477 0.200862 -0.979047
-0.033272 0.266176 -0.96335
-0.0337473 0.236231 -0.971111
0 0 0
0.0324736 0.194841 -0.980297
0 0 0
0.0333467 0.166734 -0.985438
0.0333467 0.166734 -0.985438
0.0344157 0.172079 -0.984482
0 0 0
0.034234 0.136936 -0.989988
0 0 0
0.0336905 0.134762 -0.990305
0.0336905 0.134762 -0.990305
0.0341891 0.102567 -0.994138
0.0336905 0.134762 -0.990305
0.0338253 0.101476 -0.994263
0.0683769 0.102565 -0.992373
0.0340499 0.1362 -0.990096
0.033515 0.13406 -0.990406
0.033515 0.13406 -0.990406
0.0326638 0.163319 -0.986032
0.0326638 0.163319 -0.986032
0.0653247 0.163312 -0.984409
0.0322995 0.193797 -0.98051
0.0320047 0.160024 -0.986594
0.0318257 0.190954 -0.981083
0.0324866 0.162433 -0.986185
0.067716 0.135432 -0.98847
0.0344007 0.137603 -0.98989
0 0 0
0 0 0
-0.0353326 0.176663 -0.983637
-0.0703345 0.140669 -0.987555
-0.0344157 0.172079 -0.984482
0 0 0
0 0 0
-0.0331674 0.165837 -0.985595
-0.0684656 0.136931 -0.988212
-0.0691993 0.138399 -0.987956
-0.0695856 0.139171 -0.98782
-0.0694925 0.104239 -0.992122
-0.0346009 0.138403 -0.989771
-0.0343754 0.103126 -0.994074
-0.0349426 0.104828 -0.993876
-0.0695856 0.139171 -0.98782
-0.034794 0.139176 -0.989656
-0.0349426 0.104828 -0.993876
-0.0351686 0.140674 -0.989431
-0.0355496 0.177748 -0.983434
-0.0355496 0.177748 -0.983434
0 0 0
0 0 0
0 0 0
0 0 0
0 0 0
0 0 0
-0.0349742 0.174871 -0.98397
0 0 0
-0.0346058 0.173029 -0.984309
-0.0344157 0.172079 -0.984482
-0.0341934 0.205161 -0.978131
-0.0338734 0.169367 -0.984971
0 0 0
0 0 0
0 0 0
0.0342187 0.171094 -0.98466
0 0 0
0 0 0
0.035322 0.105966 -0.993742
0.0678446 0.0678446 -0.995386
0.0670359 0.16759 -0.983575
0.0338591 0.135436 -0.990207
0.0684656 0.136931 -0.988212
0.106577 0.106577 -0.988576
0.0712801 0.0712801 -0.994906
0.0712801 0.0712801 -0.994906
0.0357086 0.0357086 -0.998724
0.0357086 0.0357086 -0.998724
0.0690784 0.0345392 -0.997013
0.0690784 0.0345392 -0.997013
0.0698322 0.0349161 -0.996948
0.0700991 0.0700991 -0.995074
0.0702293 0.0351146 -0.996913
0.0678446 0.0678446 -0.995386
0.101471 0.101471 -0.98965
0.0689545 0.0689545 -0.995234
0.0689545 0.0689545 -0.995234
0.0693159 0.0693159 -0.995184
0.0693159 0.0693159 -0.995184
0.0702601 0.10539 -0.991946
0.105386 0.105386 -0.988831
0.0704789 0.0704789 -0.99502
0.0698838 0.104826 -0.992032
0.0704789 0.0704789 -0.99502
0.0691077 0.103662 -0.992209
0.103972 0.0693149 -0.992162
0.0345545 0.103664 -0.994012
0.0689545 0.0689545 -0.995234
0.0346582 0.0693165 -0.996992
0.0702601 0.10539 -0.991946
0.106577 0.106577 -0.988576
0.10343 0.0689535 -0.992244
0.0361312 0.108394 -0.993451
0 0 0
-0.0714493 0.107174 -0.99167
-0.0360315 0.0720631 -0.996749
0 0 0
-0.0345545 0.103664 -0.994012
-0.0699571 0.139914 -0.987689
-0.0348894 0.104668 -0.993895
-0.0343146 0.102944 -0.994095
-0.0347415 0.138966 -0.989688
-0.0699571 0.139914 -0.987689
-0.0703128 0.140626 -0.987563
-0.136673 0.136673 -0.981143
-0.167346 0.133877 -0.976766
-0.168765 0.101259 -0.980441
-0.134474 0.134474 -0.98175
-0.0996496 0.0996496 -0.99002
-0.137245 0.102934 -0.985174
-0.206724 0.103362 -0.972924
-0.200707 0.133805 -0.970471
-0.227455 0.129974 -0.965076
-0.19651 0.163758 -0.96673
-0.236679 0.169057 -0.956767
-0.166694 0.133355 -0.976949
-0.169421 0.135537 -0.976179
-0.167365 0.100419 -0.980768
-0.167365 0.100419 -0.980768
-0.169421 0.135537 -0.976179
-0.172283 0.10337 -0.979609
-0.211911 0.105955 -0.971528
-0.177243 0.106346 -0.978404
-0.175434 0.175434 -0.968734
-0.13706 0.171324 -0.975634
-0.139553 0.139553 -0.980332
-0.141295 0.105971 -0.984279
-0.138317 0.138317 -0.980682
-0.105566 0.105566 -0.988793
-0.107393 0.107393 -0.9884
-0.104673 0.139565 -0.984665
-0.070075 0.14015 -0.987647
-0.0703796 0.105569 -0.991918
-0.105455 0.0703034 -0.991936
-0.106931 0.106931 -0.9885
-0.0703045 0.0703045 -0.995045
-0.0349962 0.0699924 -0.996933
-0.0674097 0.0674097 -0.995446
-0.0336097 0.100829 -0.994336
-0.0337578 0.101273 -0.994286
-0.0353273 0.141309 -0.989335
0 0 0
-0.0354217 0.0708434 -0.996858
0 0 0
0 0 0
0 0 0
0.0338591 0.135436 -0.990207
0.0336905 0.134762 -0.990305
0.0673789 0.134758 -0.988585
0.0338591 0.135436 -0.990207
0.0676853 0.169213 -0.983253
0.0331583 0.165791 -0.985603
0.0336855 0.168428 -0.985138
0.102052 0.13607 -0.985429
0.0334774 0.13391 -0.990428
0.0337578 0.101273 -0.994286
0.0336097 0.100829 -0.994336
0.0689551 0.0344775 -0.997024
0.0683486 0 -0.997661
0.0341543 0.0341543 -0.998833
0.0647094 0.0647094 -0.995804
0.0995015 0.0663344 -0.992824
0.065119 0.0976785 -0.993085
0.0961714 0.0961714 -0.990708
0.0638458 0.0957686 -0.993354
0.0660362 0.0660362 -0.99563
0.0992263 0.0992263 -0.990105
0.0663352 0.0663352 -0.99559
0.135412 0.0677062 -0.988473
0.0686396 0.0343198 -0.997051
0.0674097 0.0674097 -0.995446
0.103246 0.0688309 -0.992271
0.103246 0.0688309 -0.992271
0.103246 0.0688309 -0.992271
0.102939 0.102939 -0.989347
0.0688319 0.0688319 -0.995251
0.102472 0.102472 -0.989444
0.068317 0.102476 -0.992387
0.0694506 0.104176 -0.992131
0.0699571 0.139914 -0.987689
0.0699231 0.174808 -0.982117
0.0715047 0.143009 -0.987135
0.0691579 0.138316 -0.987971
0.0699231 0.174808 -0.982117
0.0345802 0.138321 -0.989784
0.0336855 0.168428 -0.985138
0.0344108 0.137643 -0.989884
0.0342287 0.171144 -0.984651
0.0347885 0.173943 -0.984141
0.0706035 0.211811 -0.974757
0.0684539 0.171135 -0.982867
0.0344108 0.137643 -0.989884
0.101519 0.169199 -0.980339
0.0342287 0.171144 -0.984651
0.0342287 0.171144 -0.984651
0.0683419 0.205026 -0.976368
0.0683419 0.205026 -0.976368
0.0683419 0.205026 -0.976368
0.0691127 0.207338 -0.975825
0.03401 0.20406 -0.978367
0.1025 0.205 -0.97338
0.0691127 0.207338 -0.975825
0.0342287 0.171144 -0.984651
0.0684656 0.136931 -0.988212
0 0 0
0 0 0
-0.0361425 0.180712 -0.982872
0 0 0
-0.0363628 0.181814 -0.98266
0 0 0
-0.0363628 0.181814 -0.98266
-0.0363628 0.181814 -0.98266
-0.0365814 0.146326 -0.98856
0 0 0
-0.03551 0.21306 -0.976394
-0.0355496 0.177748 -0.983434
0 0 0
0.0351738 0.175869 -0.983785
0.0341934 0.205161 -0.978131
0.033477 0.200862 -0.979047
0.033477 0.200862 -0.979047
-0.0341934 0.205161 -0.978131
0 0 0
0 0 0
0 0 0
0 0 0
-0.0324178 0.226925 -0.973373
-0.03291 0.23037 -0.972546
0 0 0
-0.0321235 0.256988 -0.96588
-0.033272 0.266176 -0.96335
-0.0340689 0.238482 -0.970549
-0.0346 0.2422 -0.969609
0 0 0
-0.0358853 0.215312 -0.975886
0 0 0
-0.0362671 0.181335 -0.982752
-0.0368722 0.184361 -0.982167
-0.0362671 0.181335 -0.982752
0 0 0
0 0 0
0 0 0
0 0 0
-0.034647 0.207882 -0.97754
-0.033552 0.234864 -0.971449
0 0 0
0 0 0
-0.0332864 0.199718 -0.979288
0 0 0
0 0 0
0 0 0
-0.0347415 0.138966 -0.989688
0 0 0
0 0 0
0 0 0
0 0 0
-0.0333795 0.100139 -0.994413
-0.0327908 0.163954 -0.985923
-0.0330899 0.19854 -0.979534
-0.0336619 0.134647 -0.990322
0.0339959 0.101988 -0.994205
0 0 0
0.0649432 0.19483 -0.978685
0.0322995 0.193797 -0.98051
0.0653247 0.163312 -0.984409
0.0680976 0.136195 -0.988339
0.0680976 0.136195 -0.988339
0.0691993 0.138399 -0.987956
0.103121 0.103121 -0.989309
0.104372 0.139163 -0.984754
0.104822 0.104822 -0.988951
0.0697042 0.0697042 -0.995129
0.10343 0.0689535 -0.992244
0.101403 0.0338011 -0.994271
0.101766 0.0678437 -0.992492
0.101944 0.0339812 -0.99421
0.0687003 0.0343502 -0.997046
0.0685785 0.0685785 -0.995286
0.0687003 0.0343502 -0.997046
0.0998702 0.0998702 -0.989976
0.0681888 0.0681888 -0.995339
0.0681888 0.0681888 -0.995339
0.0693159 0.0693159 -0.995184
0.0681888 0.0681888 -0.995339
0.102776 0.0685172 -0.992342
0.101983 0.101983 -0.989545
0.0693159 0.0693159 -0.995184
0.0698838 0.104826 -0.992032
0.106577 0.106577 -0.988576
0.103802 0.173004 -0.979436
0.103802 0.173004 -0.979436
0.0699445 0.174861 -0.982106
0.0710949 0.177737 -0.981507
0.0727112 0.145422 -0.986694
0.107725 0.179542 -0.977834
0.0688278 0.172069 -0.982677
0.0674881 0.236208 -0.969356
0.0665684 0.199705 -0.977592
0.0976561 0.227864 -0.968783
0.0963441 0.256918 -0.961619
0.0949713 0.253257 -0.962726
0.0936328 0.249687 -0.963789
0.125474 0.250949 -0.959834
0.127077 0.222384 -0.966642
0.098888 0.197776 -0.975247
0.0662845 0.198853 -0.977785
0.136913 0.136913 -0.981076
0.102693 0.136924 -0.985244
0.134741 0.134741 -0.981677
0.100028 0.166713 -0.980919
0.0666903 0.166726 -0.983745
0.102693 0.136924 -0.985244
0.102693 0.136924 -0.985244
0.102141 0.136188 -0.985404
0.102141 0.136188 -0.985404
0.0680976 0.136195 -0.988339
0.102141 0.136188 -0.985404
0.100028 0.166713 -0.980919
0.103233 0.172054 -0.979663
0.0700358 0.245125 -0.966958
0.105253 0.210506 -0.97191
0.104412 0.243629 -0.964232
0.106961 0.213922 -0.970977
0.0708578 0.212573 -0.974573
0.068752 0.240632 -0.968178
0.0338583 0.237008 -0.970917
0.0665361 0.266145 -0.961634
0.0669167 0.267667 -0.961185
0.033049 0.231343 -0.972311
0.0665361 0.266145 -0.961634
0.0665361 0.266145 -0.961634
0.0665361 0.266145 -0.961634
0.0670978 0.234842 -0.969715
0.0685397 0.239889 -0.968378
0.0665361 0.266145 -0.961634
0.0691927 0.242175 -0.967762
0.0690714 0.207214 -0.975854
0.0691927 0.242175 -0.967762
0.0665361 0.266145 -0.961634
0.0651131 0.227896 -0.971506
0.0962271 0.22453 -0.969704
0.0989341 0.16489 -0.981337
0.100461 0.167435 -0.980751
0.0994266 0.132569 -0.986174
0.105905 0.141207 -0.984299
0.104215 0.138953 -0.9848
0.101569 0.135425 -0.985568
0.101043 0.168406 -0.980525
0.101569 0.135425 -0.985568
0.101983 0.101983 -0.989545
0.09949 0.165817 -0.981125
0.0960039 0.160007 -0.982436
0.125425 0.188137 -0.974101
0.0935871 0.187174 -0.977859
0.0922615 0.184523 -0.978488
0.125425 0.188137 -0.974101
0.12867 0.160837 -0.978558
0.0960039 0.160007 -0.982436
0.0640069 0.160017 -0.985037
0.0950836 0.158473 -0.982774
0.100938 0.100938 -0.989759
0.0383057 0.114917 -0.992636
0.0676025 0.0338013 -0.99714
0.067028 0.134056 -0.988704
0.0653247 0.163312 -0.984409
0.0646486 0.129297 -0.989496
0.0653247 0.163312 -0.984409
0.0326422 0.130569 -0.990902
0.0656419 0.131284 -0.989169
0.0656419 0.131284 -0.989169
0.0658919 0.0988378 -0.99292
0.100938 0.100938 -0.989759
0.135289 0.101467 -0.985597
0.137488 0.103116 -0.985121
0.164939 0.164939 -0.972415
0.164116 0.164116 -0.972693
0.164939 0.164939 -0.972415
0.100537 0.134049 -0.985862
0.102562 0.102562 -0.989425
0.102562 0.102562 -0.989425
0.0659894 0.131979 -0.989054
0.0659894 0.131979 -0.989054
0.100938 0.100938 -0.989759
0.0672943 0.100941 -0.992614
0.100938 0.100938 -0.989759
0.067028 0.134056 -0.988704
0.0680976 0.136195 -0.988339
0.103193 0.13759 -0.985099
0.0691993 0.138399 -0.987956
0.101569 0.135425 -0.985568
0.103233 0.172054 -0.979663
0.0673182 0.201955 -0.977079
0.0683818 0.205145 -0.97634
0.0339362 0.237554 -0.970781
0.103594 0.207187 -0.972801
0.0699445 0.174861 -0.982106
0.0695312 0.173828 -0.982318
0.0690714 0.207214 -0.975854
0.0343292 0.205975 -0.977955
0.0685397 0.239889 -0.968378
0.100355 0.267612 -0.958286
0.0665361 0.266145 -0.961634
0.0665361 0.266145 -0.961634
0.0675432 0.270173 -0.96044
0.0685772 0.274309 -0.959193
0.0678991 0.305546 -0.949753
0.0675561 0.33778 -0.938797
0.0683036 0.307366 -0.949137
0.0683267 0.273307 -0.959497
0.0662709 0.265083 -0.961945
0.0998949 0.266386 -0.958676
0.0678658 0.23753 -0.969007
0.0987071 0.230316 -0.968097
0.0680151 0.204045 -0.976596
0.134484 0.201726 -0.970165
0.132388 0.198583 -0.971102
0.135343 0.169179 -0.976248
0.136059 0.136059 -0.981313
0.103658 0.103658 -0.989197
0.103972 0.0693149 -0.992162
0.103972 0.0693149 -0.992162
0.101983 0.101983 -0.989545
0.102472 0.102472 -0.989444
0.133889 0.133889 -0.98191
0.134427 0.10082 -0.985781
0.137032 0.0685158 -0.988194
0.104491 0.0696609 -0.992083
0.139319 0.0696594 -0.987794
0.137032 0.0685158 -0.988194
0.139319 0.0696594 -0.987794
0.174471 0.0348943 -0.984044
0.173602 0.104161 -0.979292
0.17185 0.10311 -0.979712
0.176803 0.141442 -0.97403
0.207499 0.172916 -0.962831
0.240352 0.206016 -0.948572
0.24202 0.172871 -0.954747
0.208592 0.173826 -0.962431
0.208592 0.173826 -0.962431
0.207499 0.172916 -0.962831
0.240352 0.206016 -0.948572
0.207499 0.172916 -0.962831
0.172952 0.172952 -0.969626
0.172955 0.138364 -0.975162
0.208675 0.139116 -0.96804
0.205321 0.136881 -0.969075
0.198492 0.198492 -0.959793
0.201628 0.201628 -0.958484
0.198492 0.198492 -0.959793
0.168361 0.168361 -0.971241
0.167532 0.167532 -0.971528
0.130526 0.19579 -0.97192
0.170452 0.238633 -0.956034
0.133211 0.199817 -0.970736
0.174567 0.20948 -0.962104
0.141459 0.141459 -0.979785
0.141978 0.212967 -0.966689
0.0688194 0.137639 -0.988089
0.103119 0.206237 -0.973053
0.0340546 0.170273 -0.984808
0 0 0
0.0337473 0.236231 -0.971111
0 0 0
0.0332355 0.232649 -0.971993
0 0 0
0 0 0
0 0 0
0 0 0
-0.0353053 0.141221 -0.989348
-0.0697774 0.104666 -0.992057
-0.0348894 0.104668 -0.993895
-0.0343349 0.103005 -0.994088
-0.0340947 0.0681893 -0.99709
0 0 0
-0.0329465 0.0988394 -0.994558
-0.0337963 0.101389 -0.994273
-0.0337963 0.101389 -0.994273
-0.0339959 0.101988 -0.994205
-0.0672943 0.100941 -0.992614
-0.0329999 0.165 -0.985741
-0.033163 0.132652 -0.990608
0 0 0
0 0 0
0.0349426 0.104828 -0.993876
0 0 0
0 0 0
0 0 0
-0.0347469 0.104241 -0.993945
0.0338591 0.135436 -0.990207
0 0 0
0 0 0
0 0 0
0 0 0
-0.0345545 0.103664 -0.994012
-0.0338591 0.135436 -0.990207
0 0 0
0 0 0
0 0 0
0 0 0
0 0 0
0.0329508 0.131803 -0.990728
0 0 0
0 0 0
0.0341739 0.136696 -0.990023
0 0 0
0 0 0
0 0 0
0.0333237 0.133295 -0.990516
0 0 0
0 0 0
0.0339959 0.101988 -0.994205
0 0 0
0.033163 0.132652 -0.990608
0 0 0
0.0339959 0.101988 -0.994205
0.0339959 0.101988 -0.994205
0.068317 0.102476 -0.992387
0.068317 0.102476 -0.992387
0.0339959 0.101988 -0.994205
0.0339959 0.101988 -0.994205
0.068317 0.102476 -0.992387
0.068317 0.102476 -0.992387
0.0339959 0.101988 -0.994205
0 0 0
0.0351577 0.140631 -0.989438
0.0343754 0.103126 -0.994074
0.034794 0.139176 -0.989656
0.0351738 0.175869 -0.983785
0.0703435 0.175859 -0.981899
0.034794 0.139176 -0.989656
0.034559 0.207354 -0.977655
0.034559 0.207354 -0.977655
0.034559 0.207354 -0.977655
0 0 0
0.0353657 0.176829 -0.983606
0.0694556 0.208367 -0.975581
0.0694556 0.208367 -0.975581
0.0692079 0.17302 -0.982484
0.104169 0.208339 -0.972493
0.0694556 0.208367 -0.975581
0.101607 0.169345 -0.980305
0.134598 0.201897 -0.970114
0.167879 0.201455 -0.965004
0.238558 0.170399 -0.956062
0.200106 0.166755 -0.965479
0.171928 0.171928 -0.969991
0.207716 0.173097 -0.962752
0.178677 0.178677 -0.967548
0.106296 0.177161 -0.978425
0.143514 0.143514 -0.979187
0.106909 0.142545 -0.983998
0.107021 0.178368 -0.978126
0.103647 0.172746 -0.979498
0.102313 0.170522 -0.980028
0.138099 0.207149 -0.968513
0.100631 0.234805 -0.966819
0.068027 0.170067 -0.983082
0.070661 0.176652 -0.981734
0.0710949 0.177737 -0.981507
0.0722472 0.144494 -0.986865
0.0734675 0.146935 -0.986414
0.0361425 0.180712 -0.982872
0.0340546 0.170273 -0.984808
0.0344157 0.172079 -0.984482
0.0353657 0.176829 -0.983606
0.034234 0.136936 -0.989988
-0.0342287 0.171144 -0.984651
-0.103731 0.138308 -0.984942
-0.106454 0.141938 -0.984135
-0.140747 0.10556 -0.984402
-0.105127 0.105127 -0.988886
-0.103381 0.103381 -0.989255
-0.068628 0.102942 -0.992317
-0.0683456 0.136691 -0.988253
-0.0697774 0.104666 -0.992057
-0.102949 0.137266 -0.98517
-0.0683456 0.136691 -0.988253
-0.068628 0.102942 -0.992317
-0.100758 0.16793 -0.980636
-0.0700873 0.105131 -0.991986
-0.0694806 0.138961 -0.987857
-0.0687871 0.171968 -0.982698
-0.104169 0.208339 -0.972493
-0.034894 0.209364 -0.977215
-0.0691045 0.172761 -0.982537
-0.035049 0.210294 -0.97701
-0.0349635 0.174818 -0.98398
-0.0338443 0.169222 -0.984997
-0.0329594 0.197756 -0.979697
-0.0340546 0.170273 -0.984808
0 0 0
0 0 0
0 0 0
0 0 0
0 0 0
0 0 0
-0.0355496 0.177748 -0.983434
0 0 0
-0.0344157 0.172079 -0.984482
0.0346058 0.173029 -0.984309
0 0 0
0 0 0
0 0 0
0 0 0
0 0 0
-0.0336329 0.201797 -0.97885
0 0 0
0.033515 0.13406 -0.990406
0.0656419 0.131284 -0.989169
0.0320047 0.160024 -0.986594
0.0627258 0.188177 -0.98013
0.0969685 0.129291 -0.986854
0.0984934 0.164156 -0.981505
0.100028 0.166713 -0.980919
0.0680976 0.136195 -0.988339
0.0683769 0.102565 -0.992373
0.103121 0.103121 -0.989309
0.0689545 0.0689545 -0.995234
0.0698838 0.104826 -0.992032
0.104822 0.104822 -0.988951
0.104822 0.104822 -0.988951
0.137488 0.103116 -0.985121
0.139756 0.104817 -0.984623
0.104372 0.139163 -0.984754
0.139151 0.139151 -0.980446
0.105386 0.105386 -0.988831
0.139756 0.104817 -0.984623
0.139756 0.104817 -0.984623
0.139756 0.104817 -0.984623
0.106577 0.106577 -0.988576
0.139151 0.139151 -0.980446
0.10596 0.10596 -0.988709
0.10596 0.10596 -0.988709
0.0711306 0.142261 -0.98727
0.143839 0.143839 -0.979092
0.0735917 0.147183 -0.986368
0.109059 0.145412 -0.983342
0.109059 0.145412 -0.983342
0.0727112 0.145422 -0.986694
0.109059 0.145412 -0.983342
0.109059 0.145412 -0.983342
0.109059 0.145412 -0.983342
0.10725 0.143 -0.983895
0.146294 0.146294 -0.978364
0.106631 0.177719 -0.978287
0.10726 0.178766 -0.978028
0.0703435 0.175859 -0.981899
0.0703435 0.175859 -0.981899
0.105505 0.175842 -0.978748
0.0676736 0.203021 -0.976833
0.0661463 0.231512 -0.970581
0.0664651 0.232628 -0.970292
0.0672847 0.269139 -0.960748
0.0672847 0.269139 -0.960748
0.0329999 0.165 -0.985741
0 0 0
-0.035725 0.178625 -0.983268
-0.0723039 0.18076 -0.980866
-0.035725 0.178625 -0.983268
-0.0730232 0.182558 -0.98048
-0.0730232 0.182558 -0.98048
-0.0730232 0.182558 -0.98048
-0.0362614 0.145046 -0.98876
-0.0363388 0.181694 -0.982683
-0.0361015 0.144406 -0.98886
-0.035725 0.178625 -0.983268
0 0 0
0 0 0
0 0 0
-0.0358914 0.179457 -0.983111
0 0 0
0 0 0
0 0 0
0 0 0
0.0363388 0.181694 -0.982683
0 0 0
0 0 0
0 0 0
-0.0336329 0.201797 -0.97885
-0.0337813 0.202688 -0.978661
-0.0703846 0.211154 -0.974915
-0.0343195 0.137278 -0.989938
-0.0350444 0.105133 -0.99384
0 0 0
-0.0353273 0.141309 -0.989335
-0.0353273 0.141309 -0.989335
-0.0712773 0.142555 -0.987217
-0.0720923 0.180231 -0.980979
-0.0712773 0.142555 -0.987217
-0.03564 0.14256 -0.989144
-0.0351905 0.105572 -0.993789
-0.0354882 0.141953 -0.989237
-0.0356459 0.106938 -0.993627
-0.0721901 0.108285 -0.991495
-0.0354828 0.106448 -0.993685
0 0 0
0.0359322 0.143729 -0.988965
0.0353273 0.141309 -0.989335
0 0 0
0 0 0
0 0 0
0 0 0
0.0345545 0.103664 -0.994012
0 0 0
0 0 0
0 0 0
-0.0334774 0.13391 -0.990428
-0.0336238 0.134495 -0.990344
-0.0336238 0.134495 -0.990344
-0.0334538 0.167269 -0.985344
0 0 0
-0.0340203 0.136081 -0.990113
-0.100424 0.133899 -0.985894
-0.0671775 0.167944 -0.983505
-0.0341739 0.136696 -0.990023
-0.0334538 0.167269 -0.985344
-0.032287 0.161435 -0.986355
-0.0321033 0.19262 -0.980748
-0.0319436 0.127774 -0.991289
-0.032287 0.161435 -0.986355
-0.0330903 0.132361 -0.990649
-0.0336238 0.134495 -0.990344
-0.0336238 0.134495 -0.990344
0 0 0
-0.0334774 0.13391 -0.990428
0 0 0
0 0 0
-0.0348313 0.0696625 -0.996962
0 0 0
0 0 0
0 0 0
0 0 0
0 0 0
-0.0340203 0.136081 -0.990113
0 0 0
0.0336238 0.134495 -0.990344
0 0 0
0 0 0
0 0 0
0 0 0
0.0341739 0.136696 -0.990023
0 0 0
-0.0343195 0.137278 -0.989938
0 0 0
0 0 0
-0.0341591 0.102477 -0.994149
-0.0351526 0.0703052 -0.996906
0 0 0
0 0 0
0 0 0
0 0 0
0 0 0
-0.0344621 0.103386 -0.994044
-0.0348894 0.104668 -0.993895
0 0 0
0 0 0
-0.0354882 0.141953 -0.989237
-0.0350444 0.105133 -0.99384
0 0 0
-0.036557 0.146228 -0.988575
-0.0722001 0.1444 -0.986882
-0.0365513 0.0731026 -0.996654
-0.0367232 0.11017 -0.993234
-0.072392 0.072392 -0.994746
-0.0728357 8.91951e-18 -0.997344
-0.0358863 4.39467e-18 -0.999356
-0.0357771 4.38128e-18 -0.99936
-0.0704796 0.0352398 -0.996891
-0.100475 0.0334917 -0.994376
-0.104178 0.034726 -0.993952
-0.137421 1.68287e-17 -0.990513
-0.174898 0.0349795 -0.983965
-0.266667 3.26562e-17 -0.963789
-0.326908 0.0653815 -0.942792
-0.356965 0.129805 -0.925055
-0.402701 0.20135 -0.892911
-0.401582 0.200791 -0.893541
-0.373721 0.203848 -0.904864
-0.377209 0.171459 -0.910118
-0.402244 0.100561 -0.909993
-0.467453 0.133558 -0.873871
-0.499839 0.13329 -0.8558
-0.469796 0.100671 -0.877016
-0.467453 0.133558 -0.873871
-0.477699 0.102364 -0.87254
-0.512861 0.0683815 -0.855744
-0.510849 0.10217 -0.853577
-0.485066 0.103943 -0.868278
-0.511662 0.102332 -0.853071
-0.513685 0.0684914 -0.85524
-0.51233 0.102466 -0.852654
-0.51233 0.102466 -0.852654
-0.512861 0.0683815 -0.855744
-0.547841 0.0684801 -0.833775
-0.47039 0.100798 -0.876683
-0.511662 0.102332 -0.853071
-0.511662 0.102332 -0.853071
-0.500598 0.133493 -0.855325
-0.545575 0.102295 -0.831795
-0.533668 0.133417 -0.835104
-0.545575 0.102295 -0.831795
-0.545575 0.102295 -0.831795
-0.579426 0.102252 -0.808585
-0.478323 0.102498 -0.872182
-0.478323 0.102498 -0.872182
-0.511662 0.102332 -0.853071
-0.468037 0.133725 -0.873533
-0.511662 0.102332 -0.853071
-0.511662 0.102332 -0.853071
-0.500598 0.133493 -0.855325
-0.511662 0.102332 -0.853071
-0.510849 0.10217 -0.853577
-0.510849 0.10217 -0.853577
-0.510849 0.10217 -0.853577
-0.509894 0.101979 -0.854171
-0.544745 0.0680931 -0.835833
-0.581967 0.0684667 -0.810325
-0.530521 0.0663151 -0.845074
-0.552367 0.0974765 -0.827882
-0.530521 0.0663151 -0.845074
-0.569896 0.10057 -0.815539
-0.573003 0.0674121 -0.816776
-0.575447 0.0338498 -0.817138
-0.539393 0.0674242 -0.83935
-0.583331 0.0686272 -0.80933
-0.575036 0.0338256 -0.817429
-0.5156 0.0343734 -0.856139
-0.54995 0.0343719 -0.83449
-0.548563 0.0685703 -0.833293
-0.550519 0.0344075 -0.834113
-0.54953 0.0686912 -0.832646
-0.550927 0.0344329 -0.833843
-0.549126 0.0686408 -0.832916
-0.583331 0.0686272 -0.80933
-0.583331 0.0686272 -0.80933
-0.583331 0.0686272 -0.80933
-0.619266 0.0344037 -0.784427
-0.537785 0.100835 -0.83703
-0.505758 0.0674344 -0.860036
-0.530521 0.0663151 -0.845074
-0.471186 0.100968 -0.876236
-0.384795 0.0699628 -0.920347
-0.337989 0.0337989 -0.940543
-0.234996 0.0335709 -0.971416
-0.172376 0.0689502 -0.982615
-0.138815 0.0694073 -0.987883
-0.101561 0.0677075 -0.992523
-0.102776 0.0685172 -0.992342
-0.0681888 0.0681888 -0.995339
-0.0689545 0.0689545 -0.995234
-0.0344775 0.0689551 -0.997024
-0.0344775 0.0689551 -0.997024
-0.0343502 0.0343502 -0.998819
-0.0336477 0.100943 -0.994323
-0.0344775 0.0689551 -0.997024
0 0 0
-0.0339226 0.0678452 -0.997119
-0.0340947 0.0681893 -0.99709
-0.0340947 0.0681893 -0.99709
-0.0339226 0.0678452 -0.997119
-0.0347209 0.0347209 -0.998794
-0.0340947 0.0681893 -0.99709
-0.0336051 0.0336051 -0.99887
0 0 0
0 0 0
0 0 0
0.0327735 0.0983205 -0.994615
0 0 0
0 0 0
0 0 0
-0.0345545 0.103664 -0.994012
0 0 0
0 0 0
0 0 0
0 0 0
-0.0343754 0.103126 -0.994074
0 0 0
0 0 0
0 0 0
0.0327735 0.0983205 -0.994615
0 0 0
0 0 0
0 0 0
0.0339959 0.101988 -0.994205
0 0 0
0.0344775 0.0689551 -0.997024
0 0 0
0 0 0
0 0 0
0.0339226 0.0678452 -0.997119
0.0339959 0.101988 -0.994205
0.033163 0.132652 -0.990608
0 0 0
0.0355496 0.177748 -0.983434
0 0 0
0 0 0
0 0 0
-0.0354328 0.0708656 -0.996856
-0.0341891 0.102567 -0.994138
-0.0331222 0.0993666 -0.994499
0 0 0
0 0 0
0 0 0
-0.0656671 0.164168 -0.984244
-0.064598 0.129196 -0.989513
-0.0320706 0.128282 -0.991219
-0.032287 0.161435 -0.986355
-0.0324952 0.162476 -0.986177
-0.0639318 0.191795 -0.97935
-0.0999167 0.166528 -0.980961
-0.100863 0.134484 -0.985769
-0.137255 0.137255 -0.98098
-0.135028 0.135028 -0.981598
-0.0669045 0.167261 -0.98364
-0.100758 0.16793 -0.980636
-0.0996595 0.132879 -0.986109
-0.0996595 0.132879 -0.986109
-0.0671775 0.167944 -0.983505
-0.0664429 0.132886 -0.988902
-0.0661787 0.132357 -0.98899
-0.0330903 0.132361 -0.990649
-0.0334538 0.167269 -0.985344
-0.0676853 0.169213 -0.983253
-0.0339955 0.169978 -0.984861
-0.0680385 0.136077 -0.988359
-0.0676853 0.169213 -0.983253
-0.0666163 0.166541 -0.983782
-0.0340203 0.136081 -0.990113
-0.0333097 0.166548 -0.98547
-0.0319677 0.191806 -0.980912
0 0 0
0 0 0
0 0 0
-0.0648304 0.226906 -0.971756
-0.0988611 0.197722 -0.97526
-0.131993 0.230988 -0.963962
-0.171297 0.171297 -0.970214
-0.101144 0.168573 -0.980486
-0.101519 0.169199 -0.980339
-0.101973 0.169955 -0.980162
-0.101144 0.168573 -0.980486
-0.137255 0.137255 -0.98098
-0.101973 0.169955 -0.980162
-0.0683456 0.136691 -0.988253
-0.102052 0.13607 -0.985429
-0.106454 0.141938 -0.984135
-0.108293 0.14439 -0.983577
-0.112158 0.149544 -0.982373
-0.0718615 0.143723 -0.987005
-0.0699231 0.174808 -0.982117
-0.0691579 0.138316 -0.987971
-0.105971 0.141295 -0.984279
-0.104673 0.139565 -0.984665
-0.102807 0.171346 -0.979832
-0.103539 0.172566 -0.979541
-0.0685443 0.171361 -0.982821
-0.0678389 0.203517 -0.976718
-0.0971049 0.226578 -0.96914
-0.101746 0.203492 -0.973776
-0.101746 0.203492 -0.973776
-0.0694055 0.173514 -0.982383
-0.0694055 0.173514 -0.982383
0 0 0
-0.0347047 0.173523 -0.984218
-0.102807 0.171346 -0.979832
-0.105512 0.140682 -0.984417
-0.0674348 0.168587 -0.983377
-0.0686368 0.137274 -0.988152
-0.0348945 0.139578 -0.989596
-0.0341739 0.136696 -0.990023
-0.0333097 0.166548 -0.98547
0 0 0
0.0333097 0.166548 -0.98547
0.0324183 0.162091 -0.986243
0.0661787 0.132357 -0.98899
0.0658537 0.164634 -0.984154
0.0336238 0.134495 -0.990344
0.0333097 0.166548 -0.98547
0.0341739 0.136696 -0.990023
0.0333097 0.166548 -0.98547
0 0 0
0.0333237 0.133295 -0.990516
0.0328042 0.131217 -0.990811
0.0669529 0.133906 -0.98873
0.0341591 0.102477 -0.994149
0.0340203 0.136081 -0.990113
0.034726 0.104178 -0.993952
0.068628 0.102942 -0.992317
0.0697774 0.104666 -0.992057
0.0697774 0.104666 -0.992057
0.0341591 0.102477 -0.994149
0.0348894 0.104668 -0.993895
0.0343146 0.102944 -0.994095
0.0691579 0.138316 -0.987971
0.0348313 0.0696625 -0.996962
0.0694506 0.104176 -0.992131
0.0345545 0.103664 -0.994012
0.0691579 0.138316 -0.987971
0.0694506 0.104176 -0.992131
0.034726 0.104178 -0.993952
0.0694506 0.104176 -0.992131
0.0694506 0.104176 -0.992131
0.0694506 0.104176 -0.992131
0.0694506 0.104176 -0.992131
0.0691579 0.138316 -0.987971
0.0680385 0.136077 -0.988359
0.0680385 0.136077 -0.988359
0.0691579 0.138316 -0.987971
0.0344108 0.137643 -0.989884
0.0683456 0.136691 -0.988253
0.0680385 0.136077 -0.988359
0.0683456 0.136691 -0.988253
0.0680385 0.136077 -0.988359
0.0340203 0.136081 -0.990113
0.0680385 0.136077 -0.988359
0.0687871 0.171968 -0.982698
0.034559 0.207354 -0.977655
0.0343798 0.206279 -0.977889
0.0341184 0.238829 -0.970462
0.0706035 0.211811 -0.974757
0.0688278 0.172069 -0.982677
0.104865 0.13982 -0.984608
0.137579 0.137579 -0.980889
0.101056 0.0673706 -0.992597
0.141133 0.0352833 -0.989362
0.105182 0.0350605 -0.993835
0.0676413 0 -0.99771
0.108746 0.0724977 -0.991422
0.136697 0 -0.990613
0.136697 0 -0.990613
0.169954 0.101973 -0.980162
0.169456 0.0677823 -0.983204
0.136373 0.0681865 -0.988308
0.0688727 0.0688727 -0.995245
0.136373 0.0681865 -0.988308
0.0984583 0.131278 -0.986444
0.0984934 0.164156 -0.981505
0.133843 0.100382 -0.985905
0.100537 0.134049 -0.985862
0.100537 0.134049 -0.985862
0.099991 0.133321 -0.986016
0.0994813 0.132642 -0.986159
0.101063 0.134751 -0.985712
0.101063 0.134751 -0.985712
0.100537 0.134049 -0.985862
0.0984934 0.164156 -0.981505
0.129283 0.129283 -0.983144
0.0965117 0.160853 -0.982248
0.0968831 0.193766 -0.976252
0.095463 0.190926 -0.976951
0.101569 0.135425 -0.985568
0.0675914 0.101387 -0.992548
0.0690871 0.103631 -0.992214
0.0683486 0 -0.997661
0.0683486 0 -0.997661
0.0692951 0.0692951 -0.995187
0.0671149 0.0671149 -0.995485
0.102282 0.0681878 -0.992416
0.0658919 0.0988378 -0.99292
0.0665451 0.0998177 -0.992778
0.066664 0.133328 -0.988827
0.0340499 0.1362 -0.990096
0.0346009 0.138403 -0.989771
0.103793 0.138391 -0.984924
0.103193 0.13759 -0.985099
0.103193 0.13759 -0.985099
0.102573 0.136764 -0.985279
0.136839 0.171049 -0.975714
0.0666903 0.166726 -0.983745
0.164755 0.197706 -0.966317
0.12896 0.22568 -0.965628
0.16116 0.225624 -0.960792
0.133933 0.167416 -0.976746
0.103233 0.172054 -0.979663
0.103233 0.172054 -0.979663
0.103233 0.172054 -0.979663
0.0677435 0.169359 -0.983223
0.133355 0.166694 -0.976949
0.0979092 0.195818 -0.97574
0.0964442 0.192888 -0.976469
0.130526 0.19579 -0.97192
0.162288 0.194745 -0.967335
0.133355 0.166694 -0.976949
0.100537 0.134049 -0.985862
0.131311 0.164138 -0.977658
0.0984934 0.164156 -0.981505
0.0994158 0.198832 -0.974978
0.102141 0.136188 -0.985404
0.101607 0.169345 -0.980305
0.0680976 0.136195 -0.988339
0.132639 0.165799 -0.977199
0.10256 0.20512 -0.973349
0.13546 0.169325 -0.976207
0.136177 0.136177 -0.981281
0.104907 0.174845 -0.978991
0.136839 0.171049 -0.975714
0.105495 0.14066 -0.984421
0.103793 0.138391 -0.984924
0.138379 0.138379 -0.980664
0.140648 0.140648 -0.980019
0.141159 0.211738 -0.967079
0.141159 0.211738 -0.967079
0.145862 0.218793 -0.964808
0.104907 0.174845 -0.978991
0.0688278 0.172069 -0.982677
0.071514 0.178785 -0.981286
0.0694925 0.104239 -0.992122
0.0664266 0.0664266 -0.995578
0.101944 0.0339812 -0.99421
0.137904 0.0689521 -0.988043
0.137904 0.0689521 -0.988043
0.138379 0.138379 -0.980664
0.131963 0.131963 -0.982431
0.134039 0.134039 -0.981869
0.099991 0.133321 -0.986016
0.131269 0.131269 -0.982617
0.131963 0.131963 -0.982431
0.133155 0.0998662 -0.986051
0.131963 0.131963 -0.982431
0.168215 0.100929 -0.98057
0.169102 0.101461 -0.980362
0.167533 0.134027 -0.976714
0.168215 0.100929 -0.98057
0.170204 0.136163 -0.975956
0.17185 0.10311 -0.979712
0.170204 0.136163 -0.975956
0.171123 0.136899 -0.975692
0.170204 0.136163 -0.975956
0.136177 0.136177 -0.981281
0.136743 0.102558 -0.985283
0.136177 0.136177 -0.981281
0.131311 0.164138 -0.977658
0.129324 0.161654 -0.978337
0.130526 0.19579 -0.97192
0.130526 0.19579 -0.97192
0.136177 0.136177 -0.981281
0.0706425 0.105964 -0.991858
0.0706425 0.105964 -0.991858
0.106577 0.106577 -0.988576
0.0691993 0.138399 -0.987956
0.137579 0.137579 -0.980889
0.139031 0.173789 -0.974919
0.104287 0.173812 -0.979241
0.135154 0.20273 -0.969863
0.134145 0.234753 -0.962755
0.137264 0.205896 -0.968899
0.138179 0.172724 -0.97523
0.138049 0.138049 -0.980757
0.135902 0.135902 -0.981357
0.136753 0.136753 -0.98112
0.135189 0.168986 -0.976303
0.168905 0.202686 -0.964567
0.168905 0.202686 -0.964567
0.197657 0.197657 -0.960137
0.197657 0.197657 -0.960137
0.194316 0.226702 -0.954383
0.197254 0.23013 -0.952959
0.197657 0.197657 -0.960137
0.168211 0.201853 -0.964863
0.169251 0.135401 -0.976228
0.136839 0.171049 -0.975714
0.133355 0.166694 -0.976949
0.132534 0.1988 -0.971037
0.169298 0.169298 -0.970915
0.170202 0.170202 -0.970599
0.198709 0.198709 -0.959703
0.20609 0.20609 -0.956585
0.201002 0.167501 -0.965164
0.167532 0.167532 -0.971528
0.16667 0.16667 -0.971824
0.167532 0.167532 -0.971528
0.167532 0.167532 -0.971528
0.163935 0.196722 -0.966657
0.134709 0.168386 -0.976473
0.171071 0.171071 -0.970293
0.202067 0.134711 -0.970063
0.170204 0.136163 -0.975956
0.164939 0.164939 -0.972415
0.134039 0.134039 -0.981869
0.16841 0.134728 -0.976466
0.171123 0.136899 -0.975692
0.166479 0.199775 -0.965595
0.166479 0.199775 -0.965595
0.170202 0.170202 -0.970599
0.166479 0.199775 -0.965595
0.169098 0.202917 -0.964485
0.171071 0.171071 -0.970293
0.20609 0.20609 -0.956585
0.170452 0.238633 -0.956034
0.201311 0.234862 -0.950954
0.17522 0.280352 -0.943769
0.211042 0.246216 -0.945959
0.180368 0.216441 -0.95949
0.175947 0.246325 -0.953083
0.143476 0.215213 -0.96597
0.106961 0.213922 -0.970977
0.071514 0.178785 -0.981286
0.0706035 0.211811 -0.974757
0.0703435 0.175859 -0.981899
0.0680976 0.136195 -0.988339
0.101063 0.134751 -0.985712
0.0988611 0.197722 -0.97526
0.136913 0.136913 -0.981076
0.10201 0.20402 -0.973637
0.103802 0.173004 -0.979436
0.0703345 0.140669 -0.987555
0.0688278 0.172069 -0.982677
0.0681058 0.170264 -0.983042
0.0683818 0.205145 -0.97634
0.0674881 0.236208 -0.969356
0.0336465 0.269172 -0.962504
0.0668258 0.23389 -0.969964
0.0336465 0.269172 -0.962504
0.0672847 0.269139 -0.960748
0.0671734 0.235107 -0.969646
0.102328 0.238765 -0.965671
0.0710139 0.213042 -0.974459
0.107865 0.179774 -0.977776
0.0719173 0.179793 -0.981072
0.0719173 0.179793 -0.981072
0.0710949 0.177737 -0.981507
0.106104 0.141472 -0.98424
0.106104 0.141472 -0.98424
0.071514 0.178785 -0.981286
0.0710139 0.213042 -0.974459
0.0703435 0.175859 -0.981899
0.105505 0.175842 -0.978748
0.107097 0.214195 -0.970902
0.0721952 0.216586 -0.973591
0.108276 0.216552 -0.970248
0.0706035 0.211811 -0.974757
0.0703435 0.175859 -0.981899
0.0710139 0.213042 -0.974459
0.108276 0.216552 -0.970248
0.071514 0.178785 -0.981286
0.0363628 0.181814 -0.98266
0.0357592 0.178796 -0.983236
0.0365814 0.146326 -0.98856
0.0363628 0.181814 -0.98266
0 0 0
0 0 0
0 0 0
0.0351738 0.175869 -0.983785
0.0357592 0.178796 -0.983236
0.0703435 0.175859 -0.981899
0.0357592 0.178796 -0.983236
0.0363628 0.181814 -0.98266
-0.035967 0.143868 -0.988943
-0.0357254 0.107176 -0.993598
-0.0359322 0.143729 -0.988965
-0.0351303 0.175652 -0.983825
-0.0715047 0.143009 -0.987135
-0.0353715 0.141486 -0.989308
-0.035967 0.143868 -0.988943
-0.0355276 0.106583 -0.993669
-0.0355667 0.142267 -0.989189
-0.0349798 0.139919 -0.989545
-0.034234 0.136936 -0.989988
-0.032835 0.164175 -0.985885
0 0 0
0 0 0
0 0 0
-0.0319064 0.223345 -0.974217
0.0322995 0.193797 -0.98051
0 0 0
0 0 0
0 0 0
0.032835 0.164175 -0.985885
0.032835 0.164175 -0.985885
0.033515 0.13406 -0.990406
0.032835 0.164175 -0.985885
0 0 0
0.0335195 0.167598 -0.985285
0 0 0
0 0 0
0.0339959 0.101988 -0.994205
0 0 0
0.033515 0.13406 -0.990406
0.0346009 0.138403 -0.989771
0.0663318 0.165829 -0.983921
0.0331444 0.198866 -0.979466
0.0333467 0.166734 -0.985438
0.09798 0.1633 -0.981699
0.0681058 0.170264 -0.983042
0.0341934 0.205161 -0.978131
0.0347675 0.173838 -0.98416
0.0347675 0.173838 -0.98416
0 0 0
-0.0346009 0.138403 -0.989771
-0.0355276 0.106583 -0.993669
-0.0346058 0.173029 -0.984309
-0.0681058 0.170264 -0.983042
-0.0666237 0.199871 -0.977554
-0.0333141 0.199885 -0.979253
-0.0343798 0.206279 -0.977889
-0.103655 0.207311 -0.972768
-0.103655 0.207311 -0.972768
-0.104169 0.208339 -0.972493
-0.138182 0.207273 -0.968475
-0.104875 0.174791 -0.979004
-0.10088 0.20176 -0.974226
-0.102672 0.17112 -0.979886
-0.0684539 0.171135 -0.982867
-0.06858 0.24003 -0.96834
-0.034559 0.207354 -0.977655
-0.0676396 0.270559 -0.960324
-0.0338392 0.203035 -0.978587
-0.100413 0.200825 -0.974467
-0.102672 0.17112 -0.979886
-0.0681058 0.170264 -0.983042
-0.0684656 0.136931 -0.988212
-0.0328038 0.196823 -0.97989
-0.0340203 0.136081 -0.990113
-0.0338443 0.169222 -0.984997
0 0 0
0 0 0
0 0 0
-0.032835 0.164175 -0.985885
0 0 0
0 0 0
0 0 0
0.0341891 0.102567 -0.994138
0.0341891 0.102567 -0.994138
0.0338253 0.101476 -0.994263
0.0343754 0.103126 -0.994074
0.0343754 0.103126 -0.994074
0.0349426 0.104828 -0.993876
0.0355276 0.106583 -0.993669
0.035967 0.143868 -0.988943
0 0 0
0 0 0
0 0 0
0.0351686 0.140674 -0.989431
0.0710536 0.10658 -0.991762
0.035322 0.105966 -0.993742
0 0 0
0.035322 0.105966 -0.993742
0 0 0
0.0346009 0.138403 -0.989771
0.034794 0.139176 -0.989656
0.034794 0.139176 -0.989656
0.0695856 0.139171 -0.98782
0.0695856 0.139171 -0.98782
0.0695856 0.139171 -0.98782
0.0695856 0.139171 -0.98782
0.0361009 0.216606 -0.975592
0.0710139 0.213042 -0.974459
0.0692079 0.17302 -0.982484
0.0341934 0.205161 -0.978131
0.0346058 0.173029 -0.984309
0.034794 0.139176 -0.989656
0.035322 0.105966 -0.993742
0.0685785 0.0685785 -0.995286
0.0685785 0.0685785 -0.995286
0.0993623 0.0993623 -0.990078
0.132632 0.132632 -0.982251
0.165776 0.13262 -0.977205
0.132632 0.132632 -0.982251
0.132632 0.132632 -0.982251
0.135289 0.101467 -0.985597
0.101766 0.0678437 -0.992492
0.135685 0.0678424 -0.988427
0.135685 0.0678424 -0.988427
0.0674864 0.0674864 -0.995435
0.100938 0.100938 -0.989759
0.100938 0.100938 -0.989759
0.101471 0.101471 -0.98965
0.101471 0.101471 -0.98965
0.101471 0.101471 -0.98965
0.0679906 0.101986 -0.99246
0.101471 0.101471 -0.98965
0.0693159 0.0693159 -0.995184
0.10343 0.0689535 -0.992244
0.10343 0.0689535 -0.992244
0.10343 0.0689535 -0.992244
0.10343 0.0689535 -0.992244
0.103972 0.0693149 -0.992162
0.101471 0.101471 -0.98965
0.100938 0.100938 -0.989759
0.10343 0.0689535 -0.992244
0.101471 0.101471 -0.98965
0.101471 0.101471 -0.98965
0.101471 0.101471 -0.98965
0.067028 0.134056 -0.988704
0.101983 0.101983 -0.989545
0.099991 0.133321 -0.986016
0.0666903 0.166726 -0.983745
0.066664 0.133328 -0.988827
0.0692079 0.17302 -0.982484
-0.033163 0.132652 -0.990608
-0.0326509 0.130603 -0.990897
-0.0990531 0.0660354 -0.992889
-0.0676494 0.101474 -0.992535
-0.064598 0.129196 -0.989513
-0.129741 0.129741 -0.983023
-0.0965659 0.128755 -0.986964
-0.128141 0.160176 -0.978736
-0.0962053 0.128274 -0.987061
-0.0977114 0.130282 -0.98665
-0.0664349 0.0996524 -0.992802
-0.140163 0.105122 -0.984532
-0.104986 0.0699907 -0.992008
-0.104986 0.0699907 -0.992008
-0.104684 0.0348947 -0.993893
-0.0699917 0.0699917 -0.995089
-0.103381 0.103381 -0.989255
-0.101279 0.135038 -0.985651
-0.137835 0.103376 -0.985046
-0.0664349 0.0996524 -0.992802
-0.0338981 0.101694 -0.994238
-0.0658213 0.0658213 -0.995658
-0.0330318 0.0660637 -0.997269
0 0 0
-0.0329109 0.0658217 -0.997289
0.0333101 0.0666203 -0.997222
0.0337628 0.0337628 -0.998859
0.0344162 0.0688325 -0.997034
0.0677084 0.0677084 -0.995405
0.0338545 0.067709 -0.997131
0.0344162 0.0688325 -0.997034
0.0344162 0.0688325 -0.997034
0.0337578 0.101273 -0.994286
0.0337578 0.101273 -0.994286
0.0342593 0.0685187 -0.997061
0.0336097 0.100829 -0.994336
0.0337051 0.0674102 -0.997156
0.0334542 0.100363 -0.994388
0.0650078 0.0650078 -0.995765
0.0330725 0.0330725 -0.998906
0 0 0
0.0329286 0.0987858 -0.994564
0.0326509 0.130603 -0.990897
0.0330769 0.0992306 -0.994515
0.0341591 0.102477 -0.994149
0.0331678 0.0663357 -0.997246
0.0336097 0.100829 -0.994336
0.0342593 0.0685187 -0.997061
0.0347209 0.0347209 -0.998794
0.0694417 0.0347209 -0.996982
0.137361 0 -0.990521
0.174144 0.0696574 -0.982253
0.210359 0.0350598 -0.976995
0.208965 0.069655 -0.975439
0.209285 0.104643 -0.972239
0.206476 0.0688254 -0.976028
0.172385 0.034477 -0.984426
0.140604 0.0703019 -0.987567
0.139978 0.0699891 -0.987678
0.140604 0.0703019 -0.987567
0.139978 0.0699891 -0.987678
0.177962 0.0711847 -0.981459
0.139543 0.104657 -0.98467
0.174418 0.104651 -0.979095
0.174418 0.104651 -0.979095
0.174968 0.0699871 -0.982084
0.20686 0.0344767 -0.977763
0.14087 0.0352176 -0.989401
0.172491 0 -0.985011
0.173133 0.0346265 -0.98429
0.210494 0 -0.977595
0.204326 0.0340543 -0.97831
0.241487 0 -0.970404
0.242536 0 -0.970143
0.246516 0.0352166 -0.968499
0.211302 0.035217 -0.976786
0.211302 0.035217 -0.976786
0.250962 0 -0.967997
0.245416 0.0350594 -0.968784
0.211302 0.035217 -0.976786
0.207888 0 -0.978153
0.243524 0 -0.969895
0.211302 0.035217 -0.976786
0.211302 0.035217 -0.976786
0.211439 0 -0.977391
0.246516 0.0352166 -0.968499
0.211439 0 -0.977391
0.176199 0 -0.984354
0.211302 0.035217 -0.976786
0.176087 0.0352173 -0.983744
0.202503 0.101252 -0.974033
0.205841 0.10292 -0.973158
0.202212 0.0674039 -0.97702
0.23695 0.0676999 -0.96916
0.201616 0.100808 -0.974263
0.170462 0.0681848 -0.983002
0.169102 0.101461 -0.980362
0.133275 0.133275 -0.982077
0.132297 0.0992225 -0.986231
0.131704 0.0987778 -0.986355
0.200791 0.133861 -0.970445
0.169954 0.101973 -0.980162
0.138882 0.0347206 -0.9897
0.174144 0.0696574 -0.982253
0.138627 0.0693134 -0.987916
0.170462 0.0681848 -0.983002
0.17077 0.102462 -0.979969
0.204909 0.102454 -0.973404
0.204042 0.136028 -0.969465
0.204909 0.102454 -0.973404
0.169954 0.101973 -0.980162
0.169954 0.101973 -0.980162
0.169251 0.135401 -0.976228
0.138204 0.103653 -0.984965
0.169251 0.135401 -0.976228
0.169251 0.135401 -0.976228
0.205321 0.136881 -0.969075
0.168361 0.168361 -0.971241
0.13762 0.13762 -0.980878
0.139115 0.173894 -0.974889
0.103223 0.137631 -0.98509
0.170202 0.170202 -0.970599
0.167532 0.167532 -0.971528
0.167532 0.167532 -0.971528
0.102672 0.17112 -0.979886
0.135414 0.135414 -0.981492
0.103223 0.137631 -0.98509
0.130585 0.130585 -0.9828
0.102693 0.136924 -0.985244
0.0990531 0.0660354 -0.992889
0.133155 0.0998662 -0.986051
0.141459 0.141459 -0.979785
0.134598 0.201897 -0.970114
0.13546 0.169325 -0.976207
0.138385 0.172982 -0.975155
0.102693 0.136924 -0.985244
0.134046 0.167557 -0.976707
0.162772 0.227881 -0.959987
0.174684 0.10481 -0.97903
0.13546 0.169325 -0.976207
0.167292 0.20075 -0.965253
0.134598 0.201897 -0.970114
0.0972322 0.226875 -0.969058
0.130251 0.22794 -0.964924
0.162772 0.227881 -0.959987
0.159888 0.255821 -0.95341
0.127077 0.222384 -0.966642
0.12896 0.22568 -0.965628
0.0987071 0.230316 -0.968097
0.13599 0.203985 -0.969483
0.133211 0.199817 -0.970736
0.134709 0.168386 -0.976473
0.136183 0.170229 -0.975949
0.137545 0.171931 -0.97546
0.102672 0.17112 -0.979886
0.102672 0.17112 -0.979886
0.101782 0.237491 -0.966043
0.0698675 0.209602 -0.975287
-0.0342287 0.171144 -0.984651
-0.0330129 0.231091 -0.972372
-0.0675577 0.202673 -0.976913
-0.101973 0.169955 -0.980162
-0.102949 0.137266 -0.98517
-0.104215 0.138953 -0.9848
-0.0697774 0.104666 -0.992057
-0.103731 0.138308 -0.984942
-0.0697774 0.104666 -0.992057
-0.0697774 0.104666 -0.992057
-0.0697774 0.104666 -0.992057
-0.0336238 0.134495 -0.990344
-0.0333097 0.166548 -0.98547
-0.0666163 0.166541 -0.983782
-0.0336238 0.134495 -0.990344
-0.0341739 0.136696 -0.990023
0 0 0
0 0 0
-0.0341591 0.102477 -0.994149
-0.0340203 0.136081 -0.990113
-0.0340203 0.136081 -0.990113
0 0 0
0 0 0
0 0 0
-0.0344108 0.137643 -0.989884
0 0 0
0 0 0
0 0 0
0 0 0
