59
1 0.0239197 0.0316744 0.0239197 0.0316744
2 0.0784061 0.250427 0.0544864 0.218752
3 0.217452 0.156411 0.139046 -0.0940153
4 0.0545379 0.0533976 -0.162914 -0.103014
5 0.256294 0.141723 0.201756 0.0883249
6 0.0559251 0.0578028 -0.200369 -0.0839197
7 0.049335 0.0261285 -0.00659011 -0.0316743
8 0.239785 0.0811628 0.19045 0.0550344
9 0.0245074 0.0482659 -0.215278 -0.0328969
10 0.280927 0.191344 0.25642 0.143078
11 0.0500394 0.0227009 -0.230888 -0.168643
12 0.0340999 0.0552892 -0.0159395 0.0325882
13 0.0536168 0.0584726 0.0195169 0.00318341
14 0.0650565 0.420116 0.0114397 0.361643
15 0.839443 0.217276 0.774386 -0.202839
16 0.0281351 0.0890983 -0.811308 -0.128178
17 0.0384375 0.11301 0.0103025 0.0239115
18 0.0130241 0.00872613 -0.0254135 -0.104284
19 0.368433 0.177702 0.355409 0.168976
20 0.55054 0.10746 0.182107 -0.070242
21 0.0159579 0.0249995 -0.534582 -0.0824607
22 0.191607 0.0922877 0.175649 0.0672882
23 0.0141614 0.0510911 -0.177446 -0.0411966
24 0.0575218 0.423538 0.0433604 0.372447
25 0.209126 0.470405 0.151604 0.0468671
26 0.0135703 0.0465365 -0.195556 -0.423869
27 0.660613 0.034511 0.647042 -0.0120254
28 0.0228705 0.0261694 -0.637742 -0.00834165
29 0.153232 0.00701827 0.130362 -0.0191511
30 0.0024364 0.300324 -0.150796 0.293306
31 0.0499865 0.0565712 0.0475501 -0.243753
32 0.0129401 0.0216194 -0.0370463 -0.0349518
33 0.005713 0.0558009 -0.00722713 0.0341815
34 0.00769407 0.00162803 0.00198107 -0.0541729
35 0.0033002 0.0187209 -0.00439387 0.0170929
36 0.756589 0.0412451 0.753289 0.0225242
37 0.126701 0.358246 -0.629888 0.317001
38 0.171194 0.0486714 0.0444925 -0.309575
39 0.0584221 0.000218133 -0.112771 -0.0484533
40 0.0165091 0.00743973 -0.0419131 0.0072216
41 0.615087 0.0921292 0.598578 0.0846894
42 0.0319755 0.152576 -0.583112 0.0604464
43 0.00514287 0.0361904 -0.0268327 -0.116385
44 0.783414 0.0711825 0.778271 0.0349921
45 0.0337727 0.170909 -0.749641 0.0997264
46 0.0755012 0.0841911 0.0417285 -0.0867178
47 0.21116 0.268906 0.135659 0.184714
48 0.054676 0.23139 -0.156484 -0.0375156
49 0.183016 0.149199 0.12834 -0.0821906
50 0.000859 0.0152119 -0.182157 -0.133988
51 0.667907 0.267445 0.667048 0.252234
52 0.086877 0.156715 -0.58103 -0.11073
53 0.0960431 0.72204 0.00916609 0.565325
54 0.0115108 0.00069506 -0.0845323 -0.721345
55 0.415816 0.194323 0.404305 0.193628
56 0.653318 0.0550728 0.237502 -0.139251
57 0.577478 0.0715845 -0.0758408 0.0165117
58 0.706861 0.740349 0.129384 0.668765
59 0 0 -0.706861 -0.740349
