50
1 0.97304 0.0861725 0.97304 0.0861725
2 0.614825 0.00338489 -0.358216 -0.0827876
3 0.00926585 0.0304245 -0.605559 0.0270396
4 0.363195 0.0898678 0.353929 0.0594433
5 0.00110227 0.00592613 -0.362093 -0.0839417
6 0.0203481 0.0630933 0.0192458 0.0571671
7 0.0652503 0.143704 0.0449023 0.0806109
8 0.419616 0.0758951 0.354365 -0.0678091
9 0.039853 0.0424761 -0.379763 -0.0334189
10 0.0981932 0.0187813 0.0583402 -0.0236949
11 0.104137 0.0250572 0.00594407 0.00627593
12 0.0141624 0.0411364 -0.0899749 0.0160792
13 0.0421628 0.043898 0.0280004 0.0027616
14 0.00143667 0.00413353 -0.0407261 -0.0397645
15 0.0462179 0.0108846 0.0447813 0.00675103
16 0.0582132 0.0678162 0.0119953 0.0569316
17 0.0255461 0.00470007 -0.0326671 -0.0631161
18 0.148353 0.608004 0.122807 0.603304
19 0.0451965 0.00354613 -0.103157 -0.604458
20 0.043256 0.00595247 -0.00194051 0.00240633
21 0.0150018 0.00683147 -0.0282542 0.000879
22 0.0370854 0.0002522 0.0220836 -0.00657927
23 0.33264 0.285678 0.295555 0.285426
24 0.00175513 0.0388419 -0.330885 -0.246836
25 0.00993673 0.0263185 0.0081816 -0.0125235
26 0.0044184 0.0800347 -0.00551833 0.0537162
27 0.375877 0.0565843 0.371459 -0.0234504
28 0.150681 0.00459667 -0.225197 -0.0519876
29 0.0379328 0.097981 -0.112748 0.0933843
30 0.0823515 0.116304 0.0444187 0.0183226
31 0.00998829 0.403687 -0.0723632 0.287384
32 0.00985398 0.0150677 -0.000134313 -0.388619
33 0.0166207 0.00793247 0.00676674 -0.0071352
34 0.00385141 0.307864 -0.0127693 0.299932
35 0.123279 0.820199 0.119428 0.512334
36 0.000564067 0.00208507 -0.122715 -0.818114
37 0.00704593 0.00611253 0.00648187 0.00402747
38 0.0266607 0.0188449 0.0196148 0.0127324
39 0.0355586 0.00902173 0.00889787 -0.0098232
40 0.0434175 0.0156939 0.00785893 0.0066722
41 0.0299081 0.0323243 -0.0135094 0.0166303
42 0.0554843 0.0226647 0.0255762 -0.00965953
43 0.0774405 0.0221724 0.0219562 -0.000492333
44 0.0557799 0.0214165 -0.0216606 -0.000755867
45 0.00719567 0.0465619 -0.0485843 0.0251454
46 0.0381228 0.217032 0.0309271 0.17047
47 0.0142537 0.100293 -0.0238691 -0.116739
48 0.0627931 0.53718 0.0485395 0.436887
49 0.0158796 0.0531275 -0.0469135 -0.484052
50 0.0117262 0.382456 -0.0041534 0.329329
