2995
0.0413705 0.165482 -0.985345
0.0417285 0.208643 -0.977101
0.0405367 0.24322 -0.969124
-0.0402572 0.201286 -0.978705
-0.0401192 0.200596 -0.978852
-0.0799258 0.199815 -0.976568
-0.0763486 0.229046 -0.970417
-0.0766142 0.229842 -0.970208
-0.114899 0.229797 -0.966432
-0.114899 0.229797 -0.966432
-0.154925 0.193657 -0.96876
-0.115849 0.193082 -0.974319
-0.153891 0.192364 -0.969182
-0.153155 0.229733 -0.961128
-0.186176 0.260647 -0.947313
-0.190712 0.228855 -0.954597
-0.190712 0.228855 -0.954597
-0.156008 0.234011 -0.959635
-0.194234 0.23308 -0.952863
-0.154434 0.193043 -0.968961
-0.192313 0.192313 -0.962305
-0.149008 0.260764 -0.953834
-0.152625 0.228938 -0.961402
-0.199675 0.199675 -0.959302
-0.121988 0.243976 -0.962078
-0.0401267 0.24076 -0.969755
0 0 0
0.0789275 0.157855 -0.984303
0.117615 0.196026 -0.97352
0.11542 0.192366 -0.974512
0.150988 0.188735 -0.970351
0.151015 0.188769 -0.970341
0.148244 0.185304 -0.971435
0.148269 0.185336 -0.971425
0.185263 0.185263 -0.965068
0.150988 0.188735 -0.970351
0.18869 0.18869 -0.963739
0.151015 0.188769 -0.970341
0.193583 0.154866 -0.968784
0.189955 0.151964 -0.969961
0.194683 0.11681 -0.973886
0.155762 0.116821 -0.980862
0.194646 0.116788 -0.973896
0.194646 0.116788 -0.973896
0.194646 0.116788 -0.973896
0.194683 0.11681 -0.973886
0.194683 0.11681 -0.973886
0.193583 0.154866 -0.968784
0.194683 0.11681 -0.973886
0.193619 0.154895 -0.968772
0.188723 0.188723 -0.963726
0.189955 0.151964 -0.969961
0.193619 0.154895 -0.968772
0.151015 0.188769 -0.970341
0.154922 0.154922 -0.975704
0.192278 0.192278 -0.962319
0.236764 0.157843 -0.95866
0.202463 0.121478 -0.971726
0.162023 0.121517 -0.979276
0.198478 0.119087 -0.972844
0.193583 0.154866 -0.968784
0.189955 0.151964 -0.969961
0.193583 0.154866 -0.968784
0.193583 0.154866 -0.968784
0.198478 0.119087 -0.972844
0.198518 0.119111 -0.972833
0.239142 0.079714 -0.967707
0.239749 0.0399581 -0.970012
0.319142 0.0398928 -0.946867
0.278868 0.0398383 -0.959503
0.290386 0.0414837 -0.95601
0.284511 0.0406444 -0.957811
0.279108 0 -0.96026
0.28518 0 -0.958474
0.319426 0 -0.947611
0.359354 0 -0.933201
0.36666 0 -0.930355
0.32592 0 -0.945397
0.278868 0.0398383 -0.959503
0.352024 0.0391138 -0.935173
0.3125 0.0390626 -0.949114
0.266112 0.114048 -0.957171
0.223495 0.111747 -0.968278
0.259365 0.148209 -0.954339
0.226477 0.150985 -0.962243
0.303476 0.113804 -0.946018
0.318132 0.0397665 -0.947212
0.277768 0.0396812 -0.959828
0.27861 0 -0.960404
0.232936 0.0776455 -0.969387
0.266112 0.114048 -0.957171
0.261209 0.111947 -0.958769
0.264678 0.151245 -0.952403
0.222362 0.148241 -0.963628
0.222362 0.148241 -0.963628
0.226477 0.150985 -0.962243
0.232015 0.116007 -0.96577
0.276484 0.118493 -0.953685
0.226922 0.151281 -0.962092
0.193768 0.116261 -0.974134
0.241198 0.120599 -0.962953
0.237025 0.118513 -0.964248
0.237025 0.118513 -0.964248
0.276484 0.118493 -0.953685
0.245098 0.163398 -0.95563
0.150081 0.0750406 -0.985822
0.112703 0.0751353 -0.990784
0.118922 0.118922 -0.985756
0.0808743 0.121312 -0.989314
0.0396833 0.11905 -0.992095
0.0402495 0.160998 -0.986134
0.0396833 0.11905 -0.992095
0.0404386 0.121316 -0.99179
-0.0397462 0.0794925 -0.996043
-0.082972 0.082972 -0.993092
-0.0842477 0.126372 -0.988399
-0.172248 0.129186 -0.976546
-0.0825269 0.12379 -0.988871
-0.121131 0.121131 -0.985218
-0.080299 0.160598 -0.983748
-0.0771175 0.154235 -0.98502
-0.115858 0.231716 -0.96586
-0.152156 0.228234 -0.961643
-0.157969 0.236954 -0.958592
-0.162532 0.203165 -0.965561
-0.117077 0.195128 -0.973765
-0.153157 0.191446 -0.96948
-0.15341 0.191762 -0.969378
-0.154201 0.154201 -0.975932
-0.154201 0.154201 -0.975932
-0.115666 0.154221 -0.981243
-0.112563 0.187604 -0.975774
-0.111691 0.223381 -0.968311
-0.149715 0.187143 -0.970857
-0.115154 0.153538 -0.98141
-0.0784405 0.156881 -0.984498
-0.0782452 0.15649 -0.984575
-0.0391248 0.156499 -0.986903
-0.039013 0.156052 -0.986978
-0.039013 0.156052 -0.986978
-0.0394887 0.197444 -0.979519
0 0 0
-0.0417285 0.208643 -0.977101
0 0 0
0 0 0
0 0 0
0 0 0
0 0 0
0 0 0
0.0401192 0.200596 -0.978852
0.0807472 0.242242 -0.96685
0.0401192 0.200596 -0.978852
0.0421613 0.252968 -0.966556
0.0413339 0.248003 -0.967877
0.041557 0.207785 -0.977291
0.0417285 0.208643 -0.977101
0.0831047 0.207762 -0.974643
0.041557 0.207785 -0.977291
0.041557 0.207785 -0.977291
0 0 0
0.0417285 0.208643 -0.977101
0.0418838 0.209419 -0.976929
0.0839547 0.251864 -0.964114
0.085002 0.297507 -0.950928
0.0418838 0.209419 -0.976929
0.0413339 0.248003 -0.967877
0.0409087 0.204544 -0.978002
0.0409087 0.204544 -0.978002
0.0402572 0.201286 -0.978705
0 0 0
0.041055 0.205275 -0.977843
0.0418838 0.209419 -0.976929
0.041055 0.205275 -0.977843
0 0 0
0 0 0
0 0 0
0 0 0
0 0 0
0.0390269 0.234162 -0.971414
0 0 0
0 0 0
-0.0385898 0.115769 -0.992526
0 0 0
-0.0385898 0.115769 -0.992526
0.0372096 0.0744191 -0.996533
0.0382843 0.153137 -0.987463
0.0359377 0.179689 -0.983067
0.0379175 0.189588 -0.981131
0.0744638 0.186159 -0.979694
0.0781879 0.117282 -0.990016
0.0780216 0.156043 -0.984664
0.0787484 0.0787484 -0.993779
0.120453 0.0803019 -0.989466
0.120042 0.0800283 -0.989538
0.159446 0.0797228 -0.983982
0.159446 0.0797228 -0.983982
0.156971 0.0784856 -0.98448
0.153425 0.115069 -0.981438
0.153425 0.115069 -0.981438
0.153425 0.115069 -0.981438
0.198478 0.119087 -0.972844
0.160051 0.0800253 -0.98386
0.159397 0.119548 -0.979949
0.201516 0.12091 -0.971994
0.208338 0.16667 -0.963751
0.238142 0.119071 -0.963904
0.24034 0.160227 -0.957373
0.200334 0.160267 -0.96653
0.198083 0.158467 -0.967291
0.236764 0.157843 -0.95866
0.232336 0.154891 -0.960223
0.26601 0.152006 -0.95191
0.313072 0.19567 -0.929354
0.285792 0.16331 -0.944274
0.229812 0.19151 -0.954207
0.229812 0.19151 -0.954207
0.269042 0.192173 -0.943762
0.269042 0.192173 -0.943762
0.267646 0.229411 -0.935808
0.231513 0.192927 -0.95351
0.229713 0.267999 -0.935633
0.234267 0.312356 -0.920626
0.229115 0.305487 -0.924221
0.296556 0.259486 -0.919087
0.258056 0.294921 -0.920016
0.331042 0.294259 -0.896562
0.378702 0.227221 -0.897193
0.38703 0.232218 -0.892347
0.394171 0.236502 -0.888086
0.388398 0.233039 -0.891538
0.440697 0.200317 -0.87502
0.424494 0.192952 -0.884633
0.375778 0.225467 -0.898863
0.3341 0.259856 -0.906009
0.328377 0.255404 -0.909361
0.408511 0.259962 -0.87495
0.446077 0.260212 -0.856332
0.421512 0.229916 -0.877192
0.462632 0.192763 -0.86534
0.428068 0.233492 -0.873063
0.391003 0.273702 -0.878751
0.382591 0.229555 -0.894946
0.386223 0.193112 -0.901964
0.462632 0.192763 -0.86534
0.46391 0.193296 -0.864537
0.501982 0.19307 -0.843053
0.476878 0.158959 -0.864476
0.472613 0.196922 -0.858987
0.429196 0.156071 -0.889625
0.472613 0.196922 -0.858987
0.429196 0.156071 -0.889625
0.46391 0.193296 -0.864537
0.460331 0.153444 -0.874386
0.476878 0.158959 -0.864476
0.476878 0.158959 -0.864476
0.429196 0.156071 -0.889625
0.476878 0.158959 -0.864476
0.516169 0.158821 -0.841632
0.476878 0.158959 -0.864476
0.476878 0.158959 -0.864476
0.469053 0.156351 -0.86922
0.437457 0.159075 -0.885057
0.437457 0.159075 -0.885057
0.433699 0.197136 -0.879228
0.433699 0.197136 -0.879228
0.469053 0.156351 -0.86922
0.434787 0.19763 -0.87858
0.402234 0.201117 -0.893174
0.316159 0.1976 -0.9279
0.412497 0.299998 -0.860144
0.410465 0.261205 -0.873665
0.385246 0.269672 -0.882532
0.274945 0.235667 -0.93213
0.272834 0.194882 -0.942116
0.149401 0.224102 -0.963046
0.115228 0.192047 -0.974598
0.0394892 0.157957 -0.986656
0 0 0
-0.0799737 0.199934 -0.97654
-0.0783769 0.195942 -0.977478
-0.0769004 0.192251 -0.978328
-0.0768295 0.192074 -0.978369
-0.114293 0.228586 -0.966791
-0.0789275 0.157855 -0.984303
-0.0788508 0.157702 -0.984334
-0.157664 0.157664 -0.974825
-0.160783 0.160783 -0.973806
-0.157817 0.157817 -0.974776
-0.160783 0.160783 -0.973806
-0.200939 0.160751 -0.966324
-0.160783 0.160783 -0.973806
-0.165027 0.12377 -0.978492
-0.160783 0.160783 -0.973806
-0.12304 0.164054 -0.978748
-0.0419119 0.167648 -0.984956
-0.0437466 0.174986 -0.983599
0.042746 0.170984 -0.984346
0.0857243 0.128587 -0.987986
0.122348 0.16313 -0.978989
0.160947 0.201184 -0.966241
0.20356 0.20356 -0.957667
0.156159 0.195199 -0.968252
0.152046 0.228069 -0.9617
0.151419 0.227129 -0.962021
0.192645 0.231174 -0.953649
0.192645 0.231174 -0.953649
0.187411 0.262376 -0.946592
0.188631 0.301809 -0.934521
0.227727 0.265682 -0.936778
0.233009 0.233009 -0.944147
0.19427 0.233124 -0.952844
0.235075 0.195896 -0.952032
0.276649 0.237128 -0.931255
0.274135 0.19581 -0.941546
0.279249 0.199464 -0.939273
0.315546 0.157773 -0.935702
0.317468 0.119051 -0.940766
0.281439 0.160822 -0.946007
0.359461 0.159761 -0.919382
0.315546 0.157773 -0.935702
0.359461 0.159761 -0.919382
0.31896 0.19935 -0.926566
0.317468 0.119051 -0.940766
0.313132 0.195707 -0.929326
0.382176 0.229306 -0.895187
0.341256 0.189586 -0.920653
0.369062 0.221437 -0.90264
0.336675 0.22445 -0.914479
0.338264 0.22551 -0.913632
0.287986 0.251988 -0.923887
0.259999 0.222856 -0.93954
0.329374 0.219583 -0.918312
0.336383 0.224255 -0.914635
0.390805 0.195402 -0.899494
0.429509 0.195231 -0.881707
0.385175 0.15407 -0.909892
0.350589 0.194772 -0.916052
0.348166 0.154741 -0.924573
0.346753 0.19264 -0.917961
0.386676 0.154671 -0.909153
0.337496 0.224997 -0.914042
0.348166 0.154741 -0.924573
0.351986 0.195548 -0.915351
0.348166 0.154741 -0.924573
0.310704 0.155352 -0.937725
0.350256 0.116752 -0.929349
0.353263 0.196257 -0.914707
0.311702 0.155851 -0.937311
0.304966 0.152483 -0.940077
0.342964 0.152428 -0.926899
0.345544 0.191969 -0.918557
0.373435 0.224061 -0.900191
0.366963 0.220178 -0.903803
0.372088 0.223253 -0.900949
0.338067 0.187815 -0.922191
0.340465 0.189147 -0.921036
0.346753 0.19264 -0.917961
0.311702 0.155851 -0.937311
0.320229 0.200143 -0.925957
0.273517 0.117222 -0.954698
0.277169 0.158382 -0.947677
0.286854 0.204895 -0.935806
0.243882 0.162588 -0.956079
0.243882 0.162588 -0.956079
0.243882 0.162588 -0.956079
0.205741 0.205741 -0.956735
0.241982 0.201651 -0.949095
0.242622 0.202185 -0.948818
0.241249 0.201041 -0.949411
0.205741 0.205741 -0.956735
0.16465 0.205812 -0.964641
0.206309 0.206309 -0.95649
0.161866 0.202333 -0.965847
0.121107 0.201846 -0.971901
0.118784 0.197974 -0.972983
0.122019 0.162691 -0.979103
0.157881 0.197351 -0.967536
0.157881 0.197351 -0.967536
0.157881 0.197351 -0.967536
0.116546 0.194243 -0.974005
0.116546 0.194243 -0.974005
0.121107 0.201846 -0.971901
0.11776 0.235519 -0.964709
0.122368 0.244735 -0.961837
0.162593 0.243889 -0.956076
0.156964 0.235446 -0.959128
0.156514 0.23477 -0.959368
0.155363 0.194203 -0.96858
0.158344 0.19793 -0.967342
0.158344 0.19793 -0.967342
0.162665 0.162665 -0.97318
0.162665 0.162665 -0.97318
0.162665 0.162665 -0.97318
0.162665 0.162665 -0.97318
0.162164 0.162164 -0.973348
0.209217 0.209217 -0.955226
0.209217 0.209217 -0.955226
0.205092 0.205092 -0.957013
0.161438 0.201797 -0.966031
0.160947 0.201184 -0.966241
0.157881 0.197351 -0.967536
0.158344 0.19793 -0.967342
0.116546 0.194243 -0.974005
0.158344 0.19793 -0.967342
0.157881 0.197351 -0.967536
0.157881 0.197351 -0.967536
0.157881 0.197351 -0.967536
0.157881 0.197351 -0.967536
0.194975 0.15598 -0.968326
0.158344 0.19793 -0.967342
0.195533 0.156426 -0.968141
0.201121 0.201121 -0.958698
0.208445 0.208445 -0.955564
0.163547 0.204433 -0.965122
0.164164 0.164164 -0.972677
0.129622 0.129622 -0.983055
0.120042 0.0800283 -0.989538
0.122443 0.0816285 -0.989113
0.128029 0.0853527 -0.988091
0.124849 0.124849 -0.984289
0.125402 0.0836013 -0.988577
0.0819213 0.0819213 -0.993266
0.122443 0.0816285 -0.989113
0.153467 0.0767334 -0.98517
0.191825 0.0767302 -0.978425
0.205517 0.12331 -0.970854
0.196781 0.118069 -0.973312
0.16034 0.0801698 -0.983801
0.119133 0.119133 -0.985705
0.156685 0.117514 -0.980633
0.0797436 0.0797436 -0.993621
0.156685 0.117514 -0.980633
0.0775553 0.0775553 -0.993967
0.11367 0.0757797 -0.990624
0.0751486 0.112723 -0.990781
0.0754168 0.0754168 -0.994296
0.113259 0.113259 -0.987089
0.111172 0.148229 -0.982684
0.0728195 0.145639 -0.986654
0.113766 0.113766 -0.986972
0.11809 0.11809 -0.985956
0.11633 0.0775535 -0.990178
0.114183 0.076122 -0.990539
0.114183 0.076122 -0.990539
0.113766 0.113766 -0.986972
0.114183 0.076122 -0.990539
0.156141 0.0390353 -0.986963
0.156141 0.0390353 -0.986963
0.198471 0.0793886 -0.976886
0.158785 0.0793924 -0.984116
0.23875 0.0397917 -0.970265
0.195174 0.0390348 -0.979992
0.274334 0.0391906 -0.960835
0.230179 0.0767262 -0.970119
0.230987 0.0769957 -0.969905
0.235148 0.0391913 -0.971169
0.279701 0.0399574 -0.959255
0.238151 0.0793838 -0.967978
0.239142 0.079714 -0.967707
0.235148 0.0391913 -0.971169
0.280768 0.0401097 -0.958937
0.240663 0.0401105 -0.96978
0.240663 0.0401105 -0.96978
0.204052 0.0816208 -0.975552
0.230717 0.0384528 -0.972261
0.200556 0.0401111 -0.978861
0.23601 0.0393351 -0.970954
0.205985 0.164788 -0.96458
0.246125 0.164083 -0.955248
0.16584 0.12438 -0.978277
0.164825 0.164825 -0.972453
0.164825 0.164825 -0.972453
0.123639 0.164852 -0.978538
0.122691 0.204485 -0.97115
0.126154 0.168206 -0.977646
0.122691 0.204485 -0.97115
0.122691 0.204485 -0.97115
0.122691 0.204485 -0.97115
0.122691 0.204485 -0.97115
0.125147 0.208578 -0.969966
0.162902 0.203627 -0.965401
0.166133 0.207666 -0.963989
0.162902 0.203627 -0.965401
0.125147 0.208578 -0.969966
0.163547 0.204433 -0.965122
0.156787 0.195984 -0.967992
0.160397 0.200496 -0.966475
0.163547 0.204433 -0.965122
0.159789 0.199736 -0.966733
0.121219 0.161626 -0.979379
0.122691 0.204485 -0.97115
0.162593 0.243889 -0.956076
0.207591 0.207591 -0.955935
0.125147 0.208578 -0.969966
0.166817 0.208521 -0.963686
0.160397 0.200496 -0.966475
0.162026 0.243038 -0.956389
0.156008 0.234011 -0.959635
0.154836 0.232254 -0.960252
0.157361 0.196702 -0.967753
0.160397 0.200496 -0.966475
0.199675 0.199675 -0.959302
0.162198 0.202748 -0.965705
0.159789 0.199736 -0.966733
0.114087 0.152116 -0.981756
0.081133 0.202833 -0.975846
0.0823268 0.205817 -0.975121
0.0792331 0.198083 -0.976978
0.0378225 0.189113 -0.981227
0.0392221 0.19611 -0.979797
0.0767692 0.230307 -0.970085
0.0780035 0.195009 -0.977695
0.117808 0.157077 -0.980535
0.1191 0.1588 -0.980101
0.0804939 0.160988 -0.983668
0.121393 0.161857 -0.979319
0.123771 0.165028 -0.978492
0.121393 0.161857 -0.979319
0.165 0.165 -0.972394
0.169369 0.127027 -0.977332
0.166019 0.124514 -0.97823
0.165 0.165 -0.972394
0.0841917 0.126288 -0.988414
0.0792132 0.23764 -0.968118
0.0792132 0.23764 -0.968118
0.0788474 0.197118 -0.977204
0.0777781 0.233334 -0.969281
0.116988 0.19498 -0.973805
0.0796358 0.238907 -0.967771
0.078178 0.234534 -0.968959
0.0796358 0.238907 -0.967771
0.121687 0.243374 -0.962269
0.0811448 0.243435 -0.966517
0.120389 0.280907 -0.952154
0.126238 0.168317 -0.977616
0.123066 0.164088 -0.978739
0.160623 0.200779 -0.966379
0.120496 0.200826 -0.972188
0.122019 0.162691 -0.979103
0.159683 0.119762 -0.979877
0.153793 0.115345 -0.981348
0.153689 0.153689 -0.976094
0.154508 0.115881 -0.981172
0.154508 0.115881 -0.981172
0.153793 0.115345 -0.981348
0.11589 0.11589 -0.986478
0.11589 0.11589 -0.986478
0.11809 0.11809 -0.985956
0.11589 0.11589 -0.986478
0.192965 0.0771859 -0.978165
0.154378 0.0771891 -0.984992
0.155777 0.0778883 -0.984717
0.156141 0.0390353 -0.986963
0.191825 0.0767302 -0.978425
0.192267 0.0384533 -0.980589
0.195959 0.0391919 -0.979829
0.195959 0.0391919 -0.979829
0.154476 0 -0.987997
0.196837 0 -0.980436
0.195329 0 -0.980738
0.196116 0 -0.980581
0.192945 0.0385891 -0.98045
0.192267 0.0384533 -0.980589
0.279701 0.0399574 -0.959255
0.236204 0 -0.971703
0.157344 0.0393361 -0.98676
0.195959 0.0391919 -0.979829
0.230717 0.0384528 -0.972261
0.192945 0.0385891 -0.98045
0.193095 0 -0.98118
0.235339 0 -0.971913
0.230717 0.0384528 -0.972261
0.235339 0 -0.971913
0.235339 0 -0.971913
0.193095 0 -0.98118
0.271194 0 -0.962525
0.265893 0.0379848 -0.963254
0.232452 0 -0.972608
0.151592 0 -0.988443
0.18949 0 -0.981883
0.193559 0.0387118 -0.980325
0.227912 0.0379854 -0.97294
0.22322 0 -0.974768
0.304698 0.0380872 -0.951687
0.350524 0 -0.936554
0.398015 0 -0.917379
0.39835 0.039835 -0.916368
0.398726 0 -0.91707
0.388892 0.0777785 -0.917994
0.388892 0.0777785 -0.917994
0.317721 0 -0.948184
0.278372 0.0397674 -0.95965
0.311965 0.0389957 -0.949293
0.350952 0.0389947 -0.935581
0.311965 0.0389957 -0.949293
0.311965 0.0389957 -0.949293
0.317721 0 -0.948184
0.272407 0.0389152 -0.961395
0.318412 0 -0.947952
0.311965 0.0389957 -0.949293
0.232923 0.0388205 -0.97172
0.272407 0.0389152 -0.961395
0.278006 0 -0.960579
0.23829 0 -0.971194
0.277296 0 -0.960785
0.242871 0.0404784 -0.969214
0.242437 0 -0.970167
0.237682 0 -0.971343
0.237682 0 -0.971343
0.237682 0 -0.971343
0.278006 0 -0.960579
0.242227 0.0403711 -0.969379
0.282592 0.0403703 -0.95839
0.237682 0 -0.971343
0.2416 0.0805334 -0.967028
0.237485 0.0395808 -0.970585
0.240869 0.0802898 -0.967231
0.286645 0.0818986 -0.95453
0.245717 0.0819055 -0.965875
0.244629 0.122314 -0.961871
0.248006 0.165337 -0.954545
0.24377 0.121885 -0.962144
0.241357 0.160905 -0.957004
0.237643 0.158429 -0.958345
0.276145 0.157797 -0.948074
0.242821 0.12141 -0.962444
0.280311 0.160178 -0.946451
0.243118 0.202599 -0.948603
0.24417 0.203475 -0.948145
0.24417 0.203475 -0.948145
0.241357 0.160905 -0.957004
0.239517 0.199598 -0.950154
0.241357 0.160905 -0.957004
0.241357 0.160905 -0.957004
0.212876 0.127726 -0.968695
0.158147 0.11861 -0.980266
0.203434 0.203434 -0.957721
0.119691 0.159588 -0.979901
0.123771 0.165028 -0.978492
0.120026 0.160034 -0.979787
0.0394969 0.157987 -0.986651
0 0 0
0 0 0
0.0382563 0.153025 -0.987482
0 0 0
0.0385104 0.192552 -0.980531
0.0765086 0.153017 -0.985257
0.0380064 0.190032 -0.981042
0.0370485 0.222291 -0.974276
0.0380687 0.152275 -0.987605
0.0382563 0.153025 -0.987482
0.0387703 0.155081 -0.987141
0.0385104 0.192552 -0.980531
0.0397065 0.158826 -0.986508
0.0396119 0.237671 -0.970538
0 0 0
0.0396119 0.237671 -0.970538
0.0392221 0.19611 -0.979797
0.0784371 0.196093 -0.977443
0.0766038 0.191509 -0.978497
0.0763904 0.229171 -0.970384
0.119056 0.277796 -0.953234
0.0806979 0.242094 -0.966891
0.121017 0.242035 -0.962691
0.198892 0.23867 -0.950515
0.23854 0.23854 -0.94138
0.278111 0.238381 -0.930499
0.238063 0.158709 -0.958195
0.241982 0.201651 -0.949095
0.273817 0.156467 -0.948969
0.345544 0.191969 -0.918557
0.351986 0.195548 -0.915351
0.322824 0.161412 -0.932593
0.321587 0.160794 -0.933128
0.276145 0.157797 -0.948074
0.312532 0.1172 -0.942649
0.274408 0.117603 -0.954395
0.319674 0.119878 -0.939914
0.274652 0.078472 -0.958336
0.319674 0.119878 -0.939914
0.320011 0.0800028 -0.94403
0.307649 0.115368 -0.94448
0.271078 0.0774509 -0.959436
0.314892 0.0787231 -0.945857
0.313549 0.117581 -0.942264
0.354217 0.0787149 -0.931845
0.346032 0.115344 -0.931105
0.35368 0.117893 -0.927907
0.344967 0.153318 -0.926008
0.346994 0.115665 -0.930708
0.384385 0.115316 -0.915942
0.346994 0.115665 -0.930708
0.376983 0.150793 -0.913863
0.338642 0.150508 -0.9288
0.344024 0.152899 -0.926428
0.293146 0.146573 -0.944766
0.308393 0.154197 -0.938678
0.258544 0.184674 -0.948183
0.255732 0.182666 -0.949334
0.340465 0.189147 -0.921036
0.335371 0.186317 -0.923478
0.369187 0.221512 -0.90257
0.38805 0.15522 -0.908473
0.310704 0.155352 -0.937725
0.303922 0.151961 -0.9405
0.303922 0.151961 -0.9405
0.301778 0.188611 -0.934535
0.300322 0.150161 -0.941944
0.304966 0.152483 -0.940077
0.344024 0.152899 -0.926428
0.311702 0.155851 -0.937311
0.315242 0.197026 -0.928333
0.235924 0.117962 -0.964585
0.277169 0.158382 -0.947677
0.235244 0.117622 -0.964793
0.238438 0.158959 -0.95806
0.163547 0.204433 -0.965122
0.162164 0.162164 -0.973348
0.075739 0.113608 -0.990635
0.0802212 0.120332 -0.989487
0.0378706 0.113612 -0.992803
0.038626 0.077252 -0.996263
0.0372872 0.0372872 -0.998609
0 0 0
-0.0408161 0.0816322 -0.995826
0 0 0
-0.0847149 0.16943 -0.981895
-0.0827351 0.16547 -0.982738
-0.122742 0.122742 -0.984819
-0.0774255 0.0387127 -0.996246
-0.0819213 0.0819213 -0.993266
-0.0424853 0.127456 -0.990934
-0.0805002 0.0402501 -0.995942
-0.127874 0.127874 -0.983512
-0.0836039 0.0836039 -0.992986
-0.122755 0.0409182 -0.991593
-0.125402 0.0836013 -0.988577
-0.126955 0.126955 -0.98375
-0.0832385 0.124858 -0.988677
-0.130766 0.0871777 -0.987573
-0.136002 0.0906682 -0.986551
-0.0787347 9.6419e-18 -0.996896
-0.0774839 9.48873e-18 -0.996994
-0.124939 0.0832926 -0.988662
-0.118102 1.44628e-17 -0.993001
-0.123888 0.123888 -0.984532
-0.162557 0.121918 -0.979138
-0.119558 0.119558 -0.985602
-0.112982 0.0753216 -0.990738
-0.117578 0.0391927 -0.99229
-0.113227 0.0377422 -0.992852
-0.162557 0.121918 -0.979138
-0.0794109 0.119116 -0.9897
-0.0741119 0.037056 -0.996561
-0.122443 0.0816285 -0.989113
-0.127537 0.0850244 -0.988183
-0.115857 1.41879e-17 -0.993266
-0.119589 0.0797257 -0.989617
-0.0769085 0.0384543 -0.996296
-0.0769085 0.0384543 -0.996296
-0.0797278 0.0797278 -0.993623
-0.0825973 0.123896 -0.988852
-0.118009 0.0393364 -0.992233
-0.121928 0.121928 -0.985021
-0.115508 0.0770055 -0.990317
-0.111532 0.0371772 -0.993065
-0.121219 0.161626 -0.979379
-0.120739 0.201232 -0.972074
-0.156356 0.117267 -0.980715
-0.16325 0.0816252 -0.983202
-0.122443 0.0816285 -0.989113
-0.121928 0.121928 -0.985021
-0.119288 0.159051 -0.980037
-0.122359 0.122359 -0.984915
-0.126154 0.168206 -0.977646
-0.0849668 0.12745 -0.988199
-0.0827351 0.16547 -0.982738
-0.124088 0.16545 -0.978381
-0.122359 0.122359 -0.984915
-0.126955 0.126955 -0.98375
-0.122742 0.122742 -0.984819
-0.122443 0.0816285 -0.989113
-0.127441 0.127441 -0.983625
-0.121928 0.121928 -0.985021
-0.123639 0.164852 -0.978538
-0.0844314 0.168863 -0.982017
-0.126631 0.168841 -0.977475
-0.0767375 0.0767375 -0.994094
-0.124392 0.124392 -0.984405
-0.0867666 0.13015 -0.987691
-0.0800304 0.0800304 -0.993574
-0.0824359 0.164872 -0.982864
-0.0418844 0.167537 -0.984976
-0.039193 0.039193 -0.998463
-0.0383692 0.0767385 -0.996313
-0.0784903 0.0784903 -0.99382
-0.0829339 0.124401 -0.98876
-0.0812907 0.121936 -0.989203
-0.0812907 0.121936 -0.989203
-0.0407903 0.122371 -0.991646
-0.0797099 0.119565 -0.989621
-0.0405545 0.162218 -0.985921
-0.0405545 0.162218 -0.985921
-0.0396362 0.158545 -0.986556
-0.04206 0.16824 -0.984848
-0.042219 0.168876 -0.984733
-0.0799803 0.11997 -0.989551
-0.0413705 0.165482 -0.985345
-0.0399915 0.119975 -0.991971
-0.0412208 0.164883 -0.985451
-0.0396362 0.158545 -0.986556
-0.0418838 0.209419 -0.976929
-0.041055 0.205275 -0.977843
-0.0412208 0.164883 -0.985451
-0.042219 0.168876 -0.984733
-0.04206 0.16824 -0.984848
0 0 0
-0.0412208 0.164883 -0.985451
-0.0409087 0.204544 -0.978002
-0.0397692 0.159077 -0.986465
-0.0409087 0.204544 -0.978002
0 0 0
0 0 0
0 0 0
0.041055 0.205275 -0.977843
0.0769715 0.192429 -0.978288
0.0789045 0.236713 -0.96837
0.116161 0.232322 -0.965677
0.11309 0.226179 -0.967499
0.151419 0.227129 -0.962021
0.115664 0.231328 -0.965976
0.192313 0.192313 -0.962305
0.15548 0.19435 -0.968532
0.15548 0.19435 -0.968532
0.154174 0.231261 -0.960598
0.230003 0.230003 -0.94562
0.197949 0.197949 -0.960017
0.231987 0.193322 -0.953314
0.2363 0.196916 -0.951518
0.2363 0.196916 -0.951518
0.27556 0.196828 -0.940917
0.276899 0.197785 -0.940323
0.23745 0.197875 -0.951032
0.278111 0.238381 -0.930499
0.317586 0.238189 -0.917826
0.356942 0.237961 -0.903309
0.311842 0.233882 -0.920898
0.317586 0.238189 -0.917826
0.314061 0.274803 -0.908762
0.352882 0.274463 -0.894508
0.351086 0.273067 -0.895641
0.30699 0.268616 -0.913019
0.344846 0.30653 -0.887198
0.361776 0.281381 -0.888787
0.363217 0.32286 -0.873976
0.358935 0.319053 -0.877138
0.361776 0.281381 -0.888787
0.323912 0.283423 -0.902636
0.329665 0.247249 -0.911147
0.329665 0.247249 -0.911147
0.288731 0.247483 -0.924871
0.333154 0.208221 -0.919594
0.329665 0.247249 -0.911147
0.287097 0.246083 -0.925753
0.323524 0.242643 -0.91458
0.281785 0.24153 -0.92858
0.248025 0.289362 -0.924529
0.287097 0.246083 -0.925753
0.246271 0.246271 -0.937391
0.283331 0.242855 -0.927764
0.281532 0.281532 -0.917322
0.271734 0.310553 -0.910888
0.316978 0.277356 -0.906972
0.273012 0.312014 -0.910007
0.312513 0.273449 -0.909704
0.281956 0.241676 -0.92849
0.238206 0.277907 -0.930605
0.278803 0.278803 -0.918988
0.31828 0.278495 -0.906167
0.316978 0.277356 -0.906972
0.238212 0.238212 -0.941546
0.238212 0.238212 -0.941546
0.27773 0.238054 -0.930697
0.276703 0.237174 -0.931227
0.279851 0.279851 -0.91835
0.278803 0.278803 -0.918988
0.237329 0.237329 -0.941993
0.238212 0.238212 -0.941546
0.198618 0.238341 -0.950655
0.198618 0.238341 -0.950655
0.240427 0.200356 -0.949765
0.236363 0.236363 -0.942478
0.238212 0.238212 -0.941546
0.202438 0.242925 -0.948687
0.276703 0.237174 -0.931227
0.240097 0.280113 -0.929457
0.278803 0.278803 -0.918988
0.243629 0.243629 -0.938771
0.200434 0.200434 -0.958985
0.202438 0.242925 -0.948687
0.204364 0.204364 -0.957325
0.201121 0.201121 -0.958698
0.199675 0.199675 -0.959302
0.163547 0.204433 -0.965122
0.200434 0.200434 -0.958985
0.160397 0.200496 -0.966475
0.157361 0.196702 -0.967753
0.20196 0.161568 -0.965975
0.202663 0.16213 -0.965734
0.16584 0.12438 -0.978277
0.159397 0.119548 -0.979949
0.117733 0.0784884 -0.989939
0.156356 0.117267 -0.980715
0.155791 0.116844 -0.980855
0.152098 0.152098 -0.976592
0.152098 0.152098 -0.976592
0.190092 0.152074 -0.969917
0.151524 0.151524 -0.976771
0.151096 0.18887 -0.970308
0.153297 0.191621 -0.969423
0.116229 0.154971 -0.981058
0.11889 0.158519 -0.980172
0.119288 0.159051 -0.980037
0.118047 0.196745 -0.973322
0.156787 0.195984 -0.967992
0.157361 0.196702 -0.967753
0.149841 0.149841 -0.97729
0.149841 0.149841 -0.97729
0.18269 0.146152 -0.972247
0.196549 0.157239 -0.967804
0.192898 0.154318 -0.969008
0.156159 0.195199 -0.968252
0.150533 0.188167 -0.970532
0.186624 0.223949 -0.956566
0.148755 0.223132 -0.963371
0.149349 0.224024 -0.963072
0.225426 0.225426 -0.947822
0.22875 0.22875 -0.946228
0.191572 0.191572 -0.962601
0.192645 0.231174 -0.953649
0.191572 0.191572 -0.962601
0.23503 0.195858 -0.952051
0.269988 0.192848 -0.943354
0.265879 0.189914 -0.945114
0.271954 0.155402 -0.949679
0.272829 0.155902 -0.949347
0.288198 0.164684 -0.943303
0.292598 0.208998 -0.933116
0.259125 0.129562 -0.957114
0.280992 0.0802836 -0.956346
0.251584 0.0838613 -0.964195
0.205425 0.0821699 -0.975217
0.194582 0.0389164 -0.980114
0.161919 0.0404796 -0.985974
0.165624 0.0414059 -0.985319
0.159077 0.0397692 -0.986465
0.0781312 0.0390656 -0.996177
0.116752 0.0389172 -0.992398
0.114515 0.0763435 -0.990484
0.0750848 0.0375424 -0.99647
0.0374633 0.0749266 -0.996485
0 0 0
0 0 0
0 0 0
-0.0373065 0.0746131 -0.996514
-0.0373065 0.0746131 -0.996514
-0.036711 0.073422 -0.996625
-0.0365085 0.109525 -0.993313
-0.0371772 0.111532 -0.993065
0.0374633 0.0749266 -0.996485
0 0 0
0 0 0
0 0 0
-0.0380073 0.0760145 -0.996382
-0.0393364 0.118009 -0.992233
0 0 0
0 0 0
0 0 0
0 0 0
0 0 0
-0.0402746 0.0805492 -0.995937
0 0 0
0.0398877 0.159551 -0.986384
0.0834475 0.208619 -0.97443
0.152892 0.114669 -0.981568
0.120021 0.240043 -0.963314
0.118793 0.237586 -0.964075
0.155851 0.272739 -0.949381
0.0797306 0.239192 -0.967693
0.078081 0.156162 -0.98464
0.0735917 0.147183 -0.986368
0.113596 0.151461 -0.981914
0.151068 0.226602 -0.962201
0.238102 0.198419 -0.950756
0.157881 0.197351 -0.967536
0.164053 0.12304 -0.978748
0.205031 0.164025 -0.964913
0.195966 0.195966 -0.96083
0.190816 0.228979 -0.954546
0.195966 0.195966 -0.96083
0.233781 0.194817 -0.952572
0.235075 0.195896 -0.952032
0.233781 0.194817 -0.952572
0.229602 0.191335 -0.954292
0.197388 0.157911 -0.967524
0.23681 0.157873 -0.958643
0.22768 0.22768 -0.946744
0.228874 0.228874 -0.946168
0.235075 0.195896 -0.952032
0.28286 0.202043 -0.93764
0.246678 0.205565 -0.947044
0.20666 0.20666 -0.956338
0.195492 0.0781967 -0.977583
0.151149 0.0755744 -0.985618
0.122443 0.0816285 -0.989113
0.122878 0.081919 -0.989035
0.0818333 0.12275 -0.989058
0.0835102 0.125265 -0.988602
0.0799803 0.11997 -0.989551
0.0395826 0.0395826 -0.998432
0.0395902 0.0791804 -0.996074
0 0 0
0 0 0
0 0 0
0 0 0
0 0 0
-0.0734212 0.0734212 -0.994595
-0.036711 0.073422 -0.996625
-0.0720982 0.0360491 -0.996746
-0.0361255 0.0361255 -0.998694
-0.077819 0.077819 -0.993926
-0.0368542 0.0368542 -0.998641
-0.0806112 0.120917 -0.989384
-0.077819 0.077819 -0.993926
-0.0759161 0.113874 -0.99059
-0.0789783 0.0789783 -0.993743
-0.03747 0.03747 -0.998595
-0.0774679 0.0774679 -0.993981
-0.0791792 0.0791792 -0.993711
-0.0824067 0.0824067 -0.993186
-0.0413096 0.0413096 -0.998292
-0.0410908 0.0821817 -0.99577
-0.0418756 0.125627 -0.991193
-0.0396837 0.0396837 -0.998424
-0.041204 0.0824081 -0.995747
-0.0396837 0.0396837 -0.998424
-0.0427563 0.128269 -0.990817
-0.0418756 0.125627 -0.991193
-0.04103 0.12309 -0.991547
-0.0410908 0.0821817 -0.99577
-0.0417568 0.12527 -0.991244
-0.041204 0.0824081 -0.995747
0 0 0
-0.041204 0.0824081 -0.995747
-0.0410908 0.0821817 -0.99577
-0.0410908 0.0821817 -0.99577
-0.0409182 0.122755 -0.991593
-0.0409182 0.122755 -0.991593
-0.0409182 0.122755 -0.991593
0 0 0
0 0 0
0 0 0
0.0411253 0.123376 -0.991507
0.0411253 0.123376 -0.991507
0 0 0
0 0 0
0 0 0
0 0 0
0 0 0
0 0 0
0.0394887 0.197444 -0.979519
0 0 0
0.0364176 0.109253 -0.993347
0 0 0
0.0364594 0.182297 -0.982567
0.0386251 0.193125 -0.980414
0.0387481 0.193741 -0.980287
0.0763486 0.229046 -0.970417
0.0787099 0.196775 -0.977284
0.0787099 0.196775 -0.977284
0.118047 0.196745 -0.973322
0.117967 0.15729 -0.980481
0.115773 0.154365 -0.981207
0.150533 0.188167 -0.970532
0.153297 0.191621 -0.969423
0.190712 0.228855 -0.954597
0.154836 0.232254 -0.960252
0.159124 0.198905 -0.967014
0.198845 0.198845 -0.959646
0.197759 0.276863 -0.940339
0.197759 0.276863 -0.940339
0.190748 0.267047 -0.944617
0.232965 0.232965 -0.944169
0.271629 0.232825 -0.933815
0.263195 0.187996 -0.946248
0.306934 0.268567 -0.913052
0.306934 0.268567 -0.913052
0.26882 0.26882 -0.924917
0.274082 0.195773 -0.941569
0.233801 0.233801 -0.943755
0.231513 0.192927 -0.95351
0.269042 0.192173 -0.943762
0.269042 0.192173 -0.943762
0.310207 0.232655 -0.921761
0.265719 0.227759 -0.93676
0.333022 0.259017 -0.906646
0.373435 0.224061 -0.900191
0.400435 0.254822 -0.88018
0.448596 0.224298 -0.865131
0.42317 0.19235 -0.885398
0.432454 0.19657 -0.879968
0.432454 0.19657 -0.879968
0.424494 0.192952 -0.884633
0.429196 0.156071 -0.889625
0.417919 0.189963 -0.888402
0.465026 0.193761 -0.863833
0.425672 0.193487 -0.883949
0.394634 0.197317 -0.897402
0.432454 0.19657 -0.879968
0.424494 0.192952 -0.884633
0.390397 0.156159 -0.907306
0.3873 0.19365 -0.901387
0.349406 0.155292 -0.924013
0.346753 0.19264 -0.917961
0.338502 0.225668 -0.913505
0.343604 0.229069 -0.910749
0.314662 0.275329 -0.908395
0.284026 0.24345 -0.927395
0.282173 0.201552 -0.937953
0.245041 0.245041 -0.938035
0.237962 0.198302 -0.950816
0.284076 0.202911 -0.937085
0.245918 0.163945 -0.955325
0.249157 0.207631 -0.945944
0.24889 0.207408 -0.946063
0.290209 0.207292 -0.934242
0.298802 0.170744 -0.938916
0.292685 0.167249 -0.941469
0.249157 0.207631 -0.945944
0.207725 0.207725 -0.955877
0.245918 0.163945 -0.955325
0.246176 0.164118 -0.955229
0.243969 0.203307 -0.948233
0.241309 0.160872 -0.957022
0.284484 0.203203 -0.936898
0.239232 0.19936 -0.950275
0.257171 0.110216 -0.96006
0.263613 0.188295 -0.946072
0.259073 0.185052 -0.947965
0.318645 0.199153 -0.926716
0.315616 0.236712 -0.918887
0.278588 0.198991 -0.93957
0.309745 0.232309 -0.922004
0.31519 0.236393 -0.919116
0.27638 0.236898 -0.931393
0.27638 0.236898 -0.931393
0.243617 0.203014 -0.948386
0.283553 0.202538 -0.937324
0.284076 0.202911 -0.937085
0.276484 0.118493 -0.953685
0.246633 0.123317 -0.961231
0.264967 0.113557 -0.957547
0.244382 0.244382 -0.938379
0.232247 0.193539 -0.953207
0.239517 0.199598 -0.950154
0.197879 0.237455 -0.95103
0.158963 0.238444 -0.958058
0.160397 0.200496 -0.966475
0.162902 0.203627 -0.965401
0.163547 0.204433 -0.965122
0.209292 0.167434 -0.963412
0.202682 0.202682 -0.95804
0.157268 0.157268 -0.974953
0.152892 0.114669 -0.981568
0.121679 0.202798 -0.971631
0.160978 0.160978 -0.973741
0.0802306 0.200577 -0.976387
0.11889 0.158519 -0.980172
0.19735 0.15788 -0.967537
0.19735 0.15788 -0.967537
0.0777706 0.155541 -0.984763
0.11889 0.158519 -0.980172
0.116645 0.155527 -0.980921
0.156007 0.156007 -0.975358
0.194975 0.15598 -0.968326
0.189466 0.189466 -0.963434
0.194234 0.23308 -0.952863
0.159124 0.198905 -0.967014
0.150903 0.150903 -0.976963
0.0833795 0.166759 -0.982466
0 0 0
-0.0777319 0.0388659 -0.996216
-0.131047 0.0873646 -0.987519
-0.128711 0.0429036 -0.990754
-0.125759 0.0838396 -0.988512
-0.0823906 0.0411953 -0.995748
-0.0416936 0.0833871 -0.995645
-0.0815647 9.98847e-18 -0.996668
-0.0416936 0.0833871 -0.995645
-0.0803701 0.0401851 -0.995955
-0.0397936 0.0397936 -0.998415
-0.0419219 0.0838438 -0.995597
0 0 0
-0.0387703 0.155081 -0.987141
-0.0397295 0.198648 -0.979265
-0.0387046 0.193523 -0.980332
-0.0794081 0.158816 -0.98411
-0.0804939 0.160988 -0.983668
-0.0404714 0.161885 -0.985979
-0.0399588 0.199794 -0.979023
-0.0397065 0.158826 -0.986508
0 0 0
0 0 0
0 0 0
0.0367294 0.110188 -0.993232
0 0 0
-0.0385396 0.115619 -0.992546
-0.0394969 0.157987 -0.986651
-0.0798527 0.119779 -0.989584
-0.0802535 0.12038 -0.989479
-0.0401281 0.120384 -0.991916
-0.0419219 0.0838438 -0.995597
0 0 0
0.0820395 0.123059 -0.989002
0.125475 0.125475 -0.98413
0.126294 0.168392 -0.977596
0.173622 0.217027 -0.960601
0.171534 0.128651 -0.976742
0.171698 0.171698 -0.970072
0.124634 0.124634 -0.984344
0.118124 0.236248 -0.964486
0.0392221 0.19611 -0.979797
0.0381996 0.229198 -0.97263
0.0392221 0.19611 -0.979797
0.0784371 0.196093 -0.977443
0.081435 0.203588 -0.975664
0.202645 0.243174 -0.948579
0.157531 0.275679 -0.948254
0.115131 0.230262 -0.966294
0.0818944 0.204736 -0.975385
0.0800332 0.2401 -0.967443
0.0823268 0.205817 -0.975121
0.119691 0.159588 -0.979901
0.121107 0.201846 -0.971901
0.127758 0.127758 -0.983542
0.084639 0.169278 -0.981927
0.083502 0.208755 -0.974397
0.079395 0.277883 -0.957328
0.114884 0.268062 -0.956527
0.0761781 0.266623 -0.960786
0.0761781 0.266623 -0.960786
0.114951 0.306537 -0.944892
0.114951 0.306537 -0.944892
0.0797306 0.239192 -0.967693
0.0398708 0.239225 -0.970145
0.0819631 0.204908 -0.975343
0.0787667 0.2363 -0.968482
0.0775248 0.271337 -0.959357
0.0782977 0.234893 -0.968863
0.0778075 0.233423 -0.969257
0.121542 0.162056 -0.979268
0.122923 0.204871 -0.97104
0.125283 0.208805 -0.969899
0.0414765 0.207383 -0.97738
0.128799 0.171732 -0.976688
0.0841088 0.210272 -0.974018
0.0418385 0.167354 -0.985009
0.0415491 0.124647 -0.991331
0.0831451 0.16629 -0.982565
0 0 0
0 0 0
0.0409516 0.204758 -0.977956
0.0409516 0.204758 -0.977956
0.0415755 0.166302 -0.985198
0 0 0
-0.0418385 0.167354 -0.985009
-0.0418385 0.167354 -0.985009
-0.0841917 0.126288 -0.988414
-0.123066 0.164088 -0.978739
-0.168354 0.126265 -0.977606
-0.166019 0.124514 -0.97823
-0.207497 0.124498 -0.970281
-0.166019 0.124514 -0.97823
-0.121393 0.161857 -0.979319
-0.164061 0.164061 -0.972712
-0.123066 0.164088 -0.978739
-0.122322 0.163097 -0.978998
-0.0836561 0.125484 -0.988562
-0.0820395 0.123059 -0.989002
-0.0415755 0.166302 -0.985198
-0.0810371 0.162074 -0.983445
-0.0405212 0.162085 -0.985945
-0.0412998 0.165199 -0.985395
-0.0399588 0.199794 -0.979023
-0.0399588 0.199794 -0.979023
-0.0402246 0.201123 -0.97874
-0.0415491 0.124647 -0.991331
-0.0415755 0.166302 -0.985198
-0.126954 0.211589 -0.969078
-0.123808 0.123808 -0.984552
-0.157305 0.0786523 -0.984413
-0.17285 0.129637 -0.97638
-0.17285 0.129637 -0.97638
-0.255405 0.127703 -0.958363
-0.256651 0.0855504 -0.96271
-0.256651 0.0855504 -0.96271
-0.251473 0.0838245 -0.964227
-0.208436 0.0833745 -0.974476
-0.208436 0.0833745 -0.974476
-0.241698 0.0805661 -0.967001
-0.258011 0.0860038 -0.962306
-0.198471 0.0793886 -0.976886
-0.252732 0.126366 -0.959249
-0.209673 0.125804 -0.969645
-0.247681 0.12384 -0.960894
-0.24347 0.0405783 -0.969059
-0.247697 0.0825656 -0.965313
-0.211631 0.0846525 -0.973677
-0.211631 0.0846525 -0.973677
-0.163024 0.040756 -0.98578
-0.159171 0.0397928 -0.986449
-0.159837 0.0399592 -0.986334
-0.121961 0.0813075 -0.989199
-0.164825 0.164825 -0.972453
-0.162557 0.121918 -0.979138
-0.16584 0.12438 -0.978277
-0.16584 0.12438 -0.978277
-0.124849 0.124849 -0.984289
-0.163831 0.0819156 -0.983081
-0.16584 0.12438 -0.978277
-0.166449 0.124837 -0.978116
-0.156971 0.0784856 -0.98448
-0.122443 0.0816285 -0.989113
-0.125402 0.0836013 -0.988577
-0.124392 0.124392 -0.984405
-0.124939 0.0832926 -0.988662
-0.124392 0.124392 -0.984405
-0.123888 0.123888 -0.984532
-0.124392 0.124392 -0.984405
-0.124392 0.124392 -0.984405
-0.126955 0.126955 -0.98375
-0.126419 0.126419 -0.983889
-0.169255 0.126942 -0.977363
-0.129622 0.129622 -0.983055
-0.11911 0.11911 -0.985711
-0.126955 0.126955 -0.98375
-0.0825973 0.123896 -0.988852
-0.124849 0.124849 -0.984289
-0.124849 0.124849 -0.984289
-0.0853556 0.0853556 -0.992688
-0.122443 0.0816285 -0.989113
-0.0819213 0.0819213 -0.993266
-0.122443 0.0816285 -0.989113
-0.0799803 0.11997 -0.989551
-0.121928 0.121928 -0.985021
-0.0819213 0.0819213 -0.993266
-0.125256 0.125256 -0.984186
-0.0797099 0.119565 -0.989621
-0.0812907 0.121936 -0.989203
-0.122878 0.081919 -0.989035
-0.0819213 0.0819213 -0.993266
-0.0815776 0.122366 -0.989127
-0.122359 0.122359 -0.984915
-0.123639 0.164852 -0.978538
-0.122691 0.204485 -0.97115
-0.0821053 0.164211 -0.983002
-0.0837625 0.167525 -0.982303
-0.123639 0.164852 -0.978538
-0.121642 0.162189 -0.979233
-0.159397 0.119548 -0.979949
-0.165422 0.165422 -0.972251
-0.169903 0.127427 -0.977188
-0.17048 0.12786 -0.97703
-0.175491 0.0438727 -0.983503
-0.130766 0.0871777 -0.987573
-0.127441 0.127441 -0.983625
-0.169255 0.126942 -0.977363
-0.122359 0.122359 -0.984915
-0.168175 0.168175 -0.971306
-0.127441 0.127441 -0.983625
-0.0404135 0.161654 -0.98602
0 0 0
0.0390572 0.195286 -0.979968
0.0399035 0.159614 -0.986373
0.0792331 0.198083 -0.976978
0.0777673 0.194418 -0.977831
0.0381996 0.229198 -0.97263
0.0740894 0.222268 -0.972166
0.0740894 0.222268 -0.972166
0.0770143 0.192536 -0.978263
0.116087 0.193479 -0.974212
0.116087 0.193479 -0.974212
0.119691 0.159588 -0.979901
0.0798022 0.159604 -0.98395
0.119691 0.159588 -0.979901
0.154752 0.193439 -0.968831
0.15583 0.15583 -0.975415
0.154752 0.193439 -0.968831
0.151231 0.189038 -0.970255
0.110604 0.221209 -0.968934
0.151909 0.227864 -0.96177
0.146717 0.220075 -0.964386
0.15312 0.26796 -0.951184
0.112551 0.225103 -0.967812
0.0763861 0.267351 -0.960567
0.0789045 0.236713 -0.96837
0.0792287 0.237686 -0.968105
0 0 0
0.0805063 0.201266 -0.976223
-0.0393585 0.196793 -0.979655
-0.0372096 0.0744191 -0.996533
-0.0792677 0.158535 -0.984166
-0.083235 0.16647 -0.982527
-0.125613 0.125613 -0.984095
-0.125613 0.125613 -0.984095
-0.0837477 0.125622 -0.988537
-0.167467 0.1256 -0.977844
-0.123896 0.0825972 -0.988852
-0.128253 0.128253 -0.983414
-0.124488 0.165983 -0.978239
-0.125917 0.125917 -0.984017
-0.165955 0.165955 -0.972069
-0.0855086 0.128263 -0.988047
-0.166992 0.125244 -0.977971
-0.0839504 0.125926 -0.988481
-0.0824067 0.0824067 -0.993186
-0.125613 0.125613 -0.984095
-0.125613 0.125613 -0.984095
-0.125613 0.125613 -0.984095
-0.124837 0.16645 -0.978116
-0.0830018 0.166004 -0.982626
-0.124837 0.16645 -0.978116
-0.0820568 0.123085 -0.988998
-0.122742 0.122742 -0.984819
-0.125256 0.125256 -0.984186
-0.124488 0.165983 -0.978239
-0.124837 0.16645 -0.978116
-0.122348 0.16313 -0.978989
-0.12064 0.12064 -0.985338
-0.0789783 0.0789783 -0.993743
-0.0755362 0.113304 -0.990685
-0.122019 0.162691 -0.979103
-0.0821011 0.205253 -0.975259
-0.0789702 0.197425 -0.977132
-0.0808218 0.161644 -0.983534
-0.0811036 0.162207 -0.983418
-0.0802306 0.200577 -0.976387
-0.0792677 0.158535 -0.984166
-0.0402576 0.161031 -0.986128
-0.0808218 0.161644 -0.983534
-0.0402576 0.161031 -0.986128
-0.0808218 0.161644 -0.983534
-0.0802306 0.200577 -0.976387
-0.0405545 0.162218 -0.985921
-0.0824359 0.164872 -0.982864
-0.0412208 0.164883 -0.985451
-0.0406469 0.121941 -0.991705
0 0 0
-0.0412208 0.164883 -0.985451
-0.0407471 0.203735 -0.978178
-0.0409087 0.204544 -0.978002
-0.0410555 0.164222 -0.985569
-0.0824359 0.164872 -0.982864
-0.0412208 0.164883 -0.985451
-0.04206 0.16824 -0.984848
-0.0400875 0.16035 -0.986246
0.0393285 0.157314 -0.986765
0.038887 0.194435 -0.980144
0.0385967 0.154387 -0.987256
0.0385967 0.154387 -0.987256
0.0396202 0.198101 -0.979381
0.0402077 0.241246 -0.969631
0.0402077 0.241246 -0.969631
0.0807472 0.242242 -0.96685
0.0402077 0.241246 -0.969631
0.0827307 0.206827 -0.974874
0.0829661 0.165932 -0.982641
0.0834738 0.125211 -0.988612
0.0829007 0.0829007 -0.993104
0.132548 0.0441826 -0.990191
0.0865479 0.0432739 -0.995307
0.0848762 0 -0.996392
0.0836054 0.0418027 -0.995622
0.0831167 0.0415583 -0.995673
0.0420331 0.0420331 -0.998232
0.0412918 0.0825835 -0.995728
0.0403896 0.0403896 -0.998367
0.0425911 0.127773 -0.990888
0.0766683 0 -0.997057
0.0403152 0.120946 -0.99184
0 0 0
0.040875 0.1635 -0.985696
0 0 0
0.0400875 0.16035 -0.986246
0.0400875 0.16035 -0.986246
0.0416928 0.166771 -0.985114
0.040875 0.1635 -0.985696
0.0809737 0.121461 -0.989288
0.0402576 0.161031 -0.986128
0.083895 0.125842 -0.988496
0.0417386 0.125216 -0.991251
0.0394273 0.197136 -0.979583
0.0385671 0.231403 -0.972093
0.0383891 0.230335 -0.972354
0.0381996 0.229198 -0.97263
0.0378419 0.264893 -0.963535
0 0 0
0.0362488 0.217493 -0.975389
0.037528 0.225168 -0.973597
0.0379991 0.227995 -0.972921
0 0 0
0.0399277 0.119783 -0.991997
0.0798527 0.119779 -0.989584
0.0779327 0.155865 -0.984699
0.0394969 0.157987 -0.986651
0.112718 0.112718 -0.987213
0.116888 0.155851 -0.98084
0.0820535 0.164107 -0.983024
0.0406801 0.16272 -0.985833
0.0394969 0.157987 -0.986651
0.0385104 0.192552 -0.980531
0.0380064 0.190032 -0.981042
0.0360484 0.180242 -0.982961
0.0717783 0.179446 -0.981146
0.0730232 0.182558 -0.98048
0 0 0
0.0391548 0.156619 -0.986883
0.0391548 0.156619 -0.986883
0.0404714 0.161885 -0.985979
0 0 0
0 0 0
-0.0416928 0.166771 -0.985114
-0.0419493 0.125848 -0.991162
-0.125628 0.167504 -0.977834
-0.086041 0.129062 -0.987897
-0.130139 0.130139 -0.982918
-0.129276 0.172369 -0.976512
-0.173499 0.130124 -0.9762
-0.173499 0.130124 -0.9762
-0.172334 0.172334 -0.969846
-0.172334 0.172334 -0.969846
-0.168175 0.168175 -0.971306
-0.168175 0.168175 -0.971306
-0.168175 0.168175 -0.971306
-0.123144 0.164192 -0.978712
-0.164825 0.164825 -0.972453
-0.163547 0.204433 -0.965122
-0.122691 0.204485 -0.97115
-0.117615 0.196026 -0.97352
-0.160397 0.200496 -0.966475
-0.078044 0.234132 -0.969067
-0.0777634 0.23329 -0.969293
-0.0777634 0.23329 -0.969293
-0.0403795 0.242277 -0.969367
-0.0409853 0.245912 -0.968425
-0.039094 0.234564 -0.971314
-0.0785539 0.235662 -0.968655
-0.0763522 0.19088 -0.978639
-0.0774567 0.23237 -0.969538
-0.11937 0.19895 -0.972712
-0.123144 0.164192 -0.978712
-0.123639 0.164852 -0.978538
-0.169255 0.126942 -0.977363
-0.086041 0.129062 -0.987897
-0.0854851 0.17097 -0.981561
-0.0425424 0.17017 -0.984496
-0.0416928 0.166771 -0.985114
-0.0833795 0.166759 -0.982466
-0.120242 0.160323 -0.979713
-0.160397 0.200496 -0.966475
-0.160397 0.200496 -0.966475
-0.160397 0.200496 -0.966475
-0.120326 0.200543 -0.972267
-0.120326 0.200543 -0.972267
-0.0802306 0.200577 -0.976387
-0.0818088 0.204522 -0.975437
-0.0834475 0.208619 -0.97443
-0.0858584 0.171717 -0.981398
-0.0831047 0.207762 -0.974643
-0.041557 0.207785 -0.977291
-0.0834475 0.208619 -0.97443
-0.041557 0.207785 -0.977291
-0.0407471 0.203735 -0.978178
-0.121562 0.243124 -0.962348
-0.120326 0.200543 -0.972267
-0.0399668 0.199834 -0.979014
-0.0810615 0.243185 -0.966587
-0.0799258 0.199815 -0.976568
-0.122691 0.204485 -0.97115
-0.0407471 0.203735 -0.978178
-0.122691 0.204485 -0.97115
-0.0808218 0.161644 -0.983534
-0.0407471 0.203735 -0.978178
-0.0399668 0.199834 -0.979014
-0.0398002 0.199001 -0.979191
-0.0403795 0.242277 -0.969367
-0.0403795 0.242277 -0.969367
-0.0399576 0.279703 -0.959255
0 0 0
0 0 0
0.0388865 0.233319 -0.971622
0.0799258 0.199815 -0.976568
0.0398002 0.199001 -0.979191
0.077125 0.231375 -0.969803
0.0763522 0.19088 -0.978639
0.0760069 0.190017 -0.978834
0.116087 0.193479 -0.974212
0.0399035 0.159614 -0.986373
0.0788474 0.197118 -0.977204
0.0777673 0.194418 -0.977831
0.0798022 0.159604 -0.98395
0.118253 0.197088 -0.973228
0.0784131 0.274446 -0.9584
0.121017 0.242035 -0.962691
0.158671 0.277674 -0.947481
0.198223 0.277513 -0.94005
0.194709 0.272592 -0.942222
0.194709 0.272592 -0.942222
0.194709 0.272592 -0.942222
0.158671 0.277674 -0.947481
0.156714 0.27425 -0.948803
0.156714 0.27425 -0.948803
0.192324 0.269254 -0.94367
0.233492 0.272407 -0.933421
0.159372 0.239057 -0.957837
0.204113 0.244936 -0.94781
0.157714 0.275999 -0.94813
0.194709 0.272592 -0.942222
0.196802 0.275523 -0.940933
0.191304 0.267826 -0.944284
0.151429 0.302858 -0.940928
0.154068 0.308136 -0.938784
0.157714 0.275999 -0.94813
0.155866 0.311732 -0.937299
0.157714 0.275999 -0.94813
0.156714 0.27425 -0.948803
0.157714 0.275999 -0.94813
0.118336 0.276118 -0.953811
0.114951 0.306537 -0.944892
0.116936 0.272851 -0.954923
0.0757761 0.303104 -0.94994
0.0771011 0.308404 -0.948126
0.0761733 0.304693 -0.9494
0.113626 0.303003 -0.946192
0.114161 0.342483 -0.932562
0.115499 0.269498 -0.95605
0.115499 0.269498 -0.95605
0.155689 0.311378 -0.937446
0.114221 0.304589 -0.945611
0.112823 0.338469 -0.934189
0.116237 0.309964 -0.943616
0.116237 0.309964 -0.943616
0.118199 0.275797 -0.953921
0.159582 0.279268 -0.94686
0.118793 0.237586 -0.964075
0.117585 0.274365 -0.95441
0.120389 0.280907 -0.952154
0.162192 0.243288 -0.956298
0.158298 0.277022 -0.947734
0.159975 0.239962 -0.95751
0.208068 0.291296 -0.933731
0.20653 0.247836 -0.946532
0.166573 0.291503 -0.941955
0.168535 0.252802 -0.952726
0.168535 0.252802 -0.952726
0.169476 0.254213 -0.952184
0.167025 0.250537 -0.95359
0.125916 0.209859 -0.96959
0.16784 0.2098 -0.963231
0.125916 0.209859 -0.96959
0.125916 0.209859 -0.96959
0.124695 0.249391 -0.960341
0.120998 0.28233 -0.951656
0.120389 0.280907 -0.952154
0.122325 0.326199 -0.937353
0.121124 0.322998 -0.938617
0.15928 0.318559 -0.934425
0.11953 0.318746 -0.940273
0.158498 0.316997 -0.935089
0.117386 0.31303 -0.942461
0.117386 0.31303 -0.942461
0.117386 0.31303 -0.942461
0.116627 0.272129 -0.955167
0.117136 0.273318 -0.954765
0.117386 0.31303 -0.942461
0.117386 0.31303 -0.942461
0.120998 0.28233 -0.951656
0.12568 0.293253 -0.947738
0.166573 0.291503 -0.941955
0.124997 0.29166 -0.94832
0.122654 0.286192 -0.95029
0.122317 0.244634 -0.961869
0.118776 0.277143 -0.953459
0.0795929 0.198982 -0.976766
0.0792287 0.237686 -0.968105
0.0781136 0.273398 -0.958724
0.0781136 0.273398 -0.958724
0.0784282 0.274499 -0.958384
0.0399576 0.279703 -0.959255
0.0394574 0.236745 -0.97077
0.0392209 0.274547 -0.960774
0.0372849 0.298279 -0.95375
0.0371566 0.260096 -0.964868
0.037495 0.22497 -0.973644
0 0 0
0 0 0
0 0 0
0.041557 0.207785 -0.977291
-0.0405367 0.24322 -0.969124
-0.0394574 0.236745 -0.97077
0 0 0
0 0 0
0 0 0
0 0 0
0 0 0
-0.0390952 0.117286 -0.992328
0 0 0
0 0 0
0 0 0
0.0401192 0.200596 -0.978852
0 0 0
0 0 0
0 0 0
0 0 0
0.0409614 0.0819227 -0.995797
0.041621 0.124863 -0.991301
0.041621 0.124863 -0.991301
0.041621 0.124863 -0.991301
0.0409614 0.0819227 -0.995797
0 0 0
0.042219 0.168876 -0.984733
0 0 0
0.0397692 0.159077 -0.986465
0 0 0
0.0413705 0.165482 -0.985345
0.0405545 0.162218 -0.985921
0 0 0
0 0 0
0 0 0
0.0407903 0.122371 -0.991646
0.0413705 0.165482 -0.985345
0.0404135 0.161654 -0.98602
0 0 0
0.0397692 0.159077 -0.986465
0.039013 0.156052 -0.986978
0 0 0
0 0 0
0.038362 0.115086 -0.992615
0 0 0
0.0404883 0.121465 -0.99177
0.0408161 0.0816322 -0.995826
0.0399915 0.119975 -0.991971
0.0405545 0.162218 -0.985921
0.0404135 0.161654 -0.98602
0.0831047 0.207762 -0.974643
0.0837625 0.167525 -0.982303
0.0817446 0.163489 -0.983153
0.120242 0.160323 -0.979713
0.080752 0.20188 -0.976076
0.0798022 0.159604 -0.98395
0.0783051 0.15661 -0.984551
0.0403152 0.120946 -0.99184
0.0779057 0.116859 -0.990088
0.0779057 0.116859 -0.990088
0.0754668 0.150934 -0.985659
0.112921 0.188201 -0.975617
0.0374954 0.187477 -0.981553
0.0768608 0.153722 -0.98512
0.0768608 0.153722 -0.98512
0.080752 0.20188 -0.976076
0.0818944 0.204736 -0.975385
0.0788474 0.197118 -0.977204
0.0806979 0.242094 -0.966891
0.0812117 0.243635 -0.966461
0.0812117 0.243635 -0.966461
0.0787667 0.2363 -0.968482
0.0757204 0.189301 -0.978995
0.0378631 0.189316 -0.981186
0.078081 0.156162 -0.98464
0.0392372 0.196186 -0.979781
0.0804412 0.201103 -0.976262
0.0401187 0.240712 -0.969767
0 0 0
0.041774 0.20887 -0.977051
0.0421065 0.168426 -0.984815
0.0420594 0.210297 -0.976732
0.0420594 0.210297 -0.976732
0.0407217 0.203609 -0.978205
0 0 0
0.0420879 0.168352 -0.984828
0.0410296 0.164118 -0.985587
0.0407217 0.203609 -0.978205
0.0407217 0.203609 -0.978205
0.0411679 0.205839 -0.977719
0 0 0
0.0417558 0.208779 -0.977071
0.0409516 0.204758 -0.977956
0.0409516 0.204758 -0.977956
0.0401759 0.200879 -0.978792
0.0399277 0.119783 -0.991997
0.0397065 0.158826 -0.986508
0 0 0
0 0 0
0 0 0
-0.0396202 0.198101 -0.979381
-0.04038 0.2019 -0.978573
0 0 0
0 0 0
-0.0396202 0.198101 -0.979381
-0.0411679 0.205839 -0.977719
0.0394185 0.275929 -0.960369
0.0398233 0.23894 -0.970217
0 0 0
0 0 0
0 0 0
0 0 0
0 0 0
0 0 0
0.0394273 0.197136 -0.979583
0 0 0
0 0 0
0.0405784 0.24347 -0.969059
0 0 0
0 0 0
0 0 0
0 0 0
0 0 0
0 0 0
0.0389685 0.155874 -0.987008
0.0384325 0.15373 -0.987365
0.0417558 0.208779 -0.977071
0.0820535 0.164107 -0.983024
0.0420977 0.126293 -0.991099
0.0423517 0.127055 -0.990991
0.0412647 0.165059 -0.98542
0.0401759 0.200879 -0.978792
0.0830231 0.124535 -0.988736
0.0794081 0.158816 -0.98411
0.0796358 0.238907 -0.967771
0 0 0
0 0 0
0 0 0
0 0 0
0.042815 0.128445 -0.990792
0 0 0
0 0 0
0 0 0
0 0 0
0 0 0
0.0860241 0.0860241 -0.992572
0.0811603 0.0405802 -0.995875
0.077791 0 -0.99697
0.0845699 0.0845699 -0.992822
0.0809571 0.121436 -0.989292
0.0394969 0.157987 -0.986651
0.0770143 0.192536 -0.978263
0.112861 0.188101 -0.975644
0.112247 0.187079 -0.975911
0.110897 0.184829 -0.976494
0.11489 0.191483 -0.974748
0.11489 0.191483 -0.974748
0.157056 0.157056 -0.975022
0.157056 0.157056 -0.975022
0.115666 0.154221 -0.981243
0.114178 0.114178 -0.986877
0.11561 0.11561 -0.986544
0.114178 0.114178 -0.986877
0.114178 0.114178 -0.986877
0.152236 0.152236 -0.976549
0.158831 0.119123 -0.980093
0.119133 0.119133 -0.985705
0.116919 0.116919 -0.986235
0.153032 0.114774 -0.981534
0.116919 0.116919 -0.986235
0.15588 0.11691 -0.980833
0.15588 0.11691 -0.980833
0.192965 0.0771859 -0.978165
0.154378 0.0771891 -0.984992
0.15588 0.11691 -0.980833
0.195836 0.117502 -0.973572
0.192223 0.115334 -0.97455
0.187768 0.150214 -0.970659
0.192079 0.153663 -0.969275
0.1912 0.15296 -0.96956
0.194753 0.155802 -0.968399
0.157441 0.118081 -0.980443
0.159564 0.159564 -0.974207
0.158406 0.198007 -0.967316
0.113191 0.150921 -0.982044
0.120496 0.200826 -0.972188
0.161832 0.161832 -0.973458
0.124434 0.165912 -0.978258
0.124434 0.165912 -0.978258
0.164434 0.123325 -0.978648
0.124434 0.165912 -0.978258
0.123144 0.164192 -0.978712
0.0842851 0.126428 -0.988389
0.086041 0.129062 -0.987897
0.0421444 0.126433 -0.991079
0.0413705 0.165482 -0.985345
0 0 0
0 0 0
-0.0406469 0.121941 -0.991705
-0.0404135 0.161654 -0.98602
-0.0406469 0.121941 -0.991705
-0.0412208 0.164883 -0.985451
-0.0385041 0.0770082 -0.996287
-0.0398563 0.119569 -0.992026
0 0 0
-0.0402576 0.161031 -0.986128
0 0 0
-0.0404135 0.161654 -0.98602
-0.0808218 0.161644 -0.983534
-0.0402576 0.161031 -0.986128
-0.0805102 0.16102 -0.983662
-0.0402576 0.161031 -0.986128
-0.0403795 0.242277 -0.969367
-0.0802306 0.200577 -0.976387
-0.0402576 0.161031 -0.986128
-0.0799258 0.199815 -0.976568
-0.0394574 0.236745 -0.97077
-0.0390269 0.234162 -0.971414
0 0 0
0 0 0
0 0 0
-0.0410555 0.164222 -0.985569
-0.0416928 0.166771 -0.985114
-0.0817446 0.163489 -0.983153
-0.04038 0.2019 -0.978573
-0.0404883 0.121465 -0.99177
-0.0412208 0.164883 -0.985451
0 0 0
0 0 0
0.0406138 0 -0.999175
0 0 0
0 0 0
0 0 0
0.0410555 0.164222 -0.985569
0.040875 0.1635 -0.985696
0 0 0
0 0 0
0.038454 0.115362 -0.992579
0 0 0
0.0377557 0.113267 -0.992847
0.0387782 0.0775563 -0.996234
0.0755093 0.113264 -0.990691
0.0380623 0.0761246 -0.996372
0.0388661 0.0388661 -0.998488
0.0395206 0.0790411 -0.996088
0.0812277 0 -0.996696
0.0812277 0 -0.996696
0.0795868 0.0397934 -0.996033
0.0406138 0 -0.999175
0.121842 0 -0.99255
0.11884 0.0396132 -0.992123
0.117197 0 -0.993109
0.0780716 0.0390358 -0.996183
0.117107 0.0390356 -0.992352
0.119379 0.0397932 -0.992051
0.156893 0 -0.987616
0.114917 0.0383056 -0.992636
0.153815 0.0384537 -0.987351
0.114435 0.0381451 -0.992698
0.150081 0.0750406 -0.985822
0.152877 0.0764386 -0.985285
0.115002 0 -0.993365
0.117197 0 -0.993109
0.156263 0 -0.987715
0.159301 0 -0.98723
0.195329 0 -0.980738
0.196116 0 -0.980581
0.156263 0 -0.987715
0.199794 0.0399587 -0.979023
0.203777 0.0407555 -0.978169
0.203069 0 -0.979164
0.162455 0 -0.986716
0.159171 0.0397928 -0.986449
0.159171 0.0397928 -0.986449
0.158785 0.0793924 -0.984116
0.159171 0.0397928 -0.986449
0.195492 0.0781967 -0.977583
0.152877 0.0764386 -0.985285
0.120373 0.120373 -0.985404
0.113657 0.151542 -0.981895
0.11589 0.11589 -0.986478
0.154508 0.115881 -0.981172
0.154508 0.115881 -0.981172
0.155777 0.0778883 -0.984717
0.155175 0.116381 -0.981008
0.155175 0.116381 -0.981008
0.197663 0.118598 -0.973069
0.205517 0.12331 -0.970854
0.203289 0.162631 -0.965518
0.244122 0.122061 -0.962032
0.245394 0.122697 -0.961627
0.235804 0.157203 -0.959002
0.19395 0.11637 -0.974085
0.193655 0.154924 -0.96876
0.185454 0.185454 -0.964994
0.152623 0.152623 -0.976429
0.193655 0.154924 -0.96876
0.19472 0.116832 -0.973876
0.151524 0.151524 -0.976771
0.153689 0.153689 -0.976094
0.153689 0.153689 -0.976094
0.156574 0.156574 -0.975177
0.153689 0.153689 -0.976094
0.195144 0.195144 -0.961165
0.184451 0.147561 -0.971701
0.175923 0.105554 -0.978729
0.189909 0.189909 -0.96326
0.185087 0.222104 -0.957295
0.189909 0.189909 -0.96326
0.194753 0.155802 -0.968399
0.159564 0.159564 -0.974207
0.116634 0.19439 -0.973966
0.189909 0.189909 -0.96326
0.186546 0.186546 -0.964573
0.19077 0.19077 -0.962919
0.226721 0.188934 -0.955459
0.188992 0.188992 -0.96362
0.151231 0.189038 -0.970255
0.151231 0.189038 -0.970255
0.222547 0.222547 -0.949182
0.19673 0.236076 -0.951612
0.194885 0.194885 -0.96127
0.197841 0.237409 -0.95105
0.2363 0.196916 -0.951518
0.280756 0.20054 -0.938595
0.274093 0.117468 -0.954502
0.277658 0.158662 -0.947487
0.309035 0.193147 -0.931231
0.309035 0.193147 -0.931231
0.302238 0.226678 -0.925888
0.273065 0.234055 -0.933088
0.23745 0.197875 -0.951032
0.228755 0.266881 -0.936187
0.234091 0.195076 -0.952442
0.269042 0.192173 -0.943762
0.269042 0.192173 -0.943762
0.231428 0.154286 -0.96054
0.234091 0.195076 -0.952442
0.24034 0.160227 -0.957373
0.24034 0.160227 -0.957373
0.200803 0.240963 -0.949534
0.252823 0.210686 -0.944294
0.247882 0.206568 -0.946512
0.240827 0.240827 -0.940215
0.23745 0.197875 -0.951032
0.243118 0.202599 -0.948603
0.241982 0.201651 -0.949095
0.240827 0.240827 -0.940215
0.240827 0.240827 -0.940215
0.245389 0.204491 -0.947612
0.202682 0.202682 -0.95804
0.208671 0.250405 -0.945386
0.168695 0.210869 -0.962848
0.122905 0.24581 -0.961494
0.125147 0.208578 -0.969966
0.125628 0.167504 -0.977834
0.112579 0.112579 -0.987245
0.120752 0.161003 -0.979539
0.075056 0.112584 -0.990803
0.122207 0.203678 -0.971381
0.081133 0.202833 -0.975846
0.121562 0.243124 -0.962348
0.0814857 0.203714 -0.975633
0.0818088 0.204522 -0.975437
0.122207 0.203678 -0.971381
0.119869 0.199782 -0.972481
0.119869 0.199782 -0.972481
0.117615 0.196026 -0.97352
0.117615 0.196026 -0.97352
0.121219 0.161626 -0.979379
0.159789 0.199736 -0.966733
0.118831 0.198052 -0.972962
0.120577 0.241154 -0.962967
0.0792331 0.198083 -0.976978
0.116087 0.193479 -0.974212
0.160623 0.200779 -0.966379
0.120496 0.200826 -0.972188
0.0784371 0.196093 -0.977443
0.115505 0.192509 -0.974474
0.1191 0.1588 -0.980101
0.117638 0.196063 -0.973509
0.117808 0.157077 -0.980535
0.118472 0.157962 -0.980312
0.0789891 0.157978 -0.984278
0.119158 0.198597 -0.972811
0.1191 0.1588 -0.980101
0.122317 0.244634 -0.961869
0.196802 0.275523 -0.940933
0.154836 0.232254 -0.960252
0.152046 0.228069 -0.9617
0.117144 0.19524 -0.973734
0.157636 0.197045 -0.967638
0.156275 0.234412 -0.959494
0.157636 0.197045 -0.967638
0.124499 0.207499 -0.970281
0.121404 0.202341 -0.971761
0.0804939 0.160988 -0.983668
0.0779501 0.116925 -0.990077
0.158777 0.158777 -0.974464
0.152985 0.152985 -0.976315
0.152985 0.152985 -0.976315
0.151965 0.189956 -0.96996
0.115505 0.192509 -0.974474
0.156817 0.196021 -0.967979
0.195966 0.195966 -0.96083
0.240764 0.200637 -0.94962
0.205031 0.164025 -0.964913
0.24597 0.16398 -0.955306
0.239908 0.159939 -0.95753
0.249231 0.166154 -0.954084
0.206379 0.165103 -0.964442
0.162031 0.162031 -0.973392
0.16514 0.16514 -0.972346
0.124634 0.124634 -0.984344
0.123876 0.165168 -0.978455
0.119158 0.198597 -0.972811
0.0789702 0.197425 -0.977132
0.116988 0.19498 -0.973805
0.116988 0.19498 -0.973805
0.155951 0.194939 -0.968338
0.158842 0.198552 -0.967133
0.151909 0.227864 -0.96177
0.152709 0.229063 -0.961359
0.19242 0.19242 -0.962262
0.195966 0.195966 -0.96083
0.20036 0.240432 -0.949762
0.22942 0.267657 -0.935802
0.225474 0.263053 -0.938064
0.225474 0.263053 -0.938064
0.226633 0.264405 -0.937405
0.187474 0.224968 -0.95616
0.190816 0.228979 -0.954546
0.152709 0.229063 -0.961359
0.194885 0.194885 -0.96127
0.159757 0.199696 -0.966747
0.120728 0.16097 -0.979547
0.16001 0.16001 -0.97406
0.15794 0.15794 -0.974736
0.196284 0.157027 -0.967892
0.195966 0.195966 -0.96083
0.19242 0.19242 -0.962262
0.195836 0.117502 -0.973572
0.245389 0.204491 -0.947612
0.199635 0.199635 -0.959318
0.204578 0.204578 -0.957233
0.203434 0.203434 -0.957721
0.238063 0.158709 -0.958195
0.2363 0.196916 -0.951518
0.231987 0.193322 -0.953314
0.238063 0.158709 -0.958195
0.277658 0.158662 -0.947487
0.27054 0.193243 -0.943115
0.229392 0.152928 -0.961245
0.240665 0.120332 -0.96312
0.243882 0.162588 -0.956079
0.2363 0.196916 -0.951518
0.195682 0.156546 -0.968092
0.234765 0.15651 -0.95937
0.260415 0.0744044 -0.962625
0.284719 0.20337 -0.93679
0.235804 0.157203 -0.959002
0.234091 0.195076 -0.952442
0.315485 0.157742 -0.935728
0.275026 0.157158 -0.948505
0.272989 0.194992 -0.942048
0.280311 0.160178 -0.946451
0.282032 0.120871 -0.951761
0.241784 0.120892 -0.96277
0.277786 0.119051 -0.953238
0.240665 0.120332 -0.96312
0.236107 0.118053 -0.964529
0.234765 0.15651 -0.95937
0.232711 0.116356 -0.96556
0.275026 0.157158 -0.948505
0.28324 0.121388 -0.951336
0.271455 0.116338 -0.955394
0.317406 0.119027 -0.94079
0.316105 0.118539 -0.94129
0.317406 0.119027 -0.94079
0.312721 0.0781803 -0.946622
0.316105 0.118539 -0.94129
0.30278 0.15139 -0.94096
0.310178 0.116317 -0.943536
0.30278 0.15139 -0.94096
0.263926 0.150815 -0.952679
0.270291 0.115839 -0.955785
0.273817 0.156467 -0.948969
0.316105 0.118539 -0.94129
0.316105 0.118539 -0.94129
0.275026 0.157158 -0.948505
0.276646 0.118563 -0.95363
0.271455 0.116338 -0.955394
0.310178 0.116317 -0.943536
0.276646 0.118563 -0.95363
0.271455 0.116338 -0.955394
0.239241 0.159494 -0.957771
0.19988 0.239856 -0.950009
0.1962 0.235441 -0.951879
0.191759 0.230111 -0.954085
0.118831 0.198052 -0.972962
0.080404 0.241212 -0.967136
0.0400875 0.16035 -0.986246
0.0405707 0.202853 -0.978368
0.0817446 0.163489 -0.983153
0.081133 0.202833 -0.975846
0.080752 0.20188 -0.976076
0.0813548 0.16271 -0.983314
0.0821053 0.164211 -0.983002
0.0817446 0.163489 -0.983153
0.0406801 0.16272 -0.985833
0.0817446 0.163489 -0.983153
0.0401281 0.120384 -0.991916
0.0403152 0.120946 -0.99184
0.0806275 0.120941 -0.98938
0.0393285 0.157314 -0.986765
0.0400875 0.16035 -0.986246
0.04038 0.2019 -0.978573
0.0400222 0.240133 -0.969915
0 0 0
-0.0758714 0.303486 -0.949811
-0.0775248 0.271337 -0.959357
-0.0782977 0.234893 -0.968863
-0.0782977 0.234893 -0.968863
-0.0787099 0.196775 -0.977284
-0.078422 0.196055 -0.977452
-0.0392145 0.196073 -0.979805
-0.0777706 0.155541 -0.984763
-0.0752334 0.2257 -0.971287
-0.0358907 0.251235 -0.967261
-0.0366294 0.256406 -0.965875
-0.0388865 0.233319 -0.971622
-0.0381792 0.190896 -0.980868
0.0402077 0.241246 -0.969631
0.0387331 0.232399 -0.971849
0.0385093 0.269565 -0.962212
0 0 0
0.0396197 0.237718 -0.970526
0 0 0
0.0777634 0.23329 -0.969293
0.11937 0.19895 -0.972712
0.0801699 0.16034 -0.983801
0.121679 0.202798 -0.971631
0.160978 0.160978 -0.973741
0.120752 0.161003 -0.979539
0.164164 0.164164 -0.972677
0.160978 0.160978 -0.973741
0.160978 0.160978 -0.973741
0.160299 0.160299 -0.973965
0.162198 0.202748 -0.965705
0.20356 0.20356 -0.957667
0.20356 0.20356 -0.957667
0.156787 0.195984 -0.967992
0.156159 0.195199 -0.968252
0.156787 0.195984 -0.967992
0.155448 0.233172 -0.959931
0.117144 0.19524 -0.973734
0.115773 0.154365 -0.981207
0.156159 0.195199 -0.968252
0.153297 0.191621 -0.969423
0.156159 0.195199 -0.968252
0.153297 0.191621 -0.969423
0.116161 0.232322 -0.965677
0.158298 0.277022 -0.947734
0.198652 0.278112 -0.939782
0.158298 0.277022 -0.947734
0.197879 0.237455 -0.95103
0.157724 0.236586 -0.958723
0.154836 0.232254 -0.960252
0.197879 0.237455 -0.95103
0.197879 0.237455 -0.95103
0.194234 0.23308 -0.952863
0.159124 0.198905 -0.967014
0.154836 0.232254 -0.960252
0.152674 0.26718 -0.951476
0.194196 0.271874 -0.942535
0.159975 0.239962 -0.95751
0.162198 0.202748 -0.965705
0.19735 0.15788 -0.967537
0.157268 0.157268 -0.974953
0.199297 0.0797189 -0.976691
0.19472 0.116832 -0.973876
0.161231 0.120923 -0.97948
0.160484 0.120363 -0.979672
0.15794 0.15794 -0.974736
0.192223 0.115334 -0.97455
0.186546 0.186546 -0.964573
0.15548 0.19435 -0.968532
0.156159 0.195199 -0.968252
0.157268 0.157268 -0.974953
0.153689 0.153689 -0.976094
0.155175 0.116381 -0.981008
0.155175 0.116381 -0.981008
0.155175 0.116381 -0.981008
0.197663 0.118598 -0.973069
0.160484 0.120363 -0.979672
0.197663 0.118598 -0.973069
0.204261 0.163409 -0.965181
0.156574 0.156574 -0.975177
0.185975 0.14878 -0.971225
0.197841 0.237409 -0.95105
0.22309 0.148727 -0.963385
0.26143 0.298777 -0.917816
0.267064 0.228912 -0.936096
0.270015 0.231441 -0.934627
0.230998 0.192499 -0.953721
0.229602 0.191335 -0.954292
0.225474 0.263053 -0.938064
0.189819 0.227782 -0.955031
0.152709 0.229063 -0.961359
0.190816 0.228979 -0.954546
0.195265 0.234318 -0.952348
0.115131 0.230262 -0.966294
0.077125 0.231375 -0.969803
0.0767083 0.268479 -0.960226
0.0763486 0.229046 -0.970417
0.0385093 0.269565 -0.962212
0.0770061 0.269522 -0.959911
0.0767083 0.268479 -0.960226
0.0767083 0.268479 -0.960226
0 0 0
0.0375275 0.262693 -0.96415
0.0763861 0.267351 -0.960567
0.0380335 0.228201 -0.972871
0.0376804 0.263763 -0.963851
0.0774567 0.23237 -0.969538
0.0800332 0.2401 -0.967443
0.0795929 0.198982 -0.976766
0.0774567 0.23237 -0.969538
0.0795929 0.198982 -0.976766
0.0792331 0.198083 -0.976978
0.11937 0.19895 -0.972712
0.117144 0.19524 -0.973734
0.120242 0.160323 -0.979713
0.121679 0.202798 -0.971631
0.081133 0.202833 -0.975846
0.077125 0.231375 -0.969803
0.115131 0.230262 -0.966294
0.0763861 0.267351 -0.960567
0.115499 0.269498 -0.95605
0.112801 0.300802 -0.946992
0.116643 0.233285 -0.965387
0.157025 0.235537 -0.959096
0.195144 0.195144 -0.961165
0.15548 0.19435 -0.968532
0.231428 0.154286 -0.96054
0.19347 0.232164 -0.953241
0.186624 0.223949 -0.956566
0.230446 0.153631 -0.960881
0.194297 0.194297 -0.961508
0.231987 0.193322 -0.953314
0.234765 0.15651 -0.95937
0.195682 0.156546 -0.968092
0.192898 0.154318 -0.969008
0.15548 0.19435 -0.968532
0.195144 0.195144 -0.961165
0.23745 0.197875 -0.951032
0.240764 0.200637 -0.94962
0.197949 0.197949 -0.960017
0.202682 0.202682 -0.95804
0.201733 0.201733 -0.95844
0.169224 0.169224 -0.970941
0.202682 0.202682 -0.95804
0.166709 0.166709 -0.971811
0.162902 0.203627 -0.965401
0.11889 0.158519 -0.980172
0.0792677 0.158535 -0.984166
0.122691 0.204485 -0.97115
0.0812907 0.121936 -0.989203
0.0795336 0.159067 -0.984059
0.0818088 0.204522 -0.975437
0.0818088 0.204522 -0.975437
0.0831047 0.207762 -0.974643
0.0834475 0.208619 -0.97443
0.0818088 0.204522 -0.975437
0.0409087 0.204544 -0.978002
0.0413339 0.248003 -0.967877
0.081958 0.245874 -0.965831
0.0823216 0.246965 -0.965521
0.0823216 0.246965 -0.965521
0.0831047 0.207762 -0.974643
0.0405367 0.24322 -0.969124
0.0818088 0.204522 -0.975437
0.0814857 0.203714 -0.975633
0.0795929 0.198982 -0.976766
0.0795929 0.198982 -0.976766
0.081133 0.202833 -0.975846
0.081133 0.202833 -0.975846
0.04038 0.2019 -0.978573
0.0397912 0.278538 -0.959601
0.0760583 0.228175 -0.970645
0.0726609 0.181652 -0.980675
0.0757441 0.227232 -0.97089
0.077125 0.231375 -0.969803
0.115031 0.268407 -0.956413
0.0763861 0.267351 -0.960567
0.115031 0.268407 -0.956413
0.117805 0.23561 -0.964681
0.11833 0.236661 -0.96436
0.077125 0.231375 -0.969803
0.120577 0.241154 -0.962967
0.0795929 0.198982 -0.976766
0.121091 0.242183 -0.962645
0.121091 0.242183 -0.962645
0.116161 0.232322 -0.965677
0.114595 0.305586 -0.945244
0.115886 0.2704 -0.955748
0.1142 0.304534 -0.945631
0.1142 0.304534 -0.945631
0.113419 0.264643 -0.957653
0.118039 0.275424 -0.954049
0.158371 0.237556 -0.958377
0.11937 0.19895 -0.972712
0.114995 0.191659 -0.974701
0.0766741 0.191685 -0.978457
0.0736641 0.18416 -0.980132
0.0731178 0.219353 -0.972902
0.0731178 0.219353 -0.972902
0.0749852 0.187463 -0.979405
0.112464 0.187439 -0.975817
0.112921 0.188201 -0.975617
0.0768608 0.153722 -0.98512
0.0777673 0.194418 -0.977831
0.0768608 0.153722 -0.98512
0.0769058 0.115359 -0.990342
0.0772636 0.115895 -0.990252
0.0772636 0.115895 -0.990252
0.11639 0.11639 -0.98636
0.11589 0.11589 -0.986478
0.11639 0.11639 -0.98636
0.155175 0.116381 -0.981008
0.155175 0.116381 -0.981008
0.155777 0.0778883 -0.984717
0.11862 0.11862 -0.985829
0.121679 0.202798 -0.971631
0.202682 0.202682 -0.95804
0.158406 0.198007 -0.967316
0.160715 0.241072 -0.957108
0.158406 0.198007 -0.967316
0.156159 0.195199 -0.968252
0.154836 0.232254 -0.960252
0.156787 0.195984 -0.967992
0.201182 0.160946 -0.966241
0.160299 0.160299 -0.973965
0.163444 0.163444 -0.972919
0.160299 0.160299 -0.973965
0.163444 0.163444 -0.972919
0.159564 0.159564 -0.974207
0.159564 0.159564 -0.974207
0.202682 0.202682 -0.95804
0.194712 0.0778849 -0.977763
0.201182 0.160946 -0.966241
0.241357 0.160905 -0.957004
0.24034 0.160227 -0.957373
0.278149 0.198678 -0.939766
0.319023 0.19939 -0.926535
0.319023 0.19939 -0.926535
0.349406 0.155292 -0.924013
0.314212 0.196382 -0.928819
0.350256 0.116752 -0.929349
0.310207 0.232655 -0.921761
0.233076 0.19423 -0.952864
0.19077 0.19077 -0.962919
0.227819 0.18985 -0.955016
0.1912 0.15296 -0.96956
0.227819 0.18985 -0.955016
0.233076 0.19423 -0.952864
0.238063 0.158709 -0.958195
0.238063 0.158709 -0.958195
0.198434 0.158747 -0.967173
0.193117 0.11587 -0.97431
0.23064 0.11532 -0.966181
0.226276 0.150851 -0.962311
0.267557 0.15289 -0.951335
0.307087 0.153544 -0.939213
0.317211 0.158605 -0.934998
0.288503 0.164859 -0.94318
0.294228 0.16813 -0.940831
0.282173 0.201552 -0.937953
0.320677 0.200423 -0.925741
0.400234 0.200117 -0.894296
0.358586 0.199214 -0.911992
0.394095 0.236457 -0.888131
0.36051 0.200283 -0.910999
0.27903 0.159446 -0.946952
0.317706 0.198566 -0.927165
0.387588 0.193794 -0.901232
0.396552 0.198276 -0.896344
0.353873 0.196596 -0.914398
0.316282 0.197677 -0.927841
0.347328 0.231552 -0.908706
0.344222 0.191234 -0.919207
0.385533 0.23132 -0.893227
0.410105 0.298258 -0.861891
0.366901 0.330211 -0.86968
0.376143 0.300914 -0.876337
0.346669 0.30815 -0.885925
0.346682 0.269641 -0.898391
0.309945 0.271202 -0.911254
0.304498 0.266436 -0.914491
0.343607 0.26725 -0.900284
0.336288 0.261557 -0.904709
0.292028 0.292028 -0.910736
0.299221 0.261818 -0.917561
0.300951 0.300951 -0.904907
0.354568 0.275775 -0.893437
0.405833 0.284083 -0.868675
0.317181 0.317181 -0.893752
0.32138 0.281208 -0.904233
0.348392 0.309682 -0.884715
0.356942 0.237961 -0.903309
0.352171 0.234781 -0.90601
0.360325 0.240217 -0.901366
0.314705 0.236029 -0.919375
0.313324 0.234993 -0.920112
0.358657 0.199254 -0.911956
0.361836 0.241224 -0.900492
0.355147 0.236765 -0.90433
0.398185 0.199093 -0.895439
0.360325 0.240217 -0.901366
0.394171 0.236502 -0.888086
0.356141 0.276999 -0.892432
0.312513 0.273449 -0.909704
0.355147 0.236765 -0.90433
0.315983 0.236987 -0.91869
0.355147 0.236765 -0.90433
0.276703 0.237174 -0.931227
0.231513 0.192927 -0.95351
0.233801 0.233801 -0.943755
0.278803 0.278803 -0.918988
0.238212 0.238212 -0.941546
0.312513 0.273449 -0.909704
0.315983 0.236987 -0.91869
0.315983 0.236987 -0.91869
0.315983 0.236987 -0.91869
0.355147 0.236765 -0.90433
0.315983 0.236987 -0.91869
0.305764 0.267543 -0.913744
0.305764 0.267543 -0.913744
0.340739 0.302879 -0.890034
0.298136 0.260869 -0.918184
0.271379 0.310148 -0.911132
0.346732 0.308207 -0.885881
0.254046 0.181462 -0.950017
0.228417 0.114208 -0.966841
0.227472 0.113736 -0.96712
0.147115 0.0367788 -0.988435
0.155462 0.0388654 -0.987077
0.156141 0.0390353 -0.986963
0.159837 0.0399592 -0.986334
0.196837 0 -0.980436
0.151592 0 -0.988443
0.188006 0.0376012 -0.981448
0.188708 0.0377416 -0.981308
0.195959 0.0391919 -0.979829
0.154358 0.0385895 -0.987261
0.200724 0 -0.979648
0.195959 0.0391919 -0.979829
0.154358 0.0385895 -0.987261
0.115857 0 -0.993266
0.113694 0 -0.993516
0.115857 0 -0.993266
0.0757962 0 -0.997123
0.115769 0.0385898 -0.992526
0.115362 0.038454 -0.992579
0.159837 0.0399592 -0.986334
0.122755 0.0409182 -0.991593
0.121436 0.0809571 -0.989292
0.126955 0.126955 -0.98375
0.123888 0.123888 -0.984532
0.126419 0.126419 -0.983889
0.123144 0.164192 -0.978712
0.123144 0.164192 -0.978712
0.120752 0.161003 -0.979539
0.120242 0.160323 -0.979713
0.121679 0.202798 -0.971631
0.124073 0.206788 -0.970487
0.165386 0.206733 -0.964318
0.121107 0.201846 -0.971901
0.11937 0.19895 -0.972712
0.122207 0.203678 -0.971381
0.162902 0.203627 -0.965401
0.121679 0.202798 -0.971631
0.11937 0.19895 -0.972712
0.117144 0.19524 -0.973734
0.156787 0.195984 -0.967992
0.153297 0.191621 -0.969423
0.114995 0.191659 -0.974701
0.112047 0.261443 -0.958693
0.153316 0.268304 -0.951056
0.112996 0.263657 -0.957975
0.10458 0.20916 -0.972273
0.151419 0.227129 -0.962021
0.153316 0.268304 -0.951056
0.155448 0.233172 -0.959931
0.194932 0.233918 -0.952514
0.234557 0.234557 -0.94338
0.196645 0.196645 -0.960553
0.160397 0.200496 -0.966475
0.237643 0.158429 -0.958345
0.240427 0.200356 -0.949765
0.279305 0.199503 -0.939248
0.283043 0.242608 -0.927916
0.200434 0.200434 -0.958985
0.239517 0.199598 -0.950154
0.199675 0.199675 -0.959302
0.230598 0.269031 -0.935118
0.190712 0.228855 -0.954597
0.156008 0.234011 -0.959635
0.232965 0.232965 -0.944169
0.239517 0.199598 -0.950154
0.20356 0.20356 -0.957667
0.24417 0.203475 -0.948145
0.200803 0.240963 -0.949534
0.19347 0.232164 -0.953241
0.194234 0.23308 -0.952863
0.195928 0.195928 -0.960846
0.196645 0.196645 -0.960553
0.241357 0.160905 -0.957004
0.242821 0.12141 -0.962444
0.162198 0.202748 -0.965705
0.201656 0.241987 -0.949093
0.241848 0.241848 -0.939691
0.240427 0.200356 -0.949765
0.271629 0.232825 -0.933815
0.240427 0.200356 -0.949765
0.240427 0.200356 -0.949765
0.241357 0.160905 -0.957004
0.200434 0.200434 -0.958985
0.245133 0.204278 -0.947724
0.250018 0.208348 -0.945559
0.24752 0.24752 -0.936732
0.245133 0.204278 -0.947724
0.240427 0.200356 -0.949765
0.239517 0.199598 -0.950154
0.240427 0.200356 -0.949765
0.235889 0.196574 -0.95169
0.240427 0.200356 -0.949765
0.240427 0.200356 -0.949765
0.233801 0.233801 -0.943755
0.235889 0.196574 -0.95169
0.238212 0.238212 -0.941546
0.288548 0.247327 -0.92497
0.283043 0.242608 -0.927916
0.281956 0.241676 -0.92849
0.240427 0.200356 -0.949765
0.238212 0.238212 -0.941546
0.194932 0.233918 -0.952514
0.194932 0.233918 -0.952514
0.191373 0.229648 -0.954274
0.22875 0.22875 -0.946228
0.229541 0.229541 -0.945844
0.229541 0.229541 -0.945844
0.223286 0.2605 -0.939299
0.257491 0.294276 -0.92038
0.223286 0.2605 -0.939299
0.223286 0.2605 -0.939299
0.229541 0.229541 -0.945844
0.192992 0.192992 -0.962034
0.195928 0.195928 -0.960846
0.197073 0.236487 -0.951439
0.238524 0.19877 -0.950577
0.229812 0.19151 -0.954207
0.229812 0.19151 -0.954207
0.235804 0.157203 -0.959002
0.189207 0.227049 -0.955327
0.147408 0.257964 -0.954843
0.113595 0.22719 -0.967203
0.147864 0.184829 -0.971583
0.148755 0.223132 -0.963371
0.116161 0.232322 -0.965677
0.116634 0.19439 -0.973966
0.115773 0.154365 -0.981207
0.154951 0.154951 -0.975695
0.0781075 0.195269 -0.977635
0.0755717 0.188929 -0.979079
0.0388874 0.15555 -0.987062
0.0805102 0.16102 -0.983662
0.040875 0.1635 -0.985696
0.04038 0.2019 -0.978573
0 0 0
0.0392145 0.196073 -0.979805
0.0399668 0.199834 -0.979014
0 0 0
0 0 0
0.0399668 0.199834 -0.979014
0 0 0
0 0 0
0 0 0
0 0 0
0 0 0
0 0 0
0 0 0
-0.0407888 0.244733 -0.968732
0 0 0
-0.0383891 0.230335 -0.972354
-0.0370485 0.222291 -0.974276
-0.0763522 0.19088 -0.978639
-0.117144 0.19524 -0.973734
-0.114513 0.190855 -0.974916
-0.0801699 0.16034 -0.983801
-0.116634 0.19439 -0.973966
-0.116634 0.19439 -0.973966
-0.154836 0.232254 -0.960252
-0.116621 0.233241 -0.9654
-0.159014 0.278275 -0.947247
-0.159975 0.239962 -0.95751
-0.165386 0.206733 -0.964318
-0.159014 0.278275 -0.947247
-0.117615 0.196026 -0.97352
-0.117615 0.196026 -0.97352
-0.117615 0.196026 -0.97352
-0.117144 0.19524 -0.973734
-0.115773 0.154365 -0.981207
-0.0771893 0.154379 -0.984992
-0.0774567 0.23237 -0.969538
-0.0766741 0.191685 -0.978457
-0.0760583 0.228175 -0.970645
-0.0777673 0.194418 -0.977831
-0.0390572 0.195286 -0.979968
-0.0401281 0.120384 -0.991916
-0.0802535 0.12038 -0.989479
0 0 0
-0.040875 0.1635 -0.985696
0 0 0
-0.041486 0.165944 -0.985262
0 0 0
0 0 0
-0.0399035 0.159614 -0.986373
0 0 0
0 0 0
0.0403152 0.120946 -0.99184
0 0 0
0 0 0
0.0399035 0.159614 -0.986373
0.0800332 0.2401 -0.967443
0.117144 0.19524 -0.973734
0.117446 0.156595 -0.980655
0.119845 0.199742 -0.972492
0.152709 0.229063 -0.961359
0.114563 0.229126 -0.966631
0.186596 0.261234 -0.947068
0.151251 0.264689 -0.952398
0.188974 0.264563 -0.945672
0.233009 0.233009 -0.944147
0.228874 0.228874 -0.946168
0.194753 0.155802 -0.968399
0.233652 0.155768 -0.959762
0.239465 0.119732 -0.963494
0.239465 0.119732 -0.963494
0.233652 0.155768 -0.959762
0.233652 0.155768 -0.959762
0.188992 0.188992 -0.96362
0.187474 0.224968 -0.95616
0.183339 0.220007 -0.958115
0.188022 0.188022 -0.964
0.263461 0.225823 -0.937866
0.188992 0.188992 -0.96362
0.230828 0.192356 -0.953791
0.190816 0.228979 -0.954546
0.235075 0.195896 -0.952032
0.277658 0.198327 -0.939985
0.235075 0.195896 -0.952032
0.229392 0.152928 -0.961245
0.190264 0.152211 -0.969862
0.19242 0.19242 -0.962262
0.188992 0.188992 -0.96362
0.225559 0.187966 -0.955925
0.2363 0.196916 -0.951518
0.191759 0.230111 -0.954085
0.189909 0.189909 -0.96326
0.191759 0.230111 -0.954085
0.189207 0.227049 -0.955327
0.230003 0.230003 -0.94562
0.235996 0.275328 -0.931934
0.241701 0.241701 -0.939767
0.278111 0.238381 -0.930499
0.27556 0.196828 -0.940917
0.268184 0.229872 -0.935541
0.192645 0.231174 -0.953649
0.23745 0.197875 -0.951032
0.240764 0.200637 -0.94962
0.231987 0.193322 -0.953314
0.2363 0.196916 -0.951518
0.199417 0.159533 -0.966841
0.242635 0.161756 -0.956537
0.239465 0.119732 -0.963494
0.197388 0.157911 -0.967524
0.2363 0.196916 -0.951518
0.197949 0.197949 -0.960017
0.197949 0.197949 -0.960017
0.197949 0.197949 -0.960017
0.2363 0.196916 -0.951518
0.238063 0.158709 -0.958195
0.2363 0.196916 -0.951518
0.24034 0.160227 -0.957373
0.207307 0.165845 -0.964116
0.246678 0.205565 -0.947044
0.213941 0.213941 -0.953131
0.251547 0.209622 -0.944872
0.253693 0.169129 -0.952384
0.244281 0.244281 -0.938431
0.19988 0.239856 -0.950009
0.19988 0.239856 -0.950009
0.158298 0.277022 -0.947734
0.245449 0.245449 -0.937822
0.20369 0.244428 -0.948032
0.207637 0.249164 -0.945941
0.207637 0.249164 -0.945941
0.16303 0.244545 -0.955834
0.159975 0.239962 -0.95751
0.19988 0.239856 -0.950009
0.197759 0.276863 -0.940339
0.19988 0.239856 -0.950009
0.197073 0.236487 -0.951439
0.195265 0.234318 -0.952348
0.197949 0.197949 -0.960017
0.197949 0.197949 -0.960017
0.202645 0.243174 -0.948579
0.200433 0.280607 -0.938662
0.204187 0.285862 -0.936264
0.196802 0.275523 -0.940933
0.159975 0.239962 -0.95751
0.19988 0.239856 -0.950009
0.19988 0.239856 -0.950009
0.197759 0.276863 -0.940339
0.196802 0.275523 -0.940933
0.193289 0.270605 -0.943087
0.189889 0.265844 -0.945129
0.116627 0.272129 -0.955167
0.118793 0.237586 -0.964075
0.159183 0.238774 -0.957939
0.202645 0.243174 -0.948579
0.202645 0.243174 -0.948579
0.157531 0.275679 -0.948254
0.165307 0.247961 -0.954562
0.202645 0.243174 -0.948579
0.117585 0.274365 -0.95441
0.155477 0.233216 -0.959915
0.115499 0.269498 -0.95605
0.114031 0.266072 -0.957185
0.112801 0.300802 -0.946992
0.189405 0.303047 -0.933964
0.189405 0.303047 -0.933964
0.189405 0.303047 -0.933964
0.150998 0.301996 -0.941275
0.194196 0.271874 -0.942535
0.1962 0.235441 -0.951879
0.2342 0.2342 -0.943557
0.239723 0.239723 -0.940779
0.197759 0.276863 -0.940339
0.198652 0.278112 -0.939782
0.20369 0.244428 -0.948032
0.240336 0.280392 -0.929311
0.207637 0.249164 -0.945941
0.201444 0.282021 -0.938021
0.245449 0.245449 -0.937822
0.200803 0.240963 -0.949534
0.239723 0.239723 -0.940779
0.238206 0.277907 -0.930605
0.19988 0.239856 -0.950009
0.197759 0.276863 -0.940339
0.190748 0.267047 -0.944617
0.157025 0.235537 -0.959096
0.197879 0.237455 -0.95103
0.120268 0.280625 -0.952253
0.119261 0.238522 -0.963786
0.15391 0.269343 -0.950666
0.112996 0.263657 -0.957975
0.14852 0.25991 -0.954143
0.11083 0.221661 -0.968805
0.149898 0.224847 -0.962795
0.0752334 0.2257 -0.971287
0.114899 0.229797 -0.966432
0.112803 0.338409 -0.934213
0.0762646 0.343191 -0.936164
0.116369 0.349107 -0.929829
0.118456 0.355367 -0.927191
0.0804247 0.321699 -0.94342
0.0407204 0.285043 -0.957649
0.0826547 0.247964 -0.965237
0.0823216 0.246965 -0.965521
0.12345 0.2469 -0.961146
0.0386234 0.308987 -0.950282
0.078716 0.275506 -0.958071
0.0394953 0.276467 -0.960212
0.0387755 0.310204 -0.949879
0.0775341 0.310136 -0.947525
0.077924 0.350658 -0.933256
0.0790101 0.355546 -0.931313
0.08045 0.362025 -0.92869
0.0790101 0.355546 -0.931313
0.077924 0.350658 -0.933256
0.0781136 0.273398 -0.958724
0.119812 0.279561 -0.952623
0.0823216 0.246965 -0.965521
0.121091 0.242183 -0.962645
0.119314 0.278399 -0.953026
0.0761595 0.304638 -0.949418
0.146977 0.293954 -0.944452
0.109891 0.293042 -0.949763
0.0732819 0.293128 -0.953261
0.115031 0.268407 -0.956413
0.151685 0.265448 -0.952118
0.192289 0.269205 -0.943692
0.195563 0.234676 -0.952199
0.196645 0.196645 -0.960553
0.160397 0.200496 -0.966475
0.250018 0.208348 -0.945559
0.242783 0.242783 -0.939209
0.252124 0.168083 -0.952986
0.253073 0.168716 -0.952622
0.253073 0.168716 -0.952622
0.254772 0.127386 -0.958574
0.248006 0.165337 -0.954545
0.253073 0.168716 -0.952622
0.253073 0.168716 -0.952622
0.295139 0.168651 -0.940452
0.206731 0.165385 -0.964319
0.248996 0.207497 -0.946016
0.24653 0.24653 -0.937255
0.251383 0.251383 -0.934673
0.197053 0.315284 -0.928313
0.167793 0.25169 -0.953152
0.131095 0.218491 -0.966993
0.0439566 0.219783 -0.974558
0 0 0
0 0 0
-0.0827307 0.206827 -0.974874
-0.042746 0.170984 -0.984346
-0.0425424 0.17017 -0.984496
-0.0409853 0.245912 -0.968425
-0.0417915 0.250749 -0.96715
0 0 0
-0.0407204 0.285043 -0.957649
-0.0413243 0.28927 -0.956355
-0.0423982 0.211991 -0.976351
-0.0415833 0.2495 -0.967482
0 0 0
0 0 0
0 0 0
-0.0421996 0.210998 -0.976575
-0.0421996 0.210998 -0.976575
-0.0413699 0.20685 -0.977498
-0.0411672 0.247003 -0.96814
-0.0402077 0.241246 -0.969631
-0.0413699 0.20685 -0.977498
-0.041557 0.207785 -0.977291
-0.0418844 0.167537 -0.984976
-0.041557 0.207785 -0.977291
0 0 0
0.0402077 0.241246 -0.969631
0.0402077 0.241246 -0.969631
0.0402077 0.241246 -0.969631
0.0396197 0.237718 -0.970526
0.0405367 0.24322 -0.969124
0.0397912 0.278538 -0.959601
0.0786343 0.314537 -0.945983
0.0756082 0.340237 -0.937295
0.0778797 0.350459 -0.933335
0.0789091 0.315636 -0.945594
0.08134 0.28469 -0.955162
0.0793267 0.317307 -0.944999
0.0391526 0.313221 -0.948873
0.0396728 0.317383 -0.947467
0 0 0
0.0401503 0.281052 -0.958852
0 0 0
0 0 0
0.0396728 0.317383 -0.947467
0.0409073 0.286351 -0.957251
0 0 0
0 0 0
0 0 0
0 0 0
-0.0401503 0.281052 -0.958852
0 0 0
-0.0389508 0.350557 -0.935731
0 0 0
0 0 0
0.0380799 0.342719 -0.938666
0.0378956 0.303165 -0.952184
0.0372526 0.298021 -0.953832
0.0366289 0.293031 -0.955401
0.037647 0.263529 -0.963917
0.0378419 0.264893 -0.963535
0.0388939 0.233363 -0.971611
0.0396119 0.237671 -0.970538
0.0388939 0.233363 -0.971611
0.0396119 0.237671 -0.970538
0.0399588 0.199794 -0.979023
