99
1 0.0778341 0.0123082 0.0778341 0.0123082
2 0.134805 0.00333413 0.0569713 -0.00897407
3 0.0516658 0.0878901 -0.0831396 0.0845559
4 0.0820457 0.0392617 0.0303799 -0.0486284
5 0.0545149 0.0222119 -0.0275308 -0.0170498
6 0.0412819 0.0896725 -0.013233 0.0674605
7 0.0610755 0.0170703 0.0197935 -0.0726022
8 0.0561312 0.111005 -0.00494427 0.0939351
9 0.0307666 0.0377448 -0.0253646 -0.0732605
10 0.0352635 0.102082 0.00449693 0.0643374
11 0.0188614 0.0522935 -0.0164021 -0.0497887
12 0.00611393 0.00977167 -0.0127475 -0.0425218
13 0.0122009 0.0462814 0.00608698 0.0365098
14 0.0199717 0.00562455 0.00777075 -0.0406569
15 0.020774 0.0514031 0.000802333 0.0457786
16 0.0502194 0.0254487 0.0294454 -0.0259544
17 0.00533253 0.0307251 -0.0448869 0.00527634
18 0.0306024 0.00395593 0.0252699 -0.0267691
19 0.0519715 0.145629 0.0213691 0.141673
20 0.124981 0.0101227 0.073009 -0.135506
21 0.0431557 0.0815362 -0.0818248 0.0714135
22 0.0489026 0.0262741 0.00574687 -0.0552621
23 0.0162603 0.0961865 -0.0326423 0.0699124
24 0.0441388 0.0106953 0.0278785 -0.0854913
25 0.187984 0.0502648 0.143845 0.0395695
26 0.0833098 0.0461377 -0.104674 -0.00412707
27 0.138286 0.0670392 0.0549763 0.0209015
28 0.0284308 0.0887114 -0.109855 0.0216722
29 0.17078 0.0620143 0.142349 -0.0266971
30 0.118835 0.0265469 -0.0519447 -0.0354674
31 0.0298521 0.0355915 -0.0889834 0.0090446
32 0.518371 0.198586 0.488519 0.162994
33 0.365663 0.106933 -0.152709 -0.091653
34 0.0874725 0.216345 -0.27819 0.109412
35 0.00936347 0.0228707 -0.078109 -0.193474
36 0.193927 0.0602601 0.184564 0.0373894
37 0.0301623 0.172211 -0.163765 0.111951
38 0.0205613 0.00359487 -0.00960095 -0.168616
39 0.00731827 0.00695 -0.0132431 0.00335513
40 0.0418691 0.0122617 0.0345509 0.00531173
41 0.040299 0.0106845 -0.00157013 -0.0015772
42 0.0296343 0.0209853 -0.0106647 0.0103007
43 0.0261731 0.00136533 -0.0034612 -0.0196199
44 0.0436135 0.00446093 0.0174404 0.0030956
45 0.0723005 0.0245354 0.028687 0.0200745
46 0.0711043 0.000220067 -0.00119616 -0.0243153
47 0.0200762 0.0213901 -0.0510281 0.02117
48 0.130712 0.0364319 0.110636 0.0150418
49 0.096402 0.033944 -0.0343101 -0.00248787
50 0.0782006 0.0219457 -0.0182014 -0.0119983
51 0.0163168 0.00450067 -0.0618838 -0.017445
52 0.059377 0.00914493 0.0430602 0.00464427
53 0.0381456 0.00424273 -0.0212314 -0.0049022
54 0.0446353 0.0120001 0.00648967 0.00775733
55 0.0472108 0.0222715 0.00257553 0.0102714
56 0.0183357 0.00229713 -0.0288751 -0.0199743
57 0.0593782 0.0179909 0.0410425 0.0156937
58 0.00265787 0.0265933 -0.0567203 0.00860247
59 0.00279827 0.0165336 0.0001404 -0.0100597
60 0.00594047 0.00171113 0.0031422 -0.0148225
61 0.0168215 0.00846847 0.0108811 0.00675733
62 0.0676216 0.00454793 0.0508001 -0.00392053
63 0.0509424 0.0040286 -0.0166792 -0.000519333
64 0.135799 7.94667e-05 0.084857 -0.00394913
65 0.0411318 0.00610867 -0.0946677 0.0060292
66 0.0352869 0.0073642 -0.00584487 0.00125553
67 0.00759587 0.0022966 -0.0276911 -0.0050676
68 0.0318193 0.00687927 0.0242234 0.00458267
69 0.108623 0.0044404 0.0768033 -0.00243887
70 0.0311643 0.0141439 -0.0774583 0.00970353
71 0.04436 0.00583087 0.0131957 -0.00831307
72 0.0138266 0.00409993 -0.0305334 -0.00173093
73 0.0187142 0.00341753 0.0048876 -0.0006824
74 0.102658 0.0093442 0.0839441 0.00592667
75 0.116338 0.0284719 0.0136796 0.0191277
76 0.10072 0.00755753 -0.0156185 -0.0209143
77 0.109797 0.0236022 0.00907733 0.0160447
78 0.0510318 0.00653073 -0.0587651 -0.0170715
79 0.0788404 0.0244201 0.0278086 0.0178893
80 0.108816 0.0197569 0.0299752 -0.0046632
81 0.0883332 0.0297098 -0.0204824 0.00995293
82 0.0434007 0.0324336 -0.0449326 0.0027238
83 1.4e-05 0.0155195 -0.0433867 -0.0169141
84 0.0291989 0.0191816 0.0291849 0.00366207
85 0.0913495 0.00609367 0.0621506 -0.0130879
86 0.0383318 0.0166346 -0.0530177 0.0105409
87 0.0929281 0.0286311 0.0545963 0.0119965
88 0.0407931 0.0027288 -0.0521351 -0.0259023
89 0.00615787 0.00257353 -0.0346352 -0.000155267
90 0.0100175 0.00439727 0.0038596 0.00182373
91 0.0306707 0.006635 0.0206532 0.00223773
92 0.0218957 0.00624 -0.008775 -0.000395
93 0.0015478 0.00144267 -0.0203479 -0.00479733
94 0.0689685 0.0208733 0.0674207 0.0194307
95 0.0205677 0.0107825 -0.0484009 -0.0100909
96 0.0869717 0.0223326 0.0664041 0.0115501
97 0.0541091 0.000330933 -0.0328626 -0.0220017
98 0.0535067 0.0228029 -0.000602393 0.0224719
99 0.123762 0.0283979 0.0702549 0.00559507
