1529
0.0460653 0 -0.998938
0 0 0
0 0 0
0 0 0
0.0460653 0 -0.998938
0.0460653 0 -0.998938
0.0462003 0 -0.998932
0 0 0
0 0 0
0 0 0
0 0 0
-0.0439163 5.37802e-18 -0.999035
0.0460164 0.0460164 -0.99788
0.0460164 0.0460164 -0.99788
0 0 0
0.0440546 0 -0.999029
0.0450377 0 -0.998985
0.0459073 0 -0.998946
0.0942809 0 -0.995546
0.0942809 0 -0.995546
0.0942809 0 -0.995546
0.0460164 0.0460164 -0.99788
0.0920323 0.0460161 -0.994692
0.0920323 0.0460161 -0.994692
0.141694 0.0472313 -0.988783
0.0923014 0.0461507 -0.994661
0.0925233 0.0462617 -0.994635
0.135492 0 -0.990778
0.135351 0.045117 -0.98977
0.0904424 0.0452212 -0.994874
0.0923014 0.0461507 -0.994661
0.090235 0.0451175 -0.994898
0.0923014 0.0461507 -0.994661
0.090235 0.0451175 -0.994898
0.090235 0.0451175 -0.994898
0.0903278 0 -0.995912
0.0463117 0 -0.998927
0.0440971 0.0881941 -0.995127
0.046262 0.046262 -0.997858
0.090235 0.0451175 -0.994898
0.0440971 0.0881941 -0.995127
0.0450831 0.0901662 -0.994906
0 0 0
0.0461139 0.0922278 -0.99467
0.0461139 0.0922278 -0.99467
0.0452215 0.0452215 -0.997953
0.0452215 0.0452215 -0.997953
0.0452215 0.0452215 -0.997953
0.0461139 0.0922278 -0.99467
0.0449804 0.0899608 -0.994929
0.0449804 0.0899608 -0.994929
0.046004 0.0920079 -0.994695
0.0451178 0.0451178 -0.997962
0.0452215 0.0452215 -0.997953
0.0899585 0.0899585 -0.991874
0.0899585 0.0899585 -0.991874
0.0920054 0.0920054 -0.991499
0.0923014 0.0461507 -0.994661
0.0920054 0.0920054 -0.991499
0.044992 0.044992 -0.997974
0.0463117 0 -0.998927
0.0945703 0 -0.995518
0.0482101 0.0482101 -0.997673
0.101204 0.101204 -0.989705
0.0967291 0.0483645 -0.994135
0.151795 0.101197 -0.983218
0.148098 0.0987321 -0.984032
0.18827 0.0941349 -0.977596
0.148098 0.0987321 -0.984032
0.141261 0.0470871 -0.988852
0.141261 0.0470871 -0.988852
0.138196 0 -0.990405
0.134974 0.0449913 -0.989827
0.138196 0 -0.990405
0.138196 0 -0.990405
0.0920323 0.0460161 -0.994692
0.134974 0.0449913 -0.989827
0.138002 0.0920012 -0.98615
0.136871 0.136871 -0.981088
0.140001 0.140001 -0.980204
0.0923133 0.184627 -0.978464
0.143274 0.143274 -0.979257
0.140784 0.0938563 -0.985581
0.141694 0.0472313 -0.988783
0.147604 0.098403 -0.984139
0.148155 0.0493851 -0.98773
0.141213 0.0941417 -0.985493
0.141566 0.0943772 -0.98542
0.135492 0 -0.990778
0.0941465 0.0941465 -0.991097
0.0948881 0.0474441 -0.994357
0.0947018 0.0473509 -0.994379
0.099595 0.0497975 -0.993781
0.0997199 0 -0.995016
0.0474045 0 -0.998876
0.0927977 0 -0.995685
0.0474444 0.0474444 -0.997746
0 0 0
0 0 0
0.0473513 0.0473513 -0.997755
0.0463117 0 -0.998927
0.0473513 0.0473513 -0.997755
0.0463988 0 -0.998923
0.0474444 0.0474444 -0.997746
0.0463988 0 -0.998923
0.0453493 0 -0.998971
0.0926971 0.0463485 -0.994615
0.0474444 0.0474444 -0.997746
0.0452679 0 -0.998975
0.0905357 0 -0.995893
0.090235 0.0451175 -0.994898
0.090235 0.0451175 -0.994898
0.0883452 0 -0.99609
0.090235 0.0451175 -0.994898
0.0468154 0.140446 -0.988981
0.0895034 0.134255 -0.986897
0.0981362 0.147204 -0.984226
0.0926344 0.185269 -0.978312
0.141606 0.188808 -0.971751
0.138925 0.185234 -0.972825
0.188753 0.188753 -0.963714
0.190274 0.237842 -0.952485
0.237692 0.237692 -0.941809
0.233551 0.280262 -0.931079
0.233551 0.280262 -0.931079
0.28168 0.328627 -0.901477
0.28168 0.328627 -0.901477
0.280231 0.326937 -0.902542
0.287786 0.33575 -0.896912
0.287786 0.33575 -0.896912
0.28168 0.328627 -0.901477
0.282995 0.330161 -0.900504
0.286133 0.286133 -0.91447
0.279961 0.279961 -0.918283
0.334933 0.287085 -0.897442
0.327686 0.280874 -0.902071
0.327686 0.280874 -0.902071
0.329027 0.282023 -0.901224
0.329027 0.282023 -0.901224
0.282413 0.282413 -0.91678
0.281256 0.281256 -0.917491
0.282413 0.282413 -0.91678
0.282413 0.282413 -0.91678
0.327686 0.280874 -0.902071
0.339745 0.242675 -0.908671
0.339745 0.242675 -0.908671
0.286133 0.286133 -0.91447
0.28168 0.328627 -0.901477
0.279961 0.279961 -0.918283
0.174201 0.348402 -0.921016
0.255228 0.382842 -0.887857
0.302232 0.345408 -0.888453
0.314663 0.314663 -0.89553
0.313181 0.313181 -0.896568
0.326187 0.279588 -0.903013
0.275798 0.321764 -0.905761
0.324534 0.278172 -0.904045
0.31931 0.273694 -0.907267
0.377375 0.235859 -0.895522
0.351782 0.307809 -0.884027
0.393182 0.305808 -0.867116
0.346205 0.346205 -0.871943
0.344703 0.344703 -0.873132
0.344868 0.301759 -0.888824
0.394343 0.262895 -0.880556
0.395749 0.263832 -0.879645
0.359718 0.269789 -0.893206
0.412564 0.275043 -0.868413
0.380742 0.237963 -0.893537
0.380742 0.237963 -0.893537
0.372385 0.232741 -0.898421
0.359718 0.269789 -0.893206
0.367406 0.275555 -0.888303
0.404001 0.269334 -0.874209
0.412564 0.275043 -0.868413
0.372385 0.232741 -0.898421
0.404001 0.269334 -0.874209
0.430677 0.287118 -0.855617
0.470275 0.329193 -0.818824
0.466809 0.326767 -0.821774
0.475247 0.285148 -0.832365
0.477211 0.286327 -0.830835
0.427677 0.237598 -0.872146
0.472361 0.23618 -0.849173
0.427677 0.237598 -0.872146
0.458902 0.275341 -0.844746
0.458902 0.275341 -0.844746
0.447981 0.268789 -0.852682
0.449949 0.314964 -0.835669
0.404001 0.269334 -0.874209
0.380742 0.237963 -0.893537
0.425905 0.236614 -0.873281
0.409201 0.2728 -0.870709
0.397954 0.309519 -0.863615
0.412564 0.275043 -0.868413
0.382079 0.286559 -0.878578
0.38775 0.242344 -0.889337
0.330602 0.236144 -0.91375
0.431193 0.191641 -0.881672
0.416692 0.231496 -0.879078
0.431193 0.191641 -0.881672
0.380742 0.237963 -0.893537
0.382079 0.286559 -0.878578
0.326208 0.233005 -0.916132
0.341242 0.243744 -0.907823
0.296304 0.197536 -0.934443
0.289055 0.0963517 -0.952451
0.233949 0.140369 -0.962063
0.234601 0.0938406 -0.967552
0.197447 0.0987233 -0.97533
0.141694 0.0472313 -0.988783
0.0987718 0.0493859 -0.993884
0.138601 0 -0.990348
0.141261 0.0470871 -0.988852
0.093861 0.093861 -0.991151
0.0923014 0.0461507 -0.994661
0.0499051 0.149715 -0.987469
0.0993391 0.149009 -0.983833
0.0476591 0.0953182 -0.994305
0.0463231 0.138969 -0.989213
0 0 0
0.0494153 0.148246 -0.987715
0.0482652 0.144796 -0.988284
0 0 0
0 0 0
0 0 0
0 0 0
0.050314 0.150942 -0.987261
0.0482799 0.0965599 -0.994156
0.0489973 0.195989 -0.979381
0.0489973 0.195989 -0.979381
0.0952223 0.190445 -0.977069
0.0489973 0.195989 -0.979381
0.0480004 0.144001 -0.988413
0.0974274 0.194855 -0.975981
0.0480004 0.144001 -0.988413
0.0494153 0.148246 -0.987715
0.0494153 0.148246 -0.987715
0.0491312 0.147394 -0.987857
0.0982546 0.147382 -0.984187
0.0494153 0.148246 -0.987715
0.0494153 0.148246 -0.987715
0.0506192 0.151858 -0.987105
0.0506192 0.151858 -0.987105
0.047592 0.047592 -0.997732
0.101229 0.151844 -0.983207
0.0485494 0.0970989 -0.99409
0.0496737 0.149021 -0.987586
0.0494153 0.148246 -0.987715
0.0494153 0.148246 -0.987715
0.0494153 0.148246 -0.987715
0.0993391 0.149009 -0.983833
0.0494153 0.148246 -0.987715
0.0489973 0.195989 -0.979381
0.0988225 0.148234 -0.984002
0.0988225 0.148234 -0.984002
0.0988225 0.148234 -0.984002
0.102139 0.204279 -0.97357
0.0953152 0.0953152 -0.990873
0.0931457 0.0931457 -0.991286
0.101229 0.151844 -0.983207
0.0993391 0.149009 -0.983833
0.0993391 0.149009 -0.983833
0.0993391 0.149009 -0.983833
0.148988 0.148988 -0.977551
0.0993391 0.149009 -0.983833
0.0993391 0.149009 -0.983833
0.0993391 0.149009 -0.983833
0.0965233 0.144785 -0.984744
0.145488 0.145488 -0.978604
0.139611 0.232685 -0.962479
0.142773 0.237955 -0.960725
0.0915925 0.274777 -0.957135
0.136655 0.273311 -0.952169
0.131418 0.306643 -0.942709
0.133348 0.311146 -0.94096
0.135124 0.270248 -0.953261
0.135124 0.270248 -0.953261
0.187285 0.234106 -0.954002
0.181123 0.271685 -0.945189
0.181123 0.271685 -0.945189
0.180068 0.270101 -0.945844
0.18387 0.275805 -0.943464
0.224922 0.269907 -0.936248
0.229657 0.275588 -0.933439
0.234572 0.281487 -0.930452
0.232513 0.232513 -0.944391
0.237625 0.237625 -0.941843
0.231056 0.277267 -0.932596
0.239178 0.239178 -0.941057
0.19022 0.237775 -0.952512
0.239178 0.239178 -0.941057
0.239178 0.239178 -0.941057
0.247448 0.197958 -0.948463
0.293258 0.244382 -0.924271
0.234572 0.281487 -0.930452
0.289166 0.289166 -0.91256
0.278656 0.325098 -0.903694
0.306634 0.350439 -0.884968
0.317932 0.317932 -0.893218
0.415267 0.322985 -0.850432
0.381758 0.286318 -0.878796
0.334649 0.286842 -0.897626
0.327046 0.327046 -0.886612
0.324524 0.324524 -0.888464
0.281179 0.281179 -0.917538
0.281179 0.281179 -0.917538
0.322563 0.322563 -0.889891
0.36055 0.315481 -0.877767
0.35832 0.31353 -0.879378
0.365508 0.31982 -0.874139
0.265951 0.310276 -0.912688
0.267019 0.356026 -0.895515
0.304979 0.348547 -0.886286
0.303209 0.346525 -0.887685
0.36055 0.315481 -0.877767
0.354524 0.354524 -0.865231
0.35832 0.31353 -0.879378
0.395395 0.351463 -0.848609
0.397737 0.353544 -0.846647
0.392364 0.348768 -0.851123
0.445078 0.356062 -0.82166
0.458786 0.412907 -0.78678
0.458786 0.412907 -0.78678
0.485575 0.339903 -0.805408
0.513221 0.373251 -0.772844
0.506284 0.368207 -0.779808
0.409866 0.364325 -0.836228
0.405506 0.36045 -0.840024
0.440376 0.352301 -0.825805
0.391369 0.347883 -0.851943
0.404585 0.314677 -0.858655
0.402897 0.313365 -0.859928
0.404585 0.314677 -0.858655
0.419764 0.279843 -0.863415
0.411127 0.319766 -0.853653
0.404585 0.314677 -0.858655
0.421452 0.280968 -0.862227
0.425905 0.236614 -0.873281
0.425905 0.236614 -0.873281
0.427677 0.237598 -0.872146
0.425905 0.236614 -0.873281
0.425905 0.236614 -0.873281
0.437381 0.242989 -0.865826
0.398523 0.249077 -0.882689
0.438341 0.292227 -0.849977
0.343997 0.294855 -0.891474
0.375746 0.328778 -0.866441
0.329027 0.282023 -0.901224
0.327686 0.280874 -0.902071
0.419764 0.279843 -0.863415
0.465269 0.279162 -0.839996
0.421452 0.280968 -0.862227
0.423234 0.329182 -0.844104
0.430457 0.3348 -0.838222
0.457765 0.366212 -0.810148
0.432258 0.336201 -0.836733
0.423234 0.329182 -0.844104
0.377278 0.330118 -0.865265
0.377278 0.330118 -0.865265
0.421538 0.327863 -0.845465
0.373877 0.280408 -0.884075
0.375394 0.281546 -0.883069
0.375394 0.281546 -0.883069
0.457406 0.320185 -0.829615
0.457406 0.320185 -0.829615
0.423234 0.329182 -0.844104
0.419764 0.279843 -0.863415
0.413954 0.275969 -0.867458
0.399197 0.310487 -0.862693
0.510291 0.278341 -0.813713
0.475247 0.285148 -0.832365
0.417875 0.278583 -0.864738
0.410978 0.273985 -0.8695
0.421452 0.280968 -0.862227
0.375394 0.281546 -0.883069
0.419764 0.279843 -0.863415
0.434815 0.347852 -0.830623
0.47773 0.34744 -0.806882
0.40741 0.316875 -0.856509
0.392546 0.34893 -0.850973
0.449949 0.314964 -0.835669
0.405506 0.36045 -0.840024
0.315796 0.36091 -0.877506
0.315796 0.36091 -0.877506
0.346205 0.346205 -0.871943
0.376113 0.376113 -0.846805
0.384359 0.384359 -0.839367
0.342674 0.385508 -0.856714
0.426775 0.384097 -0.818739
0.414515 0.322401 -0.85102
0.423234 0.329182 -0.844104
0.421452 0.280968 -0.862227
0.404585 0.314677 -0.858655
0.412564 0.275043 -0.868413
0.367406 0.275555 -0.888303
0.367406 0.275555 -0.888303
0.380742 0.237963 -0.893537
0.37369 0.233556 -0.897668
0.367406 0.275555 -0.888303
0.326208 0.233005 -0.916132
0.427677 0.237598 -0.872146
0.385115 0.288836 -0.876505
0.375746 0.328778 -0.866441
0.282413 0.282413 -0.91678
0.336363 0.288311 -0.896514
0.333568 0.238263 -0.91212
0.329027 0.282023 -0.901224
0.333568 0.238263 -0.91212
0.359718 0.269789 -0.893206
0.314012 0.269154 -0.910468
0.353214 0.309062 -0.883018
0.308338 0.308338 -0.89992
0.353214 0.309062 -0.883018
0.317206 0.317206 -0.893734
0.317206 0.317206 -0.893734
0.421538 0.327863 -0.845465
0.313372 0.223837 -0.922873
0.323077 0.276923 -0.90495
0.326208 0.233005 -0.916132
0.381828 0.190914 -0.904301
0.381828 0.190914 -0.904301
0.381828 0.190914 -0.904301
0.429126 0.190723 -0.882879
0.402508 0.268339 -0.875204
0.365584 0.22849 -0.902297
0.36153 0.180765 -0.914669
0.365584 0.22849 -0.902297
0.438658 0.0974795 -0.893352
0.385427 0.144535 -0.911348
0.373371 0.186685 -0.908704
0.430996 0.143665 -0.890844
0.430996 0.143665 -0.890844
0.430996 0.143665 -0.890844
0.417532 0.18557 -0.889512
0.329764 0.141327 -0.933425
0.330079 0.0943082 -0.93923
0.408582 0.181592 -0.894475
0.365257 0.182629 -0.912816
0.408582 0.181592 -0.894475
0.357469 0.178735 -0.916662
0.312975 0.178843 -0.932771
0.321813 0.229867 -0.918476
0.31931 0.273694 -0.907267
0.367394 0.229621 -0.901275
0.367394 0.229621 -0.901275
0.367394 0.229621 -0.901275
0.371466 0.185733 -0.909679
0.367394 0.229621 -0.901275
0.32694 0.186823 -0.926395
0.331326 0.141997 -0.93277
0.341351 0.0975288 -0.934862
0.342737 0.0489624 -0.938155
0.334853 0.0956724 -0.937401
0.319853 0.0913865 -0.94305
0.318013 0.136291 -0.938239
0.319853 0.0913865 -0.94305
0.311122 0.133338 -0.94097
0.322506 0.184289 -0.928454
0.340581 0.145963 -0.928816
0.332723 0.142595 -0.932181
0.332723 0.142595 -0.932181
0.378491 0.141934 -0.914658
0.378491 0.141934 -0.914658
0.370026 0.13876 -0.9186
0.327185 0.0934815 -0.940325
0.361918 0.135719 -0.922277
0.366877 0.183438 -0.912004
0.370026 0.13876 -0.9186
0.322506 0.184289 -0.928454
0.315498 0.180285 -0.931643
0.329817 0.188467 -0.925041
0.332168 0.237263 -0.912892
0.38775 0.242344 -0.889337
0.375099 0.18755 -0.907814
0.29009 0.241741 -0.925964
0.332168 0.237263 -0.912892
0.335997 0.191998 -0.922086
0.231394 0.231394 -0.944941
0.325267 0.185867 -0.927176
0.276081 0.230067 -0.933193
0.23258 0.186064 -0.954614
0.186132 0.186132 -0.964733
0.186132 0.186132 -0.964733
0.14367 0.239449 -0.96022
0.0951865 0.237966 -0.966598
0.0968263 0.193653 -0.97628
0.0484196 0.193678 -0.979869
0.0480965 0.192386 -0.98014
0.0968263 0.193653 -0.97628
0.0946609 0.189322 -0.977342
0.0470342 0.188137 -0.981016
0.0470342 0.188137 -0.981016
0.046025 0.27615 -0.960012
0.0933707 0.280112 -0.955416
0.091425 0.274275 -0.957296
0.0465719 0.232859 -0.971395
0.0452887 0.226443 -0.972971
0.0470342 0.188137 -0.981016
0.0455818 0.227909 -0.972615
0.0911486 0.227872 -0.969416
0.0911486 0.227872 -0.969416
0.0470342 0.188137 -0.981016
0.0961806 0.192361 -0.976599
0.093414 0.186828 -0.977941
0.093414 0.186828 -0.977941
0.0940572 0.188114 -0.977633
0.0940572 0.188114 -0.977633
0.0946609 0.189322 -0.977342
0.0958121 0.23953 -0.96615
0.0980001 0.245 -0.964557
0.0980001 0.245 -0.964557
0.144878 0.241463 -0.959534
0.0951865 0.237966 -0.966598
0.0455818 0.227909 -0.972615
0.0433416 0.303391 -0.95188
0.0447853 0.268712 -0.962179
0 0 0
0 0 0
0 0 0
0 0 0
0.0476011 0.285607 -0.957164
0 0 0
0 0 0
0 0 0
-0.0501702 0.200681 -0.978371
0 0 0
0 0 0
0 0 0
0 0 0
-0.0476011 0.285607 -0.957164
-0.0473882 0.236941 -0.970368
0 0 0
0 0 0
0 0 0
0.0458072 0.274843 -0.960397
0.0458072 0.274843 -0.960397
0.0440944 0.264566 -0.963359
0.0442657 0.30986 -0.949751
0 0 0
0.0473882 0.236941 -0.970368
0.0463463 0.231731 -0.971675
0.0942574 0.235644 -0.967258
0.0463463 0.231731 -0.971675
0.0463463 0.231731 -0.971675
0.0951756 0.285527 -0.953633
0.147879 0.246464 -0.957803
0.190132 0.285197 -0.939421
0.144541 0.240902 -0.959726
0.14367 0.239449 -0.96022
0.192626 0.240782 -0.951273
0.188369 0.235462 -0.953454
0.188369 0.235462 -0.953454
0.142092 0.236819 -0.961107
0.190132 0.285197 -0.939421
0.191376 0.334908 -0.922611
0.140605 0.328079 -0.934128
0.187311 0.327794 -0.925995
0.140338 0.280676 -0.949487
0.186999 0.280498 -0.941463
0.18049 0.315857 -0.931481
0.231183 0.323656 -0.917497
0.18049 0.315857 -0.931481
0.18049 0.315857 -0.931481
0.22188 0.355008 -0.908151
0.181273 0.317228 -0.930863
0.184316 0.322552 -0.928433
0.193202 0.289802 -0.937383
0.187311 0.327794 -0.925995
0.186038 0.279058 -0.942081
0.13883 0.27766 -0.950595
0.235319 0.235319 -0.943
0.176406 0.264608 -0.948084
0.228962 0.228962 -0.946125
0.233781 0.187025 -0.954132
0.235695 0.141417 -0.961483
0.241333 0.0965331 -0.965629
0.245491 0.147295 -0.958143
0.246907 0.148144 -0.957648
0.198844 0.099422 -0.974975
0.244699 0.195759 -0.949632
0.251384 0.150831 -0.956063
0.246907 0.148144 -0.957648
0.244699 0.195759 -0.949632
0.284475 0.0948248 -0.953982
0.284095 0.142048 -0.948215
0.293467 0.195645 -0.935735
0.293467 0.195645 -0.935735
0.250526 0.200421 -0.947137
0.244699 0.195759 -0.949632
0.195848 0.195848 -0.960878
0.195848 0.195848 -0.960878
0.193693 0.242116 -0.950717
0.244699 0.195759 -0.949632
0.250526 0.200421 -0.947137
0.244699 0.195759 -0.949632
0.250526 0.200421 -0.947137
0.241952 0.241952 -0.939638
0.244699 0.195759 -0.949632
0.25344 0.25344 -0.933561
0.200522 0.200522 -0.958948
0.250526 0.200421 -0.947137
0.193693 0.242116 -0.950717
0.193693 0.242116 -0.950717
0.24316 0.24316 -0.939014
0.241952 0.241952 -0.939638
0.244699 0.195759 -0.949632
0.239122 0.191298 -0.951959
0.247573 0.247573 -0.936705
0.238725 0.28647 -0.927871
0.247573 0.247573 -0.936705
0.247573 0.247573 -0.936705
0.247573 0.247573 -0.936705
0.250526 0.200421 -0.947137
0.248867 0.248867 -0.936018
0.239884 0.287861 -0.927142
0.237692 0.237692 -0.941809
0.285001 0.237501 -0.928638
0.285001 0.237501 -0.928638
0.237692 0.237692 -0.941809
0.197751 0.197751 -0.960099
0.245951 0.19676 -0.949102
0.202383 0.151788 -0.967472
0.251384 0.150831 -0.956063
0.244699 0.195759 -0.949632
0.239122 0.191298 -0.951959
0.285001 0.237501 -0.928638
0.236563 0.236563 -0.942378
0.282166 0.235138 -0.930104
0.233781 0.187025 -0.954132
0.276081 0.230067 -0.933193
0.321813 0.229867 -0.918476
0.283584 0.189056 -0.940126
0.274566 0.228805 -0.933949
0.321813 0.229867 -0.918476
0.367394 0.229621 -0.901275
0.33064 0.188937 -0.924651
0.285256 0.190171 -0.939395
0.23644 0.189152 -0.953057
0.278964 0.185976 -0.942121
0.238422 0.143053 -0.960568
0.231272 0.185018 -0.955134
0.274566 0.228805 -0.933949
0.325267 0.185867 -0.927176
0.278964 0.185976 -0.942121
0.275498 0.183665 -0.943593
0.286795 0.191196 -0.938719
0.280403 0.186935 -0.941504
0.286795 0.191196 -0.938719
0.33557 0.143816 -0.930973
0.332584 0.190048 -0.923726
0.286795 0.191196 -0.938719
0.300437 0.200291 -0.932535
0.296802 0.247335 -0.922352
0.250526 0.200421 -0.947137
0.250526 0.200421 -0.947137
0.298671 0.199114 -0.933354
0.348174 0.198956 -0.916074
0.298671 0.199114 -0.933354
0.298671 0.199114 -0.933354
0.288502 0.240418 -0.926804
0.288502 0.240418 -0.926804
0.235319 0.235319 -0.943
0.232356 0.278827 -0.931808
0.282166 0.235138 -0.930104
0.182103 0.273155 -0.944576
0.183004 0.274506 -0.944011
0.191377 0.191377 -0.962678
0.184285 0.230356 -0.955497
0.0926764 0.231691 -0.968365
0.0463463 0.231731 -0.971675
0 0 0
0.0469166 0.234583 -0.970963
0.0475363 0.190145 -0.980604
0.0461239 0.23062 -0.97195
0.0465729 0.186292 -0.98139
0.0479177 0.143753 -0.988453
0 0 0
0 0 0
0 0 0
0 0 0
0.0479983 0.239992 -0.969588
0.0478197 0.239098 -0.969817
0.0934824 0.233706 -0.967803
0.0915925 0.274777 -0.957135
0.188369 0.235462 -0.953454
0.187285 0.234106 -0.954002
0.233968 0.233968 -0.943673
0.174155 0.304771 -0.936368
0.180068 0.270101 -0.945844
0.139649 0.232748 -0.962459
0.187285 0.234106 -0.954002
0.180068 0.270101 -0.945844
0.180068 0.270101 -0.945844
0.18387 0.275805 -0.943464
0.224922 0.269907 -0.936248
0.224922 0.269907 -0.936248
0.234937 0.18795 -0.953666
0.192258 0.192258 -0.962327
0.290031 0.193354 -0.937281
0.235971 0.235971 -0.942674
0.235971 0.235971 -0.942674
0.238511 0.190809 -0.95221
0.27987 0.18658 -0.941733
0.230963 0.230963 -0.945152
0.232513 0.232513 -0.944391
0.271195 0.225996 -0.935617
0.262634 0.262634 -0.928465
0.264212 0.264212 -0.927569
0.265646 0.221372 -0.938311
0.264212 0.264212 -0.927569
0.264212 0.264212 -0.927569
0.176302 0.176302 -0.968419
0.171223 0.214028 -0.961704
0.220361 0.264433 -0.938891
0.222871 0.222871 -0.94903
0.277399 0.184933 -0.942788
0.286022 0.143011 -0.947491
0.286022 0.143011 -0.947491
0.290031 0.193354 -0.937281
0.296755 0.197837 -0.934236
0.292651 0.146325 -0.944957
0.299574 0.149787 -0.942241
0.253316 0.202653 -0.945919
0.303773 0.202515 -0.930973
0.253316 0.202653 -0.945919
0.245728 0.196583 -0.949196
0.301549 0.150775 -0.941454
0.251384 0.150831 -0.956063
0.296755 0.197837 -0.934236
0.24905 0.19924 -0.947775
0.298671 0.199114 -0.933354
0.286776 0.23898 -0.927711
0.240622 0.240622 -0.94032
0.238725 0.28647 -0.927871
0.28055 0.233791 -0.930931
0.321813 0.229867 -0.918476
0.324534 0.278172 -0.904045
0.27123 0.27123 -0.923509
0.317758 0.272364 -0.908212
0.276081 0.230067 -0.933193
0.282166 0.235138 -0.930104
0.328877 0.234912 -0.914689
0.282166 0.235138 -0.930104
0.272687 0.272687 -0.92265
0.282166 0.235138 -0.930104
0.285001 0.237501 -0.928638
0.241952 0.241952 -0.939638
0.238725 0.28647 -0.927871
0.238725 0.28647 -0.927871
0.29093 0.29093 -0.911438
0.241952 0.241952 -0.939638
0.23745 0.28494 -0.928669
0.24905 0.19924 -0.947775
0.24905 0.19924 -0.947775
0.24905 0.19924 -0.947775
0.298671 0.199114 -0.933354
0.247448 0.197958 -0.948463
0.298671 0.199114 -0.933354
0.244699 0.195759 -0.949632
0.298671 0.199114 -0.933354
0.298671 0.199114 -0.933354
0.298671 0.199114 -0.933354
0.300437 0.200291 -0.932535
0.234462 0.140677 -0.961893
0.235695 0.141417 -0.961483
0.244699 0.195759 -0.949632
0.28774 0.14387 -0.946841
0.234462 0.140677 -0.961893
0.233781 0.187025 -0.954132
0.188597 0.141448 -0.971815
0.239856 0.143914 -0.960082
0.194744 0.194744 -0.961327
0.237837 0.190269 -0.952487
0.243322 0.194658 -0.950212
0.243322 0.194658 -0.950212
0.237837 0.190269 -0.952487
0.192626 0.240782 -0.951273
0.192626 0.240782 -0.951273
0.199338 0.199338 -0.959442
0.190132 0.285197 -0.939421
0.188369 0.235462 -0.953454
0.14367 0.239449 -0.96022
0.141857 0.283714 -0.948358
0.137507 0.229179 -0.963623
0.141341 0.235569 -0.961525
0.140526 0.23421 -0.961976
0.188369 0.235462 -0.953454
0.140526 0.23421 -0.961976
0.140526 0.23421 -0.961976
0.140526 0.23421 -0.961976
0.14367 0.239449 -0.96022
0.188369 0.235462 -0.953454
0.140526 0.23421 -0.961976
0.190346 0.190346 -0.963087
0.188369 0.235462 -0.953454
0.140526 0.23421 -0.961976
0.145344 0.24224 -0.959268
0.141341 0.235569 -0.961525
0.192626 0.240782 -0.951273
0.190132 0.285197 -0.939421
0.141857 0.283714 -0.948358
0.141857 0.283714 -0.948358
0.14367 0.239449 -0.96022
0.186038 0.279058 -0.942081
0.232356 0.278827 -0.931808
0.23745 0.28494 -0.928669
0.191466 0.239333 -0.951872
0.191466 0.239333 -0.951872
0.142733 0.237888 -0.960748
0.142803 0.190404 -0.971264
0.0952223 0.190445 -0.977069
0.0473362 0.189345 -0.980769
0.0491312 0.147394 -0.987857
0 0 0
0.0465603 0.186241 -0.9814
-0.0468018 0.187207 -0.981205
0 0 0
0 0 0
0 0 0
-0.0468018 0.187207 -0.981205
0 0 0
0 0 0
-0.0468018 0.187207 -0.981205
-0.0471656 0.141497 -0.988814
-0.0482652 0.144796 -0.988284
-0.0465593 0.232796 -0.97141
-0.0468018 0.187207 -0.981205
0 0 0
-0.0453469 0.226734 -0.9729
-0.043466 0.21733 -0.97513
-0.086025 0.258075 -0.962287
-0.0455463 0.227731 -0.972658
-0.0455463 0.227731 -0.972658
-0.0468018 0.187207 -0.981205
0 0 0
0 0 0
0 0 0
0 0 0
0 0 0
0 0 0
0.0455463 0.227731 -0.972658
0.0470212 0.188085 -0.981027
0.0970045 0.145507 -0.98459
0.0487224 0.0487224 -0.997623
0.0487944 0.0975889 -0.99403
0.0487224 0.0487224 -0.997623
0.0474307 0.0948614 -0.99436
0 0 0
0.0474307 0.0948614 -0.99436
0.092221 0.138332 -0.986083
0.0461134 0.13834 -0.989311
0.0948585 0.0948585 -0.990961
0.0953152 0.0953152 -0.990873
0.0953152 0.0953152 -0.990873
0.0474307 0.0948614 -0.99436
0.0948585 0.0948585 -0.990961
0.0988225 0.148234 -0.984002
0.0970956 0.0970956 -0.990528
0.0994373 0.0994373 -0.990063
0.0994373 0.0994373 -0.990063
0.101891 0.101891 -0.989564
0.149936 0.0999573 -0.98363
0.149936 0.0999573 -0.98363
0.149936 0.0999573 -0.98363
0.0988587 0.0988587 -0.990179
0.149147 0.099431 -0.983803
0.101891 0.101891 -0.989564
0.152826 0.101884 -0.982987
0.101229 0.151844 -0.983207
0.0965233 0.144785 -0.984744
0.142803 0.190404 -0.971264
0.0476171 0.190468 -0.980538
0.0465603 0.186241 -0.9814
-0.0468018 0.187207 -0.981205
0 0 0
0 0 0
0.0440612 0.308428 -0.950227
0 0 0
0.0931175 0.279352 -0.955663
0.0880978 0.308342 -0.947187
0.128822 0.300585 -0.945015
0.0843118 0.337247 -0.937633
0.178686 0.312701 -0.932893
0.227457 0.272949 -0.934752
0.1307 0.304968 -0.943352
0.217508 0.304511 -0.927342
0.213143 0.341029 -0.91557
0.221886 0.31064 -0.924267
0.273531 0.273531 -0.922151
0.229657 0.275588 -0.933439
0.229657 0.275588 -0.933439
0.229657 0.275588 -0.933439
0.306097 0.262369 -0.915132
0.309641 0.265407 -0.913062
0.264212 0.264212 -0.927569
0.362626 0.27197 -0.891367
0.353419 0.265065 -0.897126
0.348478 0.304918 -0.886334
0.362626 0.27197 -0.891367
0.417532 0.18557 -0.889512
0.371466 0.185733 -0.909679
0.371466 0.185733 -0.909679
0.333569 0.142958 -0.931823
0.388471 0.194236 -0.900757
0.383328 0.143748 -0.912357
0.392286 0.147107 -0.908004
0.383328 0.143748 -0.912357
0.388471 0.194236 -0.900757
0.385427 0.144535 -0.911348
0.385427 0.144535 -0.911348
0.337411 0.144605 -0.930185
0.337411 0.144605 -0.930185
0.383328 0.143748 -0.912357
0.383328 0.143748 -0.912357
0.350225 0.200128 -0.915036
0.349572 0.249694 -0.903024
0.301985 0.251654 -0.919497
0.286776 0.23898 -0.927711
0.193546 0.193546 -0.961811
0.143111 0.143111 -0.979305
0.0460149 0.18406 -0.981837
-0.0453012 0.181205 -0.982401
-0.131492 0.175322 -0.975691
-0.135296 0.135296 -0.981524
-0.18037 0.135278 -0.974252
-0.225422 0.135253 -0.964827
-0.230448 0.138269 -0.963211
-0.185233 0.138925 -0.972825
-0.237092 0.094837 -0.966847
-0.226638 0.090655 -0.969751
-0.237944 0.0475888 -0.970112
-0.231751 0.0927002 -0.968348
-0.232815 0.0931261 -0.968052
-0.231494 0.138896 -0.96287
-0.232429 0.139457 -0.962563
-0.139508 0.139508 -0.980344
-0.0940312 0.188062 -0.977645
-0.0940312 0.188062 -0.977645
-0.0465593 0.232796 -0.97141
0 0 0
0.0478756 0.191502 -0.980324
0.0458565 0.229282 -0.972279
0.0906474 0.271942 -0.958035
0.0882778 0.264833 -0.960245
0.0901171 0.270351 -0.958535
0.135918 0.271836 -0.952697
0.183269 0.229086 -0.955998
0.133117 0.266233 -0.954673
0.174677 0.262015 -0.949124
0.177398 0.266097 -0.947482
0.134607 0.224346 -0.965168
0.22534 0.22534 -0.947863
0.184285 0.230356 -0.955497
0.186132 0.186132 -0.964733
0.278964 0.185976 -0.942121
0.233781 0.187025 -0.954132
0.233781 0.187025 -0.954132
0.192987 0.14474 -0.970467
0.242678 0.0970713 -0.965238
0.241176 0.144706 -0.959632
0.241176 0.144706 -0.959632
0.241176 0.144706 -0.959632
0.239856 0.143914 -0.960082
0.298671 0.199114 -0.933354
0.288502 0.240418 -0.926804
0.288502 0.240418 -0.926804
0.282166 0.235138 -0.930104
0.233968 0.233968 -0.943673
0.233968 0.233968 -0.943673
0.233968 0.233968 -0.943673
0.239178 0.239178 -0.941057
0.282166 0.235138 -0.930104
0.230229 0.230229 -0.94551
0.224753 0.269703 -0.936347
0.277473 0.231228 -0.932493
0.366877 0.183438 -0.912004
0.365257 0.182629 -0.912816
0.315498 0.180285 -0.931643
0.272665 0.136332 -0.952401
0.319083 0.13675 -0.937809
0.365572 0.137089 -0.920632
0.402096 0.134032 -0.905734
0.358371 0.134389 -0.923856
0.357567 0.134088 -0.924211
0.367792 0.0919479 -0.925351
0.36453 0.136699 -0.921103
0.353799 0.1769 -0.91844
0.312123 0.133767 -0.940577
0.312123 0.133767 -0.940577
0.312123 0.133767 -0.940577
0.318013 0.136291 -0.938239
0.36453 0.136699 -0.921103
0.318013 0.136291 -0.938239
0.357567 0.134088 -0.924211
0.363311 0.136241 -0.921653
0.322506 0.184289 -0.928454
0.366877 0.183438 -0.912004
0.322506 0.184289 -0.928454
0.279866 0.233221 -0.93128
0.339745 0.242675 -0.908671
0.280403 0.186935 -0.941504
0.275498 0.183665 -0.943593
0.241176 0.144706 -0.959632
0.285842 0.0952807 -0.953528
0.194164 0.097082 -0.976153
0.236814 0.142088 -0.961109
0.28774 0.14387 -0.946841
0.220603 0.132362 -0.966341
0.241952 0.241952 -0.939638
0.193693 0.242116 -0.950717
0.239122 0.191298 -0.951959
0.185219 0.231524 -0.955034
0.185219 0.231524 -0.955034
0.191377 0.191377 -0.962678
0.233781 0.187025 -0.954132
0.18797 0.18797 -0.96402
0.187096 0.187096 -0.96436
0.185219 0.231524 -0.955034
0.227457 0.272949 -0.934752
0.180363 0.225454 -0.957413
0.181123 0.271685 -0.945189
0.186118 0.232647 -0.954587
0.230963 0.230963 -0.945152
0.186542 0.279813 -0.941757
0.230963 0.230963 -0.945152
0.230963 0.230963 -0.945152
0.176591 0.309034 -0.934512
0.171665 0.343331 -0.923393
0.170689 0.341379 -0.924297
0.0866605 0.303312 -0.948943
0.0457234 0.27434 -0.960545
0 0 0
0 0 0
-0.046865 0.234325 -0.971028
-0.0479156 0.239578 -0.969694
-0.0484196 0.193678 -0.979869
-0.0954186 0.143128 -0.985094
-0.0462976 0.18519 -0.981611
-0.0458565 0.229282 -0.972279
-0.0473362 0.189345 -0.980769
0 0 0
0 0 0
0 0 0
0 0 0
0 0 0
0 0 0
0.0443975 0.266385 -0.962844
0 0 0
-0.0447393 0.313175 -0.948641
0 0 0
-0.0435982 0.305187 -0.951294
0 0 0
0 0 0
0.0473362 0.189345 -0.980769
0.0473362 0.189345 -0.980769
0 0 0
0.0925848 0.18517 -0.978335
0.0946609 0.189322 -0.977342
0.139649 0.232748 -0.962459
0.188022 0.188022 -0.964
0.186542 0.279813 -0.941757
0.191923 0.287884 -0.938237
0.285249 0.285249 -0.915022
0.327046 0.327046 -0.886612
0.33231 0.284838 -0.899131
0.318735 0.273202 -0.907617
0.275313 0.275313 -0.92109
0.276958 0.230798 -0.932752
0.267984 0.267984 -0.925402
0.278811 0.232343 -0.931816
0.227598 0.227598 -0.946783
0.272935 0.227446 -0.934759
0.28055 0.233791 -0.930931
0.278811 0.232343 -0.931816
0.274566 0.228805 -0.933949
0.221597 0.265917 -0.938181
0.226237 0.271484 -0.935475
0.228962 0.228962 -0.946125
0.227598 0.227598 -0.946783
0.229866 0.183892 -0.955691
0.178383 0.222979 -0.958363
0.21904 0.262849 -0.939645
0.215965 0.259158 -0.94138
0.217129 0.260554 -0.940727
0.215965 0.259158 -0.94138
0.21904 0.262849 -0.939645
0.223519 0.268223 -0.937068
0.221597 0.265917 -0.938181
0.221597 0.265917 -0.938181
0.224152 0.224152 -0.948426
0.221597 0.265917 -0.938181
0.228962 0.228962 -0.946125
0.226237 0.271484 -0.935475
0.232513 0.232513 -0.944391
0.233968 0.233968 -0.943673
0.228962 0.228962 -0.946125
0.23644 0.189152 -0.953057
0.283584 0.189056 -0.940126
0.234937 0.18795 -0.953666
0.188022 0.188022 -0.964
0.228962 0.228962 -0.946125
0.180068 0.270101 -0.945844
0.221886 0.31064 -0.924267
0.180363 0.225454 -0.957413
0.226432 0.226432 -0.947342
0.274026 0.274026 -0.921856
0.393182 0.305808 -0.867116
0.396533 0.308414 -0.864663
0.423922 0.235512 -0.874542
0.42685 0.189711 -0.8842
0.421737 0.234298 -0.875923
0.361401 0.225876 -0.904638
0.356878 0.267659 -0.894984
0.356878 0.267659 -0.894984
0.349644 0.262233 -0.899435
0.349644 0.262233 -0.899435
0.34267 0.257002 -0.903619
0.39586 0.219922 -0.891588
0.29747 0.254974 -0.920054
0.29888 0.256183 -0.919261
0.300174 0.257292 -0.91853
0.355223 0.266417 -0.896013
0.359677 0.224798 -0.905593
0.367394 0.229621 -0.901275
0.356878 0.267659 -0.894984
0.359677 0.224798 -0.905593
0.359677 0.224798 -0.905593
0.352252 0.220157 -0.909643
0.359677 0.224798 -0.905593
0.352252 0.220157 -0.909643
0.31654 0.2261 -0.921239
0.31931 0.273694 -0.907267
0.375417 0.234635 -0.896665
0.332584 0.190048 -0.923726
0.332584 0.190048 -0.923726
0.336229 0.240164 -0.910643
0.268317 0.268317 -0.925209
0.277473 0.231228 -0.932493
0.236563 0.236563 -0.942378
0.185219 0.231524 -0.955034
0.190274 0.237842 -0.952485
0.143577 0.191436 -0.970947
0.192313 0.192313 -0.962305
0.191377 0.191377 -0.962678
0.24316 0.24316 -0.939014
0.24316 0.24316 -0.939014
0.245951 0.19676 -0.949102
0.245951 0.19676 -0.949102
0.245951 0.19676 -0.949102
0.234873 0.187898 -0.953692
0.229596 0.275516 -0.933476
0.262822 0.262822 -0.928359
0.353214 0.309062 -0.883018
0.315194 0.270166 -0.90976
0.355611 0.311159 -0.881318
0.37369 0.233556 -0.897668
0.405308 0.270205 -0.873335
0.405308 0.270205 -0.873335
0.432252 0.288168 -0.854469
0.430558 0.239199 -0.870289
0.430558 0.239199 -0.870289
0.396979 0.264653 -0.878844
0.433717 0.303602 -0.848361
0.396979 0.264653 -0.878844
0.483211 0.26357 -0.834888
0.403157 0.223976 -0.887299
0.413641 0.229801 -0.880961
0.418987 0.186216 -0.888692
0.469558 0.140867 -0.871591
0.469558 0.140867 -0.871591
0.469558 0.140867 -0.871591
0.459 0.1377 -0.877701
0.499069 0.18148 -0.847346
0.459 0.1377 -0.877701
0.413338 0.137779 -0.900094
0.459 0.1377 -0.877701
0.459 0.1377 -0.877701
0.459 0.1377 -0.877701
0.455166 0.182066 -0.871594
0.440537 0.220269 -0.870292
0.500085 0.181849 -0.846668
0.489354 0.177947 -0.853737
0.556822 0.185607 -0.809629
0.45936 0.137808 -0.877495
0.465033 0.186013 -0.86553
0.465033 0.186013 -0.86553
0.499069 0.18148 -0.847346
0.510179 0.18552 -0.839822
0.510179 0.18552 -0.839822
0.503886 0.137424 -0.852768
0.508032 0.184739 -0.841293
0.46355 0.18542 -0.866453
0.412043 0.137348 -0.900753
0.415432 0.184636 -0.890688
0.452393 0.180957 -0.873267
0.452393 0.180957 -0.873267
0.452393 0.180957 -0.873267
0.432366 0.172947 -0.884957
0.442742 0.177097 -0.878986
0.391252 0.17389 -0.903706
0.399687 0.177639 -0.899274
0.395576 0.219764 -0.891753
0.412043 0.137348 -0.900753
0.419209 0.139736 -0.897072
0.373933 0.140225 -0.916794
0.455203 0.136561 -0.879853
0.427207 0.18987 -0.883993
0.408478 0.181546 -0.894532
0.417643 0.185619 -0.889449
0.412888 0.229382 -0.881423
0.42208 0.234489 -0.875707
0.362718 0.272039 -0.891308
0.421054 0.233919 -0.876353
0.421054 0.233919 -0.876353
0.327356 0.233826 -0.915513
0.327356 0.233826 -0.915513
0.335845 0.239889 -0.910857
0.286208 0.238506 -0.928009
0.286208 0.238506 -0.928009
0.338725 0.193557 -0.920761
0.280855 0.234046 -0.930775
0.327356 0.233826 -0.915513
0.271368 0.271368 -0.923428
0.270476 0.270476 -0.923951
0.270476 0.270476 -0.923951
0.270476 0.270476 -0.923951
0.270476 0.270476 -0.923951
0.270476 0.270476 -0.923951
0.271368 0.271368 -0.923428
0.316228 0.271052 -0.909137
0.270476 0.270476 -0.923951
0.270476 0.270476 -0.923951
0.276326 0.276326 -0.920483
0.275241 0.275241 -0.921133
0.216112 0.172889 -0.96094
0.281256 0.281256 -0.917491
0.225605 0.270726 -0.935847
0.232451 0.232451 -0.944422
0.186825 0.233532 -0.954232
0.226352 0.271623 -0.935407
0.233395 0.233395 -0.943956
0.14491 0.193213 -0.970397
0.142773 0.237955 -0.960725
0.144281 0.192374 -0.970657
0.142773 0.237955 -0.960725
0.0974174 0.243544 -0.964985
0.0969302 0.242326 -0.965341
0.142092 0.236819 -0.961107
0.143577 0.191436 -0.970947
0.181239 0.226549 -0.956989
0.176806 0.30941 -0.934347
0.219796 0.307715 -0.925744
0.231056 0.277267 -0.932596
0.177673 0.310928 -0.933679
0.178686 0.312701 -0.932893
0.186118 0.232647 -0.954587
0.180068 0.270101 -0.945844
0.128146 0.299007 -0.945608
0.171658 0.300402 -0.938239
0.1307 0.304968 -0.943352
0.175346 0.263018 -0.948723
0.133379 0.266758 -0.954489
0.129933 0.303178 -0.944034
0.128116 0.341644 -0.931056
0.0883982 0.309394 -0.946816
0.0454042 0.272425 -0.961105
0.0895865 0.313553 -0.945335
0.091425 0.274275 -0.957296
0.0466974 0.280185 -0.95881
0.0945201 0.2363 -0.967072
0.0966189 0.241547 -0.965567
0.0988035 0.247009 -0.963963
0.0995653 0.248913 -0.963394
0.0983949 0.19679 -0.975496
0.0992474 0.148871 -0.983863
0.147719 0.147719 -0.977936
0.146455 0.195273 -0.969752
0.190887 0.190887 -0.962873
0.190887 0.190887 -0.962873
0.190887 0.190887 -0.962873
0.181007 0.226259 -0.957101
0.175346 0.263018 -0.948723
0.136685 0.227809 -0.964065
0.186739 0.186739 -0.964498
0.182755 0.182755 -0.966024
0.188022 0.188022 -0.964
0.138004 0.184006 -0.973189
0.142184 0.142184 -0.979575
0.233336 0.186669 -0.954311
0.186739 0.186739 -0.964498
0.233336 0.186669 -0.954311
0.188893 0.236116 -0.953189
0.228164 0.273797 -0.934332
0.231302 0.277562 -0.932448
0.224922 0.269907 -0.936248
0.181402 0.272103 -0.945015
0.178673 0.26801 -0.946703
0.170535 0.341069 -0.92444
0.214455 0.343128 -0.914479
0.218539 0.349662 -0.911031
0.175444 0.307028 -0.935389
0.214455 0.343128 -0.914479
0.265951 0.310276 -0.912688
0.226306 0.316828 -0.921089
0.22454 0.314356 -0.922368
0.0925028 0.231257 -0.968485
0.181007 0.226259 -0.957101
0.135808 0.226346 -0.964533
0.181482 0.181482 -0.966503
0.228365 0.182692 -0.956281
0.175346 0.263018 -0.948723
0.224602 0.224602 -0.948213
0.179771 0.224714 -0.957698
0.179771 0.224714 -0.957698
0.185382 0.185382 -0.965022
0.232513 0.232513 -0.944391
0.325401 0.278915 -0.903505
0.327002 0.233573 -0.915704
0.33064 0.188937 -0.924651
0.365395 0.228372 -0.902404
0.36071 0.270533 -0.892581
0.270235 0.225196 -0.936088
0.27154 0.226284 -0.935447
0.359677 0.224798 -0.905593
0.361401 0.225876 -0.904638
0.355795 0.177897 -0.917476
0.319814 0.182751 -0.929689
0.395072 0.175587 -0.901714
0.360343 0.180171 -0.915255
0.405076 0.180034 -0.896382
0.453687 0.136106 -0.880706
0.363311 0.136241 -0.921653
0.403558 0.179359 -0.897202
0.30224 0.129531 -0.94439
0.300099 0.171485 -0.938367
0.386916 0.171963 -0.905939
0.396497 0.176221 -0.900964
0.395072 0.175587 -0.901714
0.357469 0.178735 -0.916662
0.353872 0.22117 -0.908768
0.353872 0.22117 -0.908768
0.391114 0.217286 -0.894325
0.457753 0.183101 -0.870021
0.421598 0.187377 -0.887212
0.430996 0.143665 -0.890844
0.414832 0.230462 -0.880228
0.361401 0.225876 -0.904638
0.325267 0.185867 -0.927176
0.228579 0.274295 -0.934085
0.239122 0.191298 -0.951959
0.190346 0.190346 -0.963087
0.143577 0.191436 -0.970947
0.145488 0.145488 -0.978604
0.0487213 0.146164 -0.98806
0.0499838 0.0999675 -0.993734
0.0499838 0.0999675 -0.993734
0.098024 0.098024 -0.990345
0.0499051 0.149715 -0.987469
0.097981 0.195962 -0.975704
0.138973 0.231622 -0.962828
0.137333 0.274666 -0.951682
0.138973 0.231622 -0.962828
0.0957389 0.191478 -0.976816
0.138973 0.231622 -0.962828
0.138973 0.231622 -0.962828
0.178319 0.267478 -0.94692
0.0916976 0.229244 -0.96904
0.0892387 0.267716 -0.959356
0.0874099 0.26223 -0.961039
0.044629 0.267774 -0.962448
0.0437136 0.262282 -0.964001
0 0 0
0.0441813 0.220906 -0.974294
0.0441813 0.220906 -0.974294
0 0 0
0 0 0
-0.043496 0.260976 -0.964365
-0.0432188 0.345751 -0.937331
0 0 0
0 0 0
-0.0447393 0.313175 -0.948641
0 0 0
0 0 0
0 0 0
-0.0463463 0.231731 -0.971675
0 0 0
0 0 0
0 0 0
-0.0485059 0.145518 -0.988166
-0.0470212 0.188085 -0.981027
-0.0965233 0.144785 -0.984744
-0.0485059 0.145518 -0.988166
-0.0492492 0.196997 -0.979166
-0.0951753 0.142763 -0.98517
-0.0485059 0.145518 -0.988166
0 0 0
0 0 0
-0.0496737 0.149021 -0.987586
-0.0492492 0.196997 -0.979166
-0.0492492 0.196997 -0.979166
-0.0508971 0.152691 -0.986962
0 0 0
-0.0487944 0.0975889 -0.99403
-0.0485059 0.145518 -0.988166
0 0 0
-0.0494747 0.197899 -0.978973
-0.0485059 0.145518 -0.988166
0 0 0
-0.0494747 0.197899 -0.978973
-0.0494747 0.197899 -0.978973
0 0 0
-0.0494747 0.197899 -0.978973
-0.0472173 0.188869 -0.980866
-0.0494747 0.197899 -0.978973
-0.0487213 0.146164 -0.98806
-0.0492492 0.196997 -0.979166
0 0 0
-0.0481105 0.192442 -0.980128
0 0 0
-0.0472173 0.188869 -0.980866
0 0 0
0 0 0
0 0 0
-0.0472173 0.188869 -0.980866
-0.0457245 0.228622 -0.972441
0 0 0
0 0 0
0 0 0
0.0485059 0.145518 -0.988166
-0.0494747 0.197899 -0.978973
-0.047591 0.142773 -0.988611
0 0 0
0.0470212 0.188085 -0.981027
0.0470212 0.188085 -0.981027
0 0 0
-0.0468018 0.187207 -0.981205
-0.0485059 0.145518 -0.988166
0 0 0
0 0 0
0 0 0
0 0 0
-0.0487213 0.146164 -0.98806
0 0 0
-0.0487213 0.146164 -0.98806
-0.0457245 0.228622 -0.972441
0 0 0
0.0455463 0.227731 -0.972658
0.0455463 0.227731 -0.972658
0.0448416 0.269049 -0.962082
0.0911399 0.27342 -0.957567
0.138973 0.231622 -0.962828
0.184285 0.230356 -0.955497
0.186132 0.186132 -0.964733
0.19193 0.143948 -0.970795
0.184285 0.230356 -0.955497
0.183269 0.229086 -0.955998
0.138851 0.185135 -0.972854
0.186132 0.186132 -0.964733
0.14073 0.14073 -0.979995
0.234462 0.140677 -0.961893
0.234462 0.140677 -0.961893
0.18037 0.135278 -0.974252
0.179506 0.134629 -0.974501
0.182993 0.182993 -0.965933
0.178214 0.178214 -0.967719
0.173744 0.21718 -0.960544
0.216123 0.216123 -0.952146
0.172972 0.216215 -0.960901
0.178214 0.178214 -0.967719
0.178214 0.178214 -0.967719
0.180363 0.225454 -0.957413
0.13728 0.183041 -0.973473
0.182993 0.182993 -0.965933
0.182993 0.182993 -0.965933
0.226432 0.226432 -0.947342
0.228663 0.18293 -0.956164
0.234873 0.187898 -0.953692
0.203492 0.152619 -0.967108
0.148366 0.197821 -0.968945
0.245951 0.19676 -0.949102
0.245951 0.19676 -0.949102
0.241335 0.193068 -0.951043
0.245951 0.19676 -0.949102
0.193948 0.145461 -0.970168
0.194808 0.146106 -0.969898
0.24029 0.192232 -0.951476
0.193948 0.145461 -0.970168
0.18797 0.18797 -0.96402
0.196852 0.196852 -0.960468
0.191377 0.191377 -0.962678
0.24029 0.192232 -0.951476
0.192313 0.192313 -0.962305
0.18797 0.18797 -0.96402
0.141606 0.188808 -0.971751
0.137112 0.22852 -0.963835
0.14068 0.234467 -0.961891
0.0969969 0.193994 -0.976196
0 0 0
-0.0925276 0.231319 -0.968468
-0.137101 0.182802 -0.973543
-0.182375 0.182375 -0.966167
-0.182044 0.182044 -0.966292
-0.278365 0.185577 -0.942377
-0.272227 0.181485 -0.944963
-0.216367 0.259641 -0.941154
-0.257715 0.214763 -0.942051
-0.266952 0.22246 -0.937682
-0.215614 0.258737 -0.941576
-0.256073 0.213394 -0.94281
-0.295358 0.253164 -0.921233
-0.256949 0.214124 -0.942406
-0.254231 0.254231 -0.933131
-0.287056 0.287056 -0.913891
-0.287056 0.287056 -0.913891
-0.264851 0.264851 -0.927204
-0.262615 0.350154 -0.899125
-0.236457 0.283748 -0.929287
-0.143182 0.286363 -0.947362
-0.0490092 0.294055 -0.954531
0.0483759 0.24188 -0.9691
0.142535 0.28507 -0.94785
0.138497 0.276994 -0.950838
0.139539 0.325591 -0.935157
0.181273 0.317228 -0.930863
0.175532 0.351065 -0.919751
0.179132 0.358265 -0.916274
0.181973 0.318452 -0.930309
