1783
0.0462976 0.18519 -0.981611
0.0931099 0.18622 -0.978086
0.0453012 0.181205 -0.982401
0.0905931 0.181186 -0.979267
0.0462976 0.18519 -0.981611
0.0455818 0.227909 -0.972615
0.0462976 0.18519 -0.981611
0.0474035 0.14221 -0.988701
0.0443446 0.177379 -0.983143
0.0450687 0.270412 -0.961689
0.04463 0.22315 -0.973762
0.0455818 0.227909 -0.972615
0.0460149 0.18406 -0.981837
0.0925848 0.18517 -0.978335
0.0448877 0.224439 -0.973454
0.0925848 0.18517 -0.978335
0.0910849 0.18217 -0.979039
0.0448877 0.224439 -0.973454
0.0916976 0.229244 -0.96904
0.0916976 0.229244 -0.96904
0.0470342 0.188137 -0.981016
0.0940572 0.188114 -0.977633
0.0931272 0.232818 -0.968051
0.0911486 0.227872 -0.969416
0.0911486 0.227872 -0.969416
0.0911486 0.227872 -0.969416
0.0443975 0.266385 -0.962844
0.0441481 0.264888 -0.963268
0.0876528 0.306785 -0.947734
0.0869751 0.260925 -0.961433
0.043496 0.260976 -0.964365
0 0 0
-0.0413243 0.28927 -0.956355
-0.084799 0.254397 -0.963375
-0.043496 0.260976 -0.964365
-0.0869751 0.260925 -0.961433
-0.0876528 0.306785 -0.947734
-0.0942574 0.235644 -0.967258
-0.0471375 0.235688 -0.970685
-0.138973 0.231622 -0.962828
-0.0926764 0.231691 -0.968365
-0.0922076 0.230519 -0.968689
-0.0926764 0.231691 -0.968365
-0.0926764 0.231691 -0.968365
-0.0455807 0.273484 -0.960796
-0.0896634 0.26899 -0.95896
-0.044629 0.267774 -0.962448
-0.0461117 0.230558 -0.971965
-0.0470212 0.188085 -0.981027
-0.0468018 0.187207 -0.981205
-0.045127 0.225635 -0.973166
-0.0441813 0.220906 -0.974294
-0.0417915 0.250749 -0.96715
-0.0428327 0.256996 -0.965463
0 0 0
0 0 0
0 0 0
-0.0448877 0.224439 -0.973454
0 0 0
0 0 0
0 0 0
0 0 0
0 0 0
-0.0477127 0.143138 -0.988552
-0.0479872 0.0959744 -0.994226
0 0 0
0 0 0
-0.0471656 0.141497 -0.988814
0.0455472 0.182189 -0.982208
0 0 0
0 0 0
-0.0482799 0.0965599 -0.994156
-0.0494153 0.148246 -0.987715
-0.0469184 0.140755 -0.988932
-0.0457732 0.183093 -0.982029
0 0 0
-0.0457732 0.183093 -0.982029
-0.0453469 0.226734 -0.9729
-0.0447871 0.179149 -0.982802
0 0 0
0 0 0
0 0 0
-0.0474035 0.14221 -0.988701
0 0 0
0 0 0
0 0 0
-0.0468018 0.187207 -0.981205
-0.0473362 0.189345 -0.980769
-0.0473362 0.189345 -0.980769
0 0 0
0 0 0
-0.0461117 0.230558 -0.971965
0 0 0
-0.046865 0.234325 -0.971028
-0.0473362 0.189345 -0.980769
0 0 0
0 0 0
0 0 0
-0.0473206 0.283923 -0.957679
-0.0473362 0.189345 -0.980769
-0.0468018 0.187207 -0.981205
-0.0468018 0.187207 -0.981205
0 0 0
0 0 0
0.045127 0.225635 -0.973166
0 0 0
0 0 0
0.0476171 0.190468 -0.980538
0.0473362 0.189345 -0.980769
0.0946609 0.189322 -0.977342
0.0473362 0.189345 -0.980769
0.0470342 0.188137 -0.981016
0 0 0
0 0 0
0.0443975 0.266385 -0.962844
0 0 0
0 0 0
-0.0458565 0.229282 -0.972279
-0.0448877 0.224439 -0.973454
-0.0931099 0.18622 -0.978086
-0.0916976 0.229244 -0.96904
-0.0902399 0.2256 -0.970032
-0.0906792 0.226698 -0.969735
-0.140361 0.187149 -0.972252
-0.135982 0.226637 -0.96444
-0.140361 0.187149 -0.972252
-0.0935928 0.187186 -0.977856
-0.0940312 0.188062 -0.977645
-0.0969302 0.242326 -0.965341
-0.0482652 0.144796 -0.988284
-0.0468018 0.187207 -0.981205
-0.0453469 0.226734 -0.9729
-0.0457732 0.183093 -0.982029
0 0 0
0 0 0
-0.0477127 0.143138 -0.988552
0 0 0
0 0 0
0 0 0
0.0456308 0.136892 -0.989534
0 0 0
0 0 0
0.0453012 0.181205 -0.982401
0.0443446 0.177379 -0.983143
0 0 0
0 0 0
0.0430612 0.215306 -0.975597
0.044096 0.176384 -0.983333
0.0453601 0.13608 -0.989659
0.0480965 0.192386 -0.98014
0.0941418 0.141213 -0.985493
0.0460149 0.18406 -0.981837
0 0 0
0.0463605 0.139081 -0.989195
0.0460149 0.18406 -0.981837
0.0920198 0.18404 -0.978602
0.0914172 0.182834 -0.978884
0.140094 0.186791 -0.972359
0.186739 0.186739 -0.964498
0.138714 0.231189 -0.962969
0.137724 0.229541 -0.963506
0.186739 0.186739 -0.964498
0.186739 0.186739 -0.964498
0.186739 0.186739 -0.964498
0.184873 0.231092 -0.955206
0.184873 0.231092 -0.955206
0.233336 0.186669 -0.954311
0.184873 0.231092 -0.955206
0.230963 0.230963 -0.945152
0.186542 0.279813 -0.941757
0.135124 0.270248 -0.953261
0.223519 0.268223 -0.937068
0.136685 0.227809 -0.964065
0.181007 0.226259 -0.957101
0.180068 0.270101 -0.945844
0.221597 0.265917 -0.938181
0.13237 0.264741 -0.955191
0.136685 0.227809 -0.964065
0.182755 0.182755 -0.966024
0.186739 0.186739 -0.964498
0.140094 0.186791 -0.972359
0.141197 0.141197 -0.979861
0.093414 0.186828 -0.977941
0.0900635 0.180127 -0.979512
0.138004 0.184006 -0.973189
0.0916976 0.229244 -0.96904
0.141962 0.189283 -0.971606
0.0932932 0.13994 -0.985755
0.138851 0.185135 -0.972854
0.138851 0.185135 -0.972854
0.0920198 0.18404 -0.978602
0.0925848 0.18517 -0.978335
0.138851 0.185135 -0.972854
0.138851 0.185135 -0.972854
0.138851 0.185135 -0.972854
0.137507 0.229179 -0.963623
0.0951865 0.237966 -0.966598
0.0961806 0.192361 -0.976599
0.0940572 0.188114 -0.977633
0.0940572 0.188114 -0.977633
0.0920198 0.18404 -0.978602
0.0920198 0.18404 -0.978602
0.138851 0.185135 -0.972854
0.0920198 0.18404 -0.978602
0.0954186 0.143128 -0.985094
0.0920198 0.18404 -0.978602
0.137101 0.182802 -0.973543
0.0920198 0.18404 -0.978602
0.0900635 0.180127 -0.979512
0.133836 0.22306 -0.965574
0.088184 0.176368 -0.980366
0.177294 0.177294 -0.968057
0.139058 0.139058 -0.980472
0.18761 0.140707 -0.972113
0.18111 0.18111 -0.966643
0.234462 0.140677 -0.961893
0.186537 0.139902 -0.972436
0.143949 0.0959661 -0.984921
0.145207 0.193609 -0.970274
0.186132 0.186132 -0.964733
0.143111 0.143111 -0.979305
0.138851 0.185135 -0.972854
0.190781 0.143086 -0.971148
0.139058 0.139058 -0.980472
0.143111 0.143111 -0.979305
0.143111 0.143111 -0.979305
0.0954186 0.143128 -0.985094
0.143973 0.143973 -0.979052
0.19193 0.143948 -0.970795
0.19193 0.143948 -0.970795
0.143973 0.143973 -0.979052
0.139638 0.186184 -0.972541
0.143973 0.143973 -0.979052
0.143973 0.143973 -0.979052
0.14073 0.14073 -0.979995
0.0938306 0.140746 -0.985589
0.14073 0.14073 -0.979995
0.0925848 0.18517 -0.978335
0.0897617 0.224404 -0.970353
0.135324 0.22554 -0.96479
0.141341 0.235569 -0.961525
0.133809 0.267618 -0.954188
0.0892387 0.267716 -0.959356
0.0902399 0.2256 -0.970032
0.0468018 0.187207 -0.981205
0.0480004 0.144001 -0.988413
0 0 0
0 0 0
-0.0461134 0.13834 -0.989311
-0.0485059 0.145518 -0.988166
-0.147604 0.098403 -0.984139
-0.148098 0.0987321 -0.984032
-0.186536 0.186536 -0.964577
-0.192484 0.144363 -0.970623
-0.23885 0.19108 -0.952071
-0.239054 0.191243 -0.951987
-0.273884 0.273884 -0.921941
-0.228223 0.273868 -0.934297
-0.276154 0.230128 -0.933156
-0.227928 0.273513 -0.934473
-0.258794 0.301927 -0.917532
-0.266993 0.266993 -0.925975
-0.354361 0.265771 -0.896546
-0.269457 0.269457 -0.924546
-0.324897 0.232069 -0.916835
-0.274026 0.274026 -0.921856
-0.362626 0.27197 -0.891367
-0.223798 0.268557 -0.936905
-0.362965 0.226853 -0.903767
-0.349644 0.262233 -0.899435
-0.392767 0.261845 -0.881573
-0.306315 0.262556 -0.915006
-0.353419 0.265065 -0.897126
-0.351364 0.307443 -0.88432
-0.309828 0.309828 -0.898896
-0.358646 0.268984 -0.89388
-0.366076 0.274557 -0.889161
-0.27123 0.27123 -0.923509
-0.317758 0.272364 -0.908212
-0.268317 0.268317 -0.925209
-0.308493 0.220352 -0.925352
-0.311231 0.266769 -0.912124
-0.300918 0.300918 -0.904929
-0.339993 0.297494 -0.892133
-0.353468 0.309285 -0.882838
-0.276983 0.276983 -0.920087
-0.23745 0.28494 -0.928669
-0.0923702 0.27711 -0.956388
-0.046014 0.23007 -0.972086
0 0 0
0.0452887 0.226443 -0.972971
0.0876612 0.262984 -0.96081
0.0876612 0.262984 -0.96081
0.0857874 0.257362 -0.962499
0.0442786 0.221393 -0.974179
0.0904934 0.226234 -0.96986
0.0913457 0.182691 -0.978918
0.131353 0.262705 -0.955893
0.0904934 0.226234 -0.96986
0.0903779 0.225945 -0.969939
0.0903779 0.225945 -0.969939
0.0893722 0.268116 -0.959232
0.128641 0.257282 -0.957736
0.131353 0.262705 -0.955893
0.178807 0.26821 -0.946621
0.129721 0.302682 -0.944222
0.134176 0.268352 -0.953931
0.172974 0.302704 -0.937257
0.176463 0.308809 -0.934611
0.172853 0.302492 -0.937347
0.129812 0.302894 -0.944142
0.13431 0.268621 -0.953836
0.142092 0.236819 -0.961107
0.191322 0.191322 -0.9627
0.186943 0.186943 -0.964419
0.192931 0.144698 -0.970484
0.239122 0.191298 -0.951959
0.233654 0.186923 -0.954183
0.236563 0.236563 -0.942378
0.277031 0.230859 -0.932715
0.322491 0.230351 -0.918117
0.273249 0.273249 -0.922318
0.276154 0.230128 -0.933156
0.272757 0.272757 -0.922609
0.314944 0.22496 -0.922065
0.366628 0.229143 -0.901708
0.320221 0.228729 -0.919316
0.319144 0.22796 -0.919881
0.355341 0.222088 -0.90797
0.355341 0.222088 -0.90797
0.314012 0.269154 -0.910468
0.324897 0.232069 -0.916835
0.399313 0.221841 -0.88957
0.373371 0.186685 -0.908704
0.32694 0.186823 -0.926395
0.31654 0.2261 -0.921239
0.319814 0.182751 -0.929689
0.337411 0.144605 -0.930185
0.293467 0.195645 -0.935735
0.340213 0.194408 -0.920033
0.340213 0.194408 -0.920033
0.282754 0.141377 -0.948716
0.323447 0.184827 -0.92802
0.290031 0.193354 -0.937281
0.274566 0.228805 -0.933949
0.320054 0.22861 -0.919403
0.321813 0.229867 -0.918476
0.285256 0.190171 -0.939395
0.29009 0.241741 -0.925964
0.193693 0.242116 -0.950717
0.241952 0.241952 -0.939638
0.183004 0.274506 -0.944011
0.185219 0.231524 -0.955034
0.192313 0.192313 -0.962305
0.0926764 0.231691 -0.968365
0.141019 0.188025 -0.971988
0.0896634 0.26899 -0.95896
0.127451 0.297386 -0.946212
0.135982 0.226637 -0.96444
0.173949 0.304411 -0.936523
0.179931 0.269897 -0.945928
0.223798 0.268557 -0.936905
0.184285 0.230356 -0.955497
0.263894 0.263894 -0.92775
0.265841 0.221534 -0.938217
0.27154 0.226284 -0.935447
0.271616 0.135808 -0.952775
0.271616 0.135808 -0.952775
0.277721 0.13886 -0.950573
0.228523 0.091409 -0.969238
0.26718 0.0890599 -0.959522
0.217917 0.0871669 -0.972067
0.222672 0.0890686 -0.970816
0.265767 0.132883 -0.954835
0.222339 0.133403 -0.9658
0.226401 0.13584 -0.964516
0.223504 0.0894016 -0.970594
0.27313 0.0910435 -0.957659
0.228383 0.0456766 -0.972499
0.222672 0.0890686 -0.970816
0.228523 0.091409 -0.969238
0.270443 0.135222 -0.953192
0.226401 0.13584 -0.964516
0.274275 0.18285 -0.944107
0.272725 0.227271 -0.934863
0.321236 0.183563 -0.929038
0.316793 0.135768 -0.938728
0.282754 0.141377 -0.948716
0.284095 0.142048 -0.948215
0.289321 0.144661 -0.946238
0.280403 0.186935 -0.941504
0.233781 0.187025 -0.954132
0.228663 0.18293 -0.956164
0.233781 0.187025 -0.954132
0.289442 0.192962 -0.937544
0.278737 0.23228 -0.931854
0.227422 0.227422 -0.946868
0.278737 0.23228 -0.931854
0.245951 0.19676 -0.949102
0.146134 0.146134 -0.978412
0.0974351 0.146153 -0.984452
0.094767 0.189534 -0.97729
0.097312 0.194624 -0.976039
0.0475363 0.190145 -0.980604
0.0440118 0.0440118 -0.998061
0 0 0
0.046004 0.0920079 -0.994695
0.0442699 0 -0.99902
0 0 0
-0.0469313 0.140794 -0.988926
-0.0443024 0.0443024 -0.998035
-0.0492055 0.147616 -0.98782
-0.0492055 0.147616 -0.98782
0 0 0
0 0 0
-0.0492055 0.147616 -0.98782
0 0 0
-0.0465729 0.186292 -0.98139
-0.0492055 0.147616 -0.98782
-0.0488947 0.195579 -0.979468
-0.0478208 0.191283 -0.980369
-0.048968 0.195872 -0.979406
-0.0477526 0.19101 -0.980426
0 0 0
0 0 0
0 0 0
-0.0477526 0.19101 -0.980426
0 0 0
-0.0477526 0.19101 -0.980426
-0.0460156 0.138047 -0.989356
-0.048968 0.195872 -0.979406
-0.0478208 0.191283 -0.980369
-0.048968 0.195872 -0.979406
-0.0478208 0.191283 -0.980369
-0.0478208 0.191283 -0.980369
0 0 0
0 0 0
-0.0478208 0.191283 -0.980369
0 0 0
-0.0478208 0.191283 -0.980369
-0.0482091 0.144627 -0.988311
-0.0467251 0.186901 -0.981267
-0.0478208 0.191283 -0.980369
0 0 0
-0.0467251 0.186901 -0.981267
0 0 0
-0.0478208 0.191283 -0.980369
-0.048968 0.195872 -0.979406
0 0 0
0 0 0
0 0 0
0 0 0
0 0 0
-0.0462718 0.231359 -0.971767
0 0 0
-0.0462718 0.231359 -0.971767
-0.0462718 0.231359 -0.971767
-0.0457353 0.274412 -0.960524
-0.046309 0.231545 -0.971721
-0.0447853 0.268712 -0.962179
-0.0457712 0.274627 -0.960461
-0.0926019 0.231505 -0.968416
-0.135531 0.225884 -0.96468
-0.0922321 0.23058 -0.968672
-0.137979 0.229965 -0.963368
-0.097813 0.14672 -0.98433
-0.145934 0.194579 -0.96997
-0.141107 0.235178 -0.961655
-0.0920123 0.230031 -0.968824
-0.0467497 0.233748 -0.971173
-0.137948 0.275895 -0.951237
-0.0892072 0.312225 -0.94581
-0.13221 0.26442 -0.955302
-0.0884935 0.26548 -0.960046
-0.093102 0.232755 -0.968069
-0.093102 0.232755 -0.968069
-0.0934824 0.233706 -0.967803
-0.0903926 0.271178 -0.958275
-0.186067 0.232584 -0.954612
-0.137333 0.274666 -0.951682
-0.185219 0.231524 -0.955034
-0.235319 0.235319 -0.943
-0.226237 0.271484 -0.935475
-0.176406 0.264608 -0.948084
-0.218695 0.306173 -0.926515
-0.176406 0.264608 -0.948084
-0.259214 0.302416 -0.917253
-0.309828 0.309828 -0.898896
-0.297545 0.340051 -0.892094
-0.260728 0.304183 -0.916239
-0.27123 0.27123 -0.923509
-0.278811 0.232343 -0.931816
-0.281786 0.187858 -0.940907
-0.27987 0.18658 -0.941733
-0.281786 0.187858 -0.940907
-0.274566 0.228805 -0.933949
-0.272954 0.318447 -0.907793
-0.220856 0.35337 -0.909039
-0.225389 0.315545 -0.921754
-0.0914145 0.319951 -0.943014
0.047832 0.286992 -0.956738
0.0936003 0.280801 -0.955191
0.139729 0.279458 -0.949936
0.138497 0.276994 -0.950838
0.135022 0.270043 -0.953334
0.0896634 0.26899 -0.95896
0.0896634 0.26899 -0.95896
0.13325 0.310916 -0.94105
0.176806 0.30941 -0.934347
0.178199 0.311849 -0.933271
0.226363 0.316909 -0.921047
0.27129 0.316505 -0.90897
0.220807 0.309129 -0.925032
0.274026 0.274026 -0.921856
0.317758 0.272364 -0.908212
0.313181 0.313181 -0.896568
0.313181 0.313181 -0.896568
0.268848 0.313656 -0.910681
0.272687 0.272687 -0.92265
0.322736 0.276631 -0.905161
0.331351 0.331351 -0.88341
0.325378 0.371861 -0.869396
0.329267 0.329267 -0.884967
0.322563 0.322563 -0.889891
0.271359 0.316585 -0.908922
0.324524 0.324524 -0.888464
0.271359 0.316585 -0.908922
0.229657 0.275588 -0.933439
0.271359 0.316585 -0.908922
0.317932 0.317932 -0.893218
0.320801 0.274972 -0.906354
0.311567 0.311567 -0.897692
0.311567 0.311567 -0.897692
0.316068 0.270915 -0.909234
0.27123 0.27123 -0.923509
0.320801 0.274972 -0.906354
0.311567 0.311567 -0.897692
0.355438 0.311008 -0.881441
0.317932 0.317932 -0.893218
0.306634 0.350439 -0.884968
0.320648 0.366455 -0.873439
0.312679 0.357348 -0.880076
0.362638 0.317308 -0.876247
0.353468 0.309285 -0.882838
0.408475 0.272317 -0.871201
0.318735 0.273202 -0.907617
0.351364 0.307443 -0.88432
0.358646 0.268984 -0.89388
0.320801 0.274972 -0.906354
0.320801 0.274972 -0.906354
0.373287 0.233304 -0.897901
0.316068 0.270915 -0.909234
0.36071 0.270533 -0.892581
0.370995 0.231872 -0.899221
0.322736 0.276631 -0.905161
0.287269 0.287269 -0.913757
0.336843 0.288723 -0.896201
0.343885 0.245632 -0.906316
0.284612 0.284612 -0.915419
0.235319 0.235319 -0.943
0.185219 0.231524 -0.955034
0.139611 0.232685 -0.962479
0.0926764 0.231691 -0.968365
0.0472173 0.188869 -0.980866
0 0 0
0 0 0
0 0 0
0 0 0
0 0 0
0 0 0
0 0 0
0 0 0
0.0442657 0.30986 -0.949751
0.0442657 0.30986 -0.949751
0.0915925 0.274777 -0.957135
0.134445 0.26889 -0.953741
0.185219 0.231524 -0.955034
0.222744 0.267293 -0.937518
0.230229 0.230229 -0.94551
0.181239 0.226549 -0.956989
0.226432 0.226432 -0.947342
0.226432 0.226432 -0.947342
0.266952 0.22246 -0.937682
0.266952 0.22246 -0.937682
0.222596 0.222596 -0.949159
0.223754 0.179003 -0.958067
0.226432 0.226432 -0.947342
0.280403 0.186935 -0.941504
0.27154 0.226284 -0.935447
0.226432 0.226432 -0.947342
0.272725 0.227271 -0.934863
0.272725 0.227271 -0.934863
0.272725 0.227271 -0.934863
0.229684 0.183747 -0.955763
0.233781 0.187025 -0.954132
0.233781 0.187025 -0.954132
0.23258 0.186064 -0.954614
0.22534 0.22534 -0.947863
0.228962 0.228962 -0.946125
0.233781 0.187025 -0.954132
0.285256 0.190171 -0.939395
0.147557 0.196742 -0.969288
0.145207 0.193609 -0.970274
0.099731 0.199462 -0.974817
0.0946609 0.189322 -0.977342
0.0482799 0.0965599 -0.994156
-0.0474307 0.0948614 -0.99436
-0.0469184 0.140755 -0.988932
-0.0970956 0.0970956 -0.990528
-0.0463231 0.138969 -0.989213
-0.0943248 0.141487 -0.985436
-0.0496737 0.149021 -0.987586
-0.0473902 0.14217 -0.988707
0 0 0
0 0 0
0 0 0
0 0 0
0 0 0
0 0 0
-0.0472173 0.188869 -0.980866
-0.0472173 0.188869 -0.980866
-0.0452066 0.27124 -0.96145
-0.0457245 0.228622 -0.972441
-0.0473893 0.189557 -0.980725
-0.0479177 0.143753 -0.988453
-0.0950609 0.190122 -0.977147
-0.0453012 0.181205 -0.982401
-0.0461239 0.23062 -0.97195
-0.0450126 0.225063 -0.973304
-0.0950609 0.190122 -0.977147
-0.0950609 0.190122 -0.977147
-0.0950609 0.190122 -0.977147
-0.0958284 0.143743 -0.984964
-0.0929088 0.185818 -0.978182
-0.0464597 0.185839 -0.981481
-0.0479177 0.143753 -0.988453
-0.0960768 0.144115 -0.984886
-0.0999486 0.199897 -0.974706
-0.0996691 0.199338 -0.974849
-0.0996691 0.199338 -0.974849
-0.049072 0.147216 -0.987886
-0.0981362 0.147204 -0.984226
-0.049072 0.147216 -0.987886
-0.0955274 0.143291 -0.985059
-0.0929088 0.185818 -0.978182
-0.0929088 0.185818 -0.978182
-0.0464597 0.185839 -0.981481
-0.0464597 0.185839 -0.981481
-0.0931351 0.18627 -0.978074
-0.046014 0.23007 -0.972086
-0.0486626 0.194651 -0.979665
0.046014 0.23007 -0.972086
0 0 0
0 0 0
0 0 0
0 0 0
0.0447088 0.178835 -0.982863
0.0440431 0.132129 -0.990254
0 0 0
0.0462988 0.0925977 -0.994627
0 0 0
0 0 0
0 0 0
0.0467762 0.187105 -0.981226
0.0463214 0.231607 -0.971706
0.0473351 0.236676 -0.970435
0.0925276 0.231319 -0.968468
0.146629 0.195506 -0.969679
0.149884 0.199846 -0.968296
0.194514 0.194514 -0.96142
0.140181 0.233634 -0.962166
0.233395 0.233395 -0.943956
0.234873 0.187898 -0.953692
0.278737 0.23228 -0.931854
0.192987 0.14474 -0.970467
0.242376 0.145425 -0.959221
0.284095 0.142048 -0.948215
0.236814 0.142088 -0.961109
0.290759 0.145379 -0.945687
0.246907 0.148144 -0.957648
0.305027 0.152514 -0.940052
0.252905 0.151743 -0.955517
0.293467 0.195645 -0.935735
0.246907 0.148144 -0.957648
0.29264 0.0975465 -0.951234
0.28774 0.14387 -0.946841
0.235695 0.141417 -0.961483
0.28774 0.14387 -0.946841
0.286795 0.191196 -0.938719
0.241176 0.144706 -0.959632
0.223798 0.268557 -0.936905
0.267059 0.267059 -0.925937
0.267059 0.267059 -0.925937
0.262145 0.305836 -0.915284
0.267454 0.312029 -0.91165
0.221886 0.31064 -0.924267
0.18387 0.275805 -0.943464
0.18387 0.275805 -0.943464
0.267454 0.312029 -0.91165
0.22776 0.318864 -0.920028
0.22776 0.318864 -0.920028
0.232545 0.325563 -0.916478
0.236063 0.283276 -0.929532
0.23745 0.28494 -0.928669
0.259495 0.345993 -0.901638
0.260644 0.347526 -0.900717
0.216544 0.34647 -0.912725
0.220807 0.309129 -0.925032
0.264631 0.352841 -0.897482
0.278535 0.278535 -0.91915
0.268848 0.313656 -0.910681
0.279961 0.279961 -0.918283
0.225389 0.315545 -0.921754
0.278535 0.278535 -0.91915
0.324534 0.278172 -0.904045
0.279961 0.279961 -0.918283
0.281256 0.281256 -0.917491
0.23619 0.330665 -0.913715
0.287515 0.287515 -0.913603
0.250026 0.250026 -0.9354
0.302043 0.201362 -0.931785
0.31352 0.209014 -0.926293
0.252934 0.101174 -0.962179
0.296904 0.0989679 -0.949765
0.193256 0.0966279 -0.976379
0.187661 0.140746 -0.972098
0.1916 0.1437 -0.970896
0.0960768 0.144115 -0.984886
0.143725 0.143725 -0.979125
0.0953033 0.190607 -0.977029
0.0953033 0.190607 -0.977029
0.188058 0.235072 -0.953612
0.22699 0.272388 -0.935029
0.176835 0.265253 -0.947824
0.181273 0.317228 -0.930863
0.0940387 0.282116 -0.95476
0 0 0
-0.0468124 0.280874 -0.958602
-0.0470319 0.282191 -0.958205
-0.0470319 0.282191 -0.958205
-0.0952134 0.238034 -0.966579
-0.0483206 0.193282 -0.979953
0 0 0
-0.0465593 0.232796 -0.97141
-0.0469166 0.234583 -0.970963
0 0 0
0 0 0
0 0 0
-0.0472173 0.188869 -0.980866
-0.0487213 0.146164 -0.98806
-0.0483206 0.193282 -0.979953
-0.0457245 0.228622 -0.972441
-0.0472173 0.188869 -0.980866
0 0 0
0.0447415 0.223707 -0.973629
0.0450344 0.270206 -0.961749
0.0450344 0.270206 -0.961749
0.0470319 0.282191 -0.958205
0 0 0
0.0467497 0.233748 -0.971173
0.0465593 0.232796 -0.97141
0.0465593 0.232796 -0.97141
0.0481105 0.192442 -0.980128
0.0962084 0.192417 -0.976586
0.093102 0.232755 -0.968069
0.139611 0.232685 -0.962479
0.0957389 0.191478 -0.976816
0.192313 0.192313 -0.962305
0.143467 0.286935 -0.947146
0.0956913 0.287074 -0.953117
0.143577 0.191436 -0.970947
0.142803 0.190404 -0.971264
0.142092 0.236819 -0.961107
0.138973 0.231622 -0.962828
0.143577 0.191436 -0.970947
0.0957389 0.191478 -0.976816
0.0957389 0.191478 -0.976816
0.0935928 0.187186 -0.977856
0.141019 0.188025 -0.971988
0.144281 0.192374 -0.970657
0.139611 0.232685 -0.962479
0.19193 0.143948 -0.970795
0.0926764 0.231691 -0.968365
0.140361 0.187149 -0.972252
0.192313 0.192313 -0.962305
0.193948 0.145461 -0.970168
0.229684 0.183747 -0.955763
0.184395 0.138296 -0.973074
0.189494 0.14212 -0.971542
0.188597 0.141448 -0.971815
0.188597 0.141448 -0.971815
0.141471 0.141471 -0.979782
0.141471 0.141471 -0.979782
0.141471 0.141471 -0.979782
0.142965 0.0953101 -0.985128
0.142965 0.0953101 -0.985128
0.189494 0.14212 -0.971542
0.138946 0.138946 -0.980504
0.183812 0.183812 -0.965622
0.183812 0.183812 -0.965622
0.140361 0.187149 -0.972252
0.0915368 0.183074 -0.978828
0.144541 0.240902 -0.959726
0.142803 0.190404 -0.971264
0.0974274 0.194855 -0.975981
0 0 0
0 0 0
-0.0441481 0.264888 -0.963268
-0.0874169 0.218542 -0.971904
-0.0887762 0.266329 -0.959785
-0.13182 0.2197 -0.966621
-0.0902399 0.2256 -0.970032
-0.0902399 0.2256 -0.970032
-0.138851 0.185135 -0.972854
-0.0954186 0.143128 -0.985094
-0.143111 0.143111 -0.979305
-0.150881 0.100587 -0.983421
-0.150881 0.100587 -0.983421
-0.0976381 0.146457 -0.984387
-0.0932216 0.0932216 -0.991272
-0.096976 0.145464 -0.984599
-0.0954186 0.143128 -0.985094
-0.0954186 0.143128 -0.985094
-0.0920198 0.18404 -0.978602
-0.0892465 0.223116 -0.970698
-0.0437145 0.218573 -0.974841
-0.044096 0.176384 -0.983333
0 0 0
0 0 0
-0.0429426 0.17177 -0.984201
-0.0446536 0.133961 -0.98998
-0.0453012 0.181205 -0.982401
-0.0938306 0.140746 -0.985589
-0.0455472 0.182189 -0.982208
-0.0469184 0.140755 -0.988932
0 0 0
0.0910849 0.18217 -0.979039
0.0905931 0.181186 -0.979267
0.0434257 0.173703 -0.98384
0.0891421 0.178284 -0.979933
0.0445753 0.178301 -0.982966
0.0910849 0.18217 -0.979039
0.0952223 0.190445 -0.977069
0.0947584 0.236896 -0.966903
0.0916976 0.229244 -0.96904
0.189226 0.189226 -0.963528
0.141962 0.189283 -0.971606
0.184285 0.230356 -0.955497
0.143577 0.191436 -0.970947
0.187285 0.234106 -0.954002
0.184285 0.230356 -0.955497
0.186132 0.186132 -0.964733
0.23258 0.186064 -0.954614
0.187096 0.187096 -0.96436
0.230229 0.230229 -0.94551
0.231394 0.231394 -0.944941
0.185219 0.231524 -0.955034
0.233781 0.187025 -0.954132
0.231394 0.231394 -0.944941
0.233781 0.187025 -0.954132
0.247573 0.247573 -0.936705
0.238725 0.28647 -0.927871
0.241952 0.241952 -0.939638
0.283651 0.236376 -0.929337
0.24029 0.192232 -0.951476
0.288192 0.192128 -0.9381
0.285001 0.237501 -0.928638
0.285001 0.237501 -0.928638
0.288192 0.192128 -0.9381
0.285001 0.237501 -0.928638
0.324897 0.232069 -0.916835
0.279866 0.233221 -0.93128
0.271368 0.271368 -0.923428
0.271368 0.271368 -0.923428
0.280855 0.234046 -0.930775
0.24519 0.24519 -0.937957
0.239588 0.239588 -0.940848
0.226352 0.271623 -0.935407
0.260227 0.260227 -0.929819
0.310471 0.266118 -0.912573
0.270476 0.270476 -0.923951
0.283901 0.189267 -0.939989
0.229082 0.229082 -0.946067
0.269555 0.224629 -0.93642
0.317431 0.181389 -0.930772
0.314235 0.134672 -0.939745
0.35124 0.131715 -0.926974
0.31463 0.134841 -0.939588
0.316407 0.090402 -0.944306
0.370728 0.046341 -0.927584
0.370728 0.046341 -0.927584
0.324402 0.0463431 -0.944783
0.324838 0.0464054 -0.94463
0.324402 0.0463431 -0.944783
0.331555 0.0947299 -0.938668
0.329218 0.141093 -0.933653
0.331277 0.0946504 -0.938774
0.330814 0.0945184 -0.938951
0.332533 0.0475048 -0.941894
0.339243 0.0969265 -0.935692
0.339243 0.0969265 -0.935692
0.396547 0.0991368 -0.912646
0.396547 0.0991368 -0.912646
0.387054 0.0967636 -0.916966
0.387054 0.0967636 -0.916966
0.339243 0.0969265 -0.935692
0.339243 0.0969265 -0.935692
0.396547 0.0991368 -0.912646
0.396547 0.0991368 -0.912646
0.403419 0.151282 -0.902423
0.413611 0.155104 -0.897145
0.353201 0.151372 -0.92322
0.396547 0.0991368 -0.912646
0.396547 0.0991368 -0.912646
0.396547 0.0991368 -0.912646
0.347597 0.0993134 -0.93237
0.347597 0.0993134 -0.93237
0.296007 0.148004 -0.94365
0.342229 0.195559 -0.919041
0.26793 0.17862 -0.946736
0.280174 0.186783 -0.941602
0.195907 0.195907 -0.960854
0.0988829 0.148324 -0.983983
0.0497512 0.0995025 -0.993793
0 0 0
0 0 0
0 0 0
0.097067 0.097067 -0.990533
0.0497359 0.0994717 -0.993797
0 0 0
0 0 0
0.0456777 0.182711 -0.982105
0.0456777 0.182711 -0.982105
0.0455354 0.182141 -0.982217
0.0912268 0.182454 -0.978973
0.136816 0.182421 -0.973655
0.0919041 0.137856 -0.986179
0.137842 0.137842 -0.980816
0.137842 0.137842 -0.980816
0.141041 0.141041 -0.979906
0.141041 0.141041 -0.979906
0.0941679 0.141252 -0.985485
0.144389 0.144389 -0.97893
0.192484 0.144363 -0.970623
0.149884 0.199846 -0.968296
0.146849 0.195798 -0.969587
0.0987623 0.148143 -0.984022
0.148825 0.0992167 -0.983874
0.147898 0.147898 -0.977882
0.197458 0.148094 -0.969061
0.139941 0.186588 -0.97242
0.191159 0.191159 -0.962765
0.191159 0.191159 -0.962765
0.191159 0.191159 -0.962765
0.195907 0.195907 -0.960854
0.186795 0.280193 -0.941594
0.189156 0.236445 -0.953055
0.189156 0.236445 -0.953055
0.189156 0.236445 -0.953055
0.189156 0.236445 -0.953055
0.145259 0.242098 -0.959317
0.189156 0.236445 -0.953055
0.141933 0.236554 -0.961196
0.143209 0.190945 -0.971098
0.146629 0.195506 -0.969679
0.188526 0.235657 -0.953375
0.145259 0.242098 -0.959317
0.195033 0.195033 -0.96121
0.241459 0.241459 -0.939891
0.243751 0.292501 -0.924678
0.146205 0.292409 -0.945051
0.194793 0.29219 -0.936312
0.243751 0.292501 -0.924678
0.192905 0.241131 -0.951128
0.19544 0.19544 -0.961045
0.188526 0.235657 -0.953375
0.192905 0.241131 -0.951128
0.195033 0.195033 -0.96121
0.192905 0.241131 -0.951128
0.188526 0.235657 -0.953375
0.194514 0.194514 -0.96142
0.242607 0.291128 -0.925412
0.202272 0.252839 -0.946128
0.239394 0.335151 -0.911243
0.237184 0.284621 -0.928835
0.1904 0.2856 -0.939245
0.228646 0.320105 -0.919377
0.228646 0.320105 -0.919377
0.223868 0.313415 -0.922851
0.178775 0.312856 -0.932824
0.185191 0.277787 -0.942623
0.135988 0.271976 -0.952647
0.181728 0.272592 -0.944811
0.185738 0.278607 -0.942274
0.188058 0.235072 -0.953612
0.192403 0.240504 -0.951388
0.194514 0.194514 -0.96142
0.143917 0.239862 -0.96008
0.194277 0.291416 -0.936661
0.15022 0.250367 -0.956426
0.148738 0.297477 -0.943072
0.145346 0.290692 -0.945713
0.189918 0.284877 -0.939562
0.14068 0.234467 -0.961891
0.142095 0.28419 -0.94818
0.185738 0.278607 -0.942274
0.145462 0.19395 -0.970167
0.145346 0.290692 -0.945713
0.157701 0.262835 -0.951866
0.151649 0.303298 -0.940751
0.148738 0.297477 -0.943072
0.0951359 0.332976 -0.938124
0.0940387 0.282116 -0.95476
0.0907539 0.317639 -0.943859
0.0944307 0.283292 -0.954373
0.047616 0.23808 -0.970078
0.047616 0.23808 -0.970078
0.0956204 0.239051 -0.966287
0.0966284 0.193257 -0.976378
0.0903926 0.271178 -0.958275
0.181216 0.271824 -0.945131
0.13758 0.229299 -0.963584
0.18749 0.234362 -0.953898
0.14068 0.234467 -0.961891
0.0956204 0.239051 -0.966287
0.096579 0.289737 -0.952221
0.147478 0.294955 -0.944061
0.155989 0.259982 -0.952931
0.148738 0.247897 -0.9573
0.148738 0.247897 -0.9573
0.150448 0.200598 -0.968053
0.146937 0.195915 -0.96955
0.141019 0.188025 -0.971988
0.192313 0.192313 -0.962305
0.146937 0.195915 -0.96955
0.194744 0.194744 -0.961327
0.147879 0.246464 -0.957803
0.140361 0.187149 -0.972252
0.142092 0.236819 -0.961107
0.145344 0.24224 -0.959268
0.138973 0.231622 -0.962828
0.139611 0.232685 -0.962479
0.141019 0.188025 -0.971988
0.142144 0.142144 -0.979587
0.181239 0.226549 -0.956989
0.140361 0.187149 -0.972252
0.145488 0.145488 -0.978604
0.145488 0.145488 -0.978604
0.140361 0.187149 -0.972252
0.136579 0.227632 -0.964121
0.179931 0.269897 -0.945928
0.227422 0.227422 -0.946868
0.18797 0.18797 -0.96402
0.183812 0.183812 -0.965622
0.189494 0.14212 -0.971542
0.190606 0.0953029 -0.97703
0.189494 0.14212 -0.971542
0.18761 0.140707 -0.972113
0.192987 0.14474 -0.970467
0.141471 0.141471 -0.979782
0.141471 0.141471 -0.979782
0.193948 0.145461 -0.970168
0.142746 0.142746 -0.979412
0.183812 0.183812 -0.965622
0.140361 0.187149 -0.972252
0.144281 0.192374 -0.970657
0.182033 0.227542 -0.956603
0.140361 0.187149 -0.972252
0.141471 0.141471 -0.979782
0.183812 0.183812 -0.965622
0.145488 0.145488 -0.978604
0.144767 0.144767 -0.978818
0.144767 0.144767 -0.978818
0.14637 0.0975798 -0.984405
0.14491 0.193213 -0.970397
0.151258 0.201677 -0.967702
0.196852 0.196852 -0.960468
0.148366 0.197821 -0.968945
0.146134 0.146134 -0.978412
0.193948 0.145461 -0.970168
0.146134 0.146134 -0.978412
0.142746 0.142746 -0.979412
0.146134 0.146134 -0.978412
0.142746 0.142746 -0.979412
0.146134 0.146134 -0.978412
0.189494 0.14212 -0.971542
0.190295 0.142722 -0.971297
0.142746 0.142746 -0.979412
0.189494 0.14212 -0.971542
0.137895 0.18386 -0.973232
0.141606 0.188808 -0.971751
0.140361 0.187149 -0.972252
0.190274 0.237842 -0.952485
0.189367 0.236709 -0.952947
0.194663 0.243329 -0.950209
0.150448 0.200598 -0.968053
0.143973 0.143973 -0.979052
0.0483206 0.193282 -0.979953
0 0 0
-0.0475363 0.190145 -0.980604
-0.0475363 0.190145 -0.980604
-0.0475363 0.190145 -0.980604
-0.0475363 0.190145 -0.980604
-0.0475363 0.190145 -0.980604
-0.049072 0.147216 -0.987886
0 0 0
0 0 0
0 0 0
-0.0492062 0.0984124 -0.993928
-0.0479177 0.143753 -0.988453
-0.0477671 0.143301 -0.988526
-0.046675 0.140025 -0.989047
-0.0464597 0.185839 -0.981481
-0.0480419 0.144126 -0.988393
-0.0493101 0.14793 -0.987768
-0.0477526 0.19101 -0.980426
-0.0493101 0.14793 -0.987768
-0.0486626 0.194651 -0.979665
0 0 0
0 0 0
-0.049072 0.147216 -0.987886
-0.0495068 0.0990136 -0.993854
-0.0502822 0.150847 -0.987278
0 0 0
0 0 0
0 0 0
0 0 0
0 0 0
0 0 0
0.0486626 0.194651 -0.979665
0.0473893 0.189557 -0.980725
0.0451509 0.180603 -0.982519
0.0457245 0.228622 -0.972441
0.0461617 0.184647 -0.98172
0.0457245 0.228622 -0.972441
0.0451509 0.180603 -0.982519
0 0 0
0.0461617 0.184647 -0.98172
0.0950609 0.190122 -0.977147
0.0477671 0.143301 -0.988526
0.0473893 0.189557 -0.980725
0.0473893 0.189557 -0.980725
0.0456308 0.136892 -0.989534
0 0 0
0 0 0
-0.0481392 0.144418 -0.988345
-0.141236 0.141236 -0.979849
-0.143413 0.191218 -0.971014
-0.146981 0.195974 -0.969531
-0.0979222 0.195844 -0.975734
-0.0977759 0.195552 -0.975807
-0.0477526 0.19101 -0.980426
-0.094336 0.23584 -0.967202
-0.047269 0.236345 -0.970519
-0.0913296 0.273989 -0.957387
-0.0456757 0.274054 -0.960629
-0.0461239 0.23062 -0.97195
0 0 0
0 0 0
0 0 0
0.049072 0.147216 -0.987886
0 0 0
0 0 0
0.046014 0.23007 -0.972086
0.0479177 0.143753 -0.988453
0.0464597 0.185839 -0.981481
0 0 0
0.0476576 0.19063 -0.980504
0.0941009 0.235252 -0.967368
0.0950609 0.190122 -0.977147
0.049842 0.199368 -0.978656
0.049072 0.147216 -0.987886
0.049072 0.147216 -0.987886
0.0981362 0.147204 -0.984226
0.0489103 0.146731 -0.987966
0.0473893 0.189557 -0.980725
0.0473893 0.189557 -0.980725
0.0950609 0.190122 -0.977147
0.097813 0.14672 -0.98433
0.0969969 0.193994 -0.976196
0.148958 0.198611 -0.968692
0.0966284 0.193257 -0.976378
0.141606 0.188808 -0.971751
0.137112 0.22852 -0.963835
0.141606 0.188808 -0.971751
0.146134 0.146134 -0.978412
0.142746 0.142746 -0.979412
0.146134 0.146134 -0.978412
0.146134 0.146134 -0.978412
0.142746 0.142746 -0.979412
0.136579 0.227632 -0.964121
0.134902 0.179869 -0.974397
0.134902 0.179869 -0.974397
0.131346 0.218909 -0.966865
0.174444 0.218055 -0.960219
0.179826 0.179826 -0.967122
0.217959 0.217959 -0.951308
0.130351 0.217251 -0.967373
0.179826 0.179826 -0.967122
0.189494 0.14212 -0.971542
0.190295 0.142722 -0.971297
0.192987 0.14474 -0.970467
0.191377 0.191377 -0.962678
0.242376 0.145425 -0.959221
0.188753 0.188753 -0.963714
0.241176 0.144706 -0.959632
0.242376 0.145425 -0.959221
0.18797 0.18797 -0.96402
0.142746 0.142746 -0.979412
0.142121 0.189495 -0.971542
0.142746 0.142746 -0.979412
0.189438 0.189438 -0.963445
0.137112 0.22852 -0.963835
0.182743 0.228429 -0.956256
0.242376 0.145425 -0.959221
0.142746 0.142746 -0.979412
0.142746 0.142746 -0.979412
0.142746 0.142746 -0.979412
0.142746 0.142746 -0.979412
0.148366 0.197821 -0.968945
0.197751 0.197751 -0.960099
0.197751 0.197751 -0.960099
0.199533 0.14965 -0.968396
0.199533 0.14965 -0.968396
0.148366 0.197821 -0.968945
0.247071 0.197657 -0.948624
0.203492 0.152619 -0.967108
0.196852 0.196852 -0.960468
0.197751 0.197751 -0.960099
0.197751 0.197751 -0.960099
0.197751 0.197751 -0.960099
0.194808 0.146106 -0.969898
0.148366 0.197821 -0.968945
0.151983 0.202644 -0.967386
0.151983 0.202644 -0.967386
0.148366 0.197821 -0.968945
0.146134 0.146134 -0.978412
0.189438 0.189438 -0.963445
0.142121 0.189495 -0.971542
0.143917 0.239862 -0.96008
0.0470592 0.235296 -0.970784
0 0 0
-0.0496898 0.0993796 -0.993808
-0.0473509 0.0947018 -0.994379
-0.0934395 0.186879 -0.977929
-0.0459548 0.137865 -0.989384
-0.0924041 0.23101 -0.968553
0 0 0
-0.0481392 0.144418 -0.988345
-0.0493101 0.14793 -0.987768
-0.0496133 0.0992266 -0.993827
-0.0493101 0.14793 -0.987768
-0.0500915 0.200366 -0.97844
-0.101068 0.151602 -0.983261
-0.0493101 0.14793 -0.987768
-0.142925 0.190566 -0.971214
-0.0962714 0.144407 -0.984824
-0.138862 0.231436 -0.962889
-0.191159 0.191159 -0.962765
-0.18679 0.18679 -0.964479
-0.191322 0.191322 -0.9627
-0.233654 0.186923 -0.954183
-0.239054 0.191243 -0.951987
-0.239122 0.191298 -0.951959
-0.241176 0.144706 -0.959632
-0.286795 0.191196 -0.938719
-0.28025 0.186834 -0.941569
-0.31673 0.0904944 -0.944189
-0.296277 0.148138 -0.943544
-0.296277 0.148138 -0.943544
-0.337411 0.144605 -0.930185
-0.282519 0.14126 -0.948804
-0.337411 0.144605 -0.930185
-0.326763 0.186722 -0.926478
-0.264091 0.132045 -0.955416
-0.247057 0.148234 -0.957596
-0.246982 0.148189 -0.957622
-0.191159 0.191159 -0.962765
-0.186536 0.186536 -0.964577
-0.0931351 0.18627 -0.978074
-0.0966284 0.193257 -0.976378
-0.0882746 0.132412 -0.987256
-0.0476171 0.190468 -0.980538
-0.0465603 0.186241 -0.9814
-0.0465603 0.186241 -0.9814
-0.0488228 0.146468 -0.98801
-0.0477127 0.143138 -0.988552
-0.0473362 0.189345 -0.980769
-0.0948004 0.142201 -0.985288
-0.050314 0.150942 -0.987261
-0.0976381 0.146457 -0.984387
-0.0488228 0.146468 -0.98801
-0.0953423 0.0953423 -0.990868
-0.0477127 0.143138 -0.988552
-0.0954186 0.143128 -0.985094
-0.0970956 0.0970956 -0.990528
-0.0938306 0.140746 -0.985589
-0.0915368 0.183074 -0.978828
-0.0975855 0.0975855 -0.990431
-0.0485494 0.0970989 -0.99409
-0.0965233 0.144785 -0.984744
-0.0919468 0.183894 -0.978636
-0.131756 0.219594 -0.966653
-0.13417 0.223616 -0.965399
-0.0923133 0.184627 -0.978464
-0.142746 0.142746 -0.979412
-0.143274 0.143274 -0.979257
-0.0926344 0.185269 -0.978312
-0.0929088 0.185818 -0.978182
-0.140769 0.140769 -0.979984
-0.0915185 0.137278 -0.986296
-0.0915185 0.137278 -0.986296
-0.0912561 0.136884 -0.986375
-0.0912561 0.136884 -0.986375
-0.0936248 0.140437 -0.985653
-0.0950609 0.190122 -0.977147
-0.097312 0.194624 -0.976039
-0.0981362 0.147204 -0.984226
-0.149466 0.199287 -0.968475
-0.151579 0.151579 -0.976754
-0.151241 0.151241 -0.976858
-0.144097 0.144097 -0.979016
-0.142925 0.190566 -0.971214
-0.138308 0.230513 -0.96319
-0.190508 0.190508 -0.963023
-0.192484 0.144363 -0.970623
-0.190887 0.190887 -0.962873
-0.19544 0.19544 -0.961045
-0.149884 0.199846 -0.968296
-0.0996691 0.199338 -0.974849
-0.145934 0.194579 -0.96997
-0.145934 0.194579 -0.96997
-0.195033 0.195033 -0.96121
-0.199214 0.199214 -0.959493
-0.149466 0.199287 -0.968475
-0.153166 0.204221 -0.966868
-0.102139 0.204279 -0.97357
-0.0496726 0.198691 -0.978803
-0.0489374 0.244687 -0.968366
-0.0478197 0.239098 -0.969817
0.0470319 0.282191 -0.958205
0.0961598 0.28848 -0.952645
0 0 0
0.0470319 0.282191 -0.958205
0.0463686 0.32458 -0.944721
0.0470319 0.282191 -0.958205
0 0 0
0.0484436 0.339105 -0.9395
0 0 0
0.0463686 0.32458 -0.944721
0 0 0
0.0463686 0.32458 -0.944721
0.0453912 0.317739 -0.947091
0 0 0
-0.0458072 0.274843 -0.960397
0 0 0
0.0463078 0.277847 -0.959509
0 0 0
0 0 0
0 0 0
0 0 0
0 0 0
0 0 0
0.047269 0.236345 -0.970519
0.0492502 0.147751 -0.987798
0 0 0
-0.0492045 0.196818 -0.979205
0 0 0
-0.0503607 0.201443 -0.978205
0 0 0
0.0510782 0.204313 -0.977572
0.050314 0.150942 -0.987261
0 0 0
0 0 0
0 0 0
0 0 0
0.0481105 0.192442 -0.980128
0.0463463 0.231731 -0.971675
0.0478756 0.191502 -0.980324
0.0942574 0.235644 -0.967258
0.0974274 0.194855 -0.975981
0.146937 0.195915 -0.96955
0.097981 0.195962 -0.975704
0.146107 0.19481 -0.969898
0.145207 0.193609 -0.970274
0.146107 0.19481 -0.969898
0.145207 0.193609 -0.970274
0.204139 0.204139 -0.957421
0.15355 0.15355 -0.976138
0.151821 0.151821 -0.976678
0.152654 0.152654 -0.976419
0.148988 0.148988 -0.977551
0.0957237 0.0957237 -0.990795
0.14228 0.0948536 -0.985271
0.190606 0.0953029 -0.97703
0.143465 0.0478217 -0.988499
0.183472 0.137604 -0.973346
0.13728 0.183041 -0.973473
0.19193 0.143948 -0.970795
0.241333 0.0965331 -0.965629
0.196444 0.147333 -0.969383
0.199844 0.149883 -0.968296
0.198053 0.198053 -0.959974
0.189226 0.189226 -0.963528
0.243322 0.194658 -0.950212
0.19193 0.143948 -0.970795
0.196444 0.147333 -0.969383
0.143973 0.143973 -0.979052
0.145207 0.193609 -0.970274
0.193546 0.193546 -0.961811
0.146107 0.19481 -0.969898
0.146107 0.19481 -0.969898
0.142803 0.190404 -0.971264
0.0957389 0.191478 -0.976816
0.142803 0.190404 -0.971264
0.150362 0.250603 -0.956342
0.149243 0.298485 -0.942673
0.0995517 0.298655 -0.949155
0.0497926 0.298755 -0.95303
0.0493227 0.246614 -0.967858
0.049873 0.199492 -0.978629
0.0484196 0.193678 -0.979869
0.048207 0.241035 -0.969318
0.0476171 0.190468 -0.980538
0.0501702 0.200681 -0.978371
0.0510782 0.204313 -0.977572
0 0 0
0.0513451 0.256726 -0.965119
0.0490108 0.245054 -0.96827
0 0 0
0.0493227 0.246614 -0.967858
0.0493227 0.246614 -0.967858
0.0466452 0.326516 -0.94404
0.0469138 0.328397 -0.943374
0 0 0
-0.0497906 0.348534 -0.935973
-0.047133 0.377064 -0.924987
-0.0472228 0.425006 -0.903958
-0.0979727 0.342905 -0.934247
-0.100142 0.300427 -0.948533
-0.101879 0.305638 -0.946681
-0.0973188 0.291956 -0.951468
-0.148738 0.247897 -0.9573
-0.0956913 0.287074 -0.953117
-0.141857 0.283714 -0.948358
-0.0942872 0.330005 -0.939258
-0.0942872 0.330005 -0.939258
-0.0937939 0.328279 -0.939913
-0.0469138 0.328397 -0.943374
-0.0974174 0.243544 -0.964985
-0.048094 0.288564 -0.956252
-0.0936003 0.280801 -0.955191
-0.0956913 0.287074 -0.953117
-0.0991975 0.247994 -0.96367
-0.0986233 0.246558 -0.964097
-0.100142 0.300427 -0.948533
-0.0978703 0.293611 -0.950902
-0.0983717 0.295115 -0.950384
-0.0956913 0.287074 -0.953117
-0.0487191 0.243596 -0.968652
-0.0969302 0.242326 -0.965341
-0.0969302 0.242326 -0.965341
-0.0962084 0.192417 -0.976586
-0.0481105 0.192442 -0.980128
-0.0926764 0.231691 -0.968365
-0.0465593 0.232796 -0.97141
-0.0465593 0.232796 -0.97141
-0.0463463 0.231731 -0.971675
-0.0470212 0.188085 -0.981027
-0.0478756 0.191502 -0.980324
-0.0487191 0.243596 -0.968652
-0.0496101 0.248051 -0.967476
0 0 0
0 0 0
0 0 0
0 0 0
0 0 0
0 0 0
0 0 0
-0.0484753 0.242376 -0.968971
0 0 0
-0.0478756 0.191502 -0.980324
0 0 0
0 0 0
0 0 0
0.0473882 0.236941 -0.970368
0 0 0
0 0 0
0.0481105 0.192442 -0.980128
0.0473882 0.236941 -0.970368
0.0952223 0.190445 -0.977069
0.0458565 0.229282 -0.972279
0.0473362 0.189345 -0.980769
0.0458565 0.229282 -0.972279
0.0443975 0.266385 -0.962844
0.0463463 0.231731 -0.971675
0.0476171 0.190468 -0.980538
0.0455807 0.273484 -0.960796
0.0458072 0.274843 -0.960397
0 0 0
0.0450344 0.270206 -0.961749
0.0463463 0.231731 -0.971675
0 0 0
0 0 0
-0.0458072 0.274843 -0.960397
-0.0923702 0.27711 -0.956388
-0.0461965 0.277179 -0.959707
-0.0934824 0.233706 -0.967803
-0.0938159 0.23454 -0.967569
-0.090694 0.272082 -0.957991
-0.094336 0.23584 -0.967202
-0.0977759 0.195552 -0.975807
-0.047269 0.236345 -0.970519
-0.047269 0.236345 -0.970519
-0.0945201 0.2363 -0.967072
-0.094336 0.23584 -0.967202
-0.0945201 0.2363 -0.967072
-0.047269 0.236345 -0.970519
-0.0968734 0.242183 -0.965382
-0.0946522 0.236631 -0.966978
-0.0933707 0.280112 -0.955416
-0.0946522 0.236631 -0.966978
-0.0988527 0.148279 -0.983993
-0.15059 0.200787 -0.967991
-0.150638 0.20085 -0.967971
-0.147025 0.196033 -0.969513
-0.142092 0.236819 -0.961107
-0.140338 0.280676 -0.949487
-0.137225 0.274451 -0.951759
-0.137225 0.274451 -0.951759
-0.142052 0.236753 -0.961129
-0.142052 0.236753 -0.961129
-0.142092 0.236819 -0.961107
-0.142092 0.236819 -0.961107
-0.142092 0.236819 -0.961107
-0.142052 0.236753 -0.961129
-0.142052 0.236753 -0.961129
-0.146981 0.195974 -0.969531
-0.100325 0.20065 -0.974512
-0.149884 0.199846 -0.968296
-0.150212 0.200283 -0.968154
-0.151796 0.252994 -0.955485
-0.0988337 0.247084 -0.963941
-0.192905 0.241131 -0.951128
-0.141459 0.235765 -0.961459
-0.141735 0.236224 -0.961306
-0.144751 0.241252 -0.959607
-0.193298 0.241622 -0.950923
-0.144751 0.241252 -0.959607
-0.192403 0.240504 -0.951388
-0.145047 0.241744 -0.959438
-0.141459 0.235765 -0.961459
-0.141459 0.235765 -0.961459
-0.192403 0.240504 -0.951388
-0.188058 0.235072 -0.953612
-0.185738 0.278607 -0.942274
-0.13939 0.278779 -0.950186
-0.0920654 0.322229 -0.942174
-0.0935747 0.280724 -0.955216
-0.0451593 0.316115 -0.947646
0 0 0
0.0466086 0.279652 -0.95897
0.0472281 0.283369 -0.957847
0.0952134 0.238034 -0.966579
0.0947584 0.236896 -0.966903
0.0926764 0.231691 -0.968365
0.0922076 0.230519 -0.968689
0.0952223 0.190445 -0.977069
0.097981 0.195962 -0.975704
0.097981 0.195962 -0.975704
0.0957389 0.191478 -0.976816
0.0957389 0.191478 -0.976816
0.146937 0.195915 -0.96955
0.0957389 0.191478 -0.976816
0.0926764 0.231691 -0.968365
0.138271 0.230452 -0.96321
0.138271 0.230452 -0.96321
0.137333 0.274666 -0.951682
0.0947584 0.236896 -0.966903
0.146073 0.243455 -0.958849
0.0991975 0.247994 -0.96367
0.100142 0.300427 -0.948533
0.0969302 0.242326 -0.965341
0.144541 0.240902 -0.959726
0.099731 0.199462 -0.974817
0.097981 0.195962 -0.975704
0.0952223 0.190445 -0.977069
0.0916976 0.229244 -0.96904
0.0922076 0.230519 -0.968689
0.0455807 0.273484 -0.960796
0 0 0
0 0 0
0 0 0
0 0 0
0 0 0
0 0 0
0 0 0
0 0 0
0.0504407 0.201763 -0.978135
0.0508971 0.152691 -0.986962
0.0508971 0.152691 -0.986962
0 0 0
0 0 0
0 0 0
0.0490108 0.245054 -0.96827
0 0 0
0 0 0
0.0463065 0.324145 -0.944873
0.0468623 0.328036 -0.943502
0 0 0
0.0446933 0.357546 -0.932825
0 0 0
-0.0463576 0.278145 -0.95942
-0.046048 0.322336 -0.945505
-0.0470189 0.282113 -0.958228
-0.0486758 0.243379 -0.968709
-0.0486758 0.243379 -0.968709
-0.0494717 0.29683 -0.953648
-0.0513451 0.256726 -0.965119
-0.0513451 0.256726 -0.965119
-0.0517041 0.258521 -0.964621
-0.0532589 0.213036 -0.975592
-0.0519669 0.207868 -0.976776
-0.050153 0.250765 -0.966748
0 0 0
-0.0484753 0.242376 -0.968971
-0.0489973 0.195989 -0.979381
-0.0478756 0.191502 -0.980324
0 0 0
0 0 0
0.0465603 0.186241 -0.9814
0.0469184 0.140755 -0.988932
0.0482799 0.0965599 -0.994156
0.0482799 0.0965599 -0.994156
0 0 0
0.0485494 0.0970989 -0.99409
0 0 0
0.0487224 0.0487224 -0.997623
0.0497205 0.099441 -0.9938
0.0497205 0.099441 -0.9938
0.0994373 0.0994373 -0.990063
0.0988225 0.148234 -0.984002
0.0513976 0.20559 -0.977288
0.0513976 0.20559 -0.977288
0.101229 0.151844 -0.983207
0.100619 0.150929 -0.983411
0.0982546 0.147382 -0.984187
0.0489973 0.195989 -0.979381
0.097981 0.195962 -0.975704
0.149558 0.199411 -0.968436
0.0974274 0.194855 -0.975981
0.0974274 0.194855 -0.975981
0.144541 0.240902 -0.959726
0.0969302 0.242326 -0.965341
0.0957389 0.191478 -0.976816
0.097981 0.195962 -0.975704
0.0952223 0.190445 -0.977069
0.141341 0.235569 -0.961525
0.0473882 0.236941 -0.970368
0.0947584 0.236896 -0.966903
0.0947584 0.236896 -0.966903
0.0947584 0.236896 -0.966903
0.0947584 0.236896 -0.966903
0.0947584 0.236896 -0.966903
0.0920032 0.276009 -0.956741
0.140994 0.281989 -0.949001
0.137948 0.275895 -0.951237
0.0458072 0.274843 -0.960397
0.0915925 0.274777 -0.957135
0.0936003 0.280801 -0.955191
0.0947584 0.236896 -0.966903
0.099731 0.199462 -0.974817
0.100325 0.20065 -0.974512
0.144541 0.240902 -0.959726
0.0942574 0.235644 -0.967258
0.0951756 0.285527 -0.953633
0.0991975 0.247994 -0.96367
0.0986233 0.246558 -0.964097
0.144541 0.240902 -0.959726
0.149558 0.199411 -0.968436
0.144541 0.240902 -0.959726
0.141341 0.235569 -0.961525
0.137333 0.274666 -0.951682
0.132696 0.309623 -0.941555
0.134819 0.314577 -0.939609
0.188369 0.235462 -0.953454
0.141341 0.235569 -0.961525
0.0951756 0.285527 -0.953633
0.0986233 0.246558 -0.964097
0 0 0
0 0 0
-0.0484753 0.242376 -0.968971
-0.0492492 0.196997 -0.979166
-0.0478197 0.239098 -0.969817
0 0 0
0.0444512 0.311158 -0.949318
0 0 0
-0.0940387 0.282116 -0.95476
-0.0959774 0.239943 -0.966031
-0.0929666 0.2789 -0.95581
-0.0941009 0.235252 -0.967368
-0.0909514 0.272854 -0.957747
-0.0926918 0.278075 -0.956077
-0.0926918 0.278075 -0.956077
-0.0929666 0.2789 -0.95581
-0.0962826 0.240706 -0.965811
-0.0492927 0.246464 -0.967898
-0.0479983 0.239992 -0.969588
-0.0969969 0.193994 -0.976196
-0.0491289 0.245644 -0.968114
-0.0496726 0.198691 -0.978803
-0.0496726 0.198691 -0.978803
-0.0501058 0.250529 -0.966812
-0.0503114 0.251557 -0.966534
-0.0491289 0.245644 -0.968114
-0.0463576 0.278145 -0.95942
-0.0463576 0.278145 -0.95942
-0.0903926 0.271178 -0.958275
0 0 0
-0.0469166 0.234583 -0.970963
-0.0489103 0.146731 -0.987966
-0.0974351 0.146153 -0.984452
-0.0969969 0.193994 -0.976196
-0.049072 0.147216 -0.987886
-0.0502822 0.150847 -0.987278
-0.0501083 0.150325 -0.987366
-0.0998018 0.149703 -0.983681
0 0 0
-0.0472173 0.188869 -0.980866
-0.0486626 0.194651 -0.979665
0 0 0
-0.050683 0.202732 -0.977922
0 0 0
0 0 0
0 0 0
0 0 0
-0.0472173 0.188869 -0.980866
0 0 0
-0.0487213 0.146164 -0.98806
0 0 0
0 0 0
0 0 0
0 0 0
0 0 0
0 0 0
0 0 0
0 0 0
0 0 0
0.0473893 0.189557 -0.980725
0.0473893 0.189557 -0.980725
0.047591 0.142773 -0.988611
0 0 0
0.047591 0.142773 -0.988611
0 0 0
0.0489103 0.146731 -0.987966
0.0489103 0.146731 -0.987966
0 0 0
0.0477671 0.143301 -0.988526
0.0479177 0.143753 -0.988453
0 0 0
0.0477671 0.143301 -0.988526
0.0489103 0.146731 -0.987966
0.0489103 0.146731 -0.987966
0.0501083 0.150325 -0.987366
0.0477671 0.143301 -0.988526
0.0489103 0.146731 -0.987966
0.0489103 0.146731 -0.987966
0.0489103 0.146731 -0.987966
0.0490137 0.0980275 -0.993976
0.0502822 0.150847 -0.987278
0 0 0
0.0492062 0.0984124 -0.993928
0.0492062 0.0984124 -0.993928
0.0492062 0.0984124 -0.993928
0.0489103 0.146731 -0.987966
0.0489103 0.146731 -0.987966
0.0489103 0.146731 -0.987966
0.0499051 0.149715 -0.987469
0.0513649 0.154095 -0.98672
0.0930154 0.139523 -0.98584
0.138601 0 -0.990348
0.047088 0.047088 -0.99778
