99
1 0.0571592 0.243671 0.0571592 0.243671
2 0.0119173 0.00104593 -0.0452419 -0.242626
3 0.813034 0.993626 0.801117 0.99258
4 0.027428 0.252061 -0.785606 -0.741565
5 0.385765 0.14538 0.358337 -0.106682
6 0.358349 0.446025 -0.0274164 0.300645
7 0.0276925 0.0232968 -0.330657 -0.422728
8 0.0179275 0.0393371 -0.00976497 0.0160403
9 0.0395037 0.0281989 0.0215761 -0.0111382
10 0.168972 0.297994 0.129468 0.269795
11 0.024666 0.0727431 -0.144306 -0.225251
12 0.00747573 0.0395179 -0.0171903 -0.0332253
13 0.00453227 0.0134444 -0.00294347 -0.0260735
14 0.0138043 0.0176898 0.00927207 0.00424545
15 0.00405727 0.0604327 -0.00974707 0.0427428
16 0.00167847 0.0878472 -0.0023788 0.0274145
17 0.00986707 0.0527841 0.0081886 -0.0350631
18 0.00102687 0.0238196 -0.0088402 -0.0289646
19 0.00705547 0.0496201 0.0060286 0.0258005
20 0.0034666 0.00682793 -0.00358887 -0.0427921
21 0.011764 0.0101883 0.0082974 0.0033604
22 0.228749 0.170574 0.216985 0.160386
23 0.00757213 0.0358285 -0.221177 -0.134745
24 0.146163 0.270798 0.138591 0.234969
25 0.0197702 0.000286 -0.126393 -0.270512
26 0.0475056 0.004909 0.0277354 0.004623
27 0.039524 0.0679065 -0.00798162 0.0629975
28 0.17641 0.35171 0.136886 0.283803
29 0.00499407 0.0205979 -0.171416 -0.331112
30 0.0265677 0.0173537 0.0215736 -0.00324413
31 0.0450657 0.011186 0.018498 -0.00616773
32 0.114617 0.456116 0.0695515 0.44493
33 0.697464 0.178702 0.582847 -0.277413
34 0.612258 0.153462 -0.0852068 -0.0252402
35 0.00157681 0.43429 -0.610681 0.280828
36 0.0592658 0.507527 0.057689 0.0732366
37 0.0329097 0.0208685 -0.0263562 -0.486658
38 0.0052252 0.0018634 -0.0276845 -0.0190051
39 0.0245965 0.0198696 0.0193713 0.0180062
40 0.604339 0.284702 0.579743 0.264833
41 0.290613 0.291128 -0.313727 0.00642575
42 0.522112 0.285957 0.231499 -0.00517099
43 0.0228216 0.00590853 -0.49929 -0.280049
44 0.0246449 0.0100075 0.00182329 0.00409893
45 0.0201862 0.001512 -0.00445873 -0.00849547
46 0.743592 0.881723 0.723406 0.880211
47 0.429445 0.0051687 -0.314147 -0.876554
48 0.0274777 0.1481 -0.401967 0.142932
49 0.318908 0.614987 0.291431 0.466887
50 0.083274 0.959754 -0.235635 0.344767
51 0.0538446 0.280678 -0.0294293 -0.679077
52 0.0157649 0.009579 -0.0380797 -0.271099
53 0.775655 0.141966 0.759891 0.132387
54 9.65333e-05 0.0517482 -0.775559 -0.0902178
55 0.0066424 0.0273989 0.00654587 -0.0243494
56 0.0150981 0.0534605 0.00845567 0.0260616
57 0.0642454 0.186689 0.0491474 0.133228
58 0.071284 0.494394 0.00703854 0.307705
59 0.0177989 0.446907 -0.0534851 -0.0474869
60 0.178064 0.0497842 0.160265 -0.397123
61 0.953525 0.192978 0.775461 0.143194
62 0.00226853 0.033326 -0.951256 -0.159652
63 0.220256 0.324263 0.217988 0.290937
64 0.00171302 0.0394276 -0.218543 -0.284836
65 0.00586727 0.0864532 0.00415425 0.0470256
66 0.00813707 0.0293749 0.0022698 -0.0570783
67 0.00957713 0.0022918 0.00144007 -0.0270831
68 0.0138486 0.00288367 0.00427142 0.000591867
69 0.0277375 0.0249311 0.013889 0.0220474
70 0.0365803 0.0287369 0.00884273 0.00380587
71 0.0314097 0.0211566 -0.00517059 -0.00758029
72 0.0213813 0.0259889 -0.0100283 0.00483227
73 0.0915722 0.766307 0.0701909 0.740318
74 0.0575965 0.489667 -0.0339757 -0.276641
75 0.000390733 0.0856384 -0.0572058 -0.404028
76 0.0813769 0.0597671 0.0809861 -0.0258713
77 0.0017476 0.0114779 -0.0796293 -0.0482893
78 0.0210385 0.0114451 0.0192909 -3.28e-05
79 0.0342855 0.0121781 0.0132469 0.000733067
80 0.0250054 0.00251733 -0.00928009 -0.0096608
81 0.00800927 0.0148365 -0.0169961 0.0123192
82 0.0728169 0.0334713 0.0648077 0.0186348
83 0.024789 0.0108915 -0.0480279 -0.0225799
84 0.36275 0.77545 0.337961 0.764559
85 0.0179383 0.00906212 -0.344812 -0.766388
86 1.62e-05 0.00408747 -0.0179221 -0.00497465
87 0.00325853 0.00400953 0.00324233 -7.79333e-05
88 0.0359321 0.11859 0.0326736 0.114581
89 0.624094 0.0519238 0.588162 -0.0666664
90 0.33407 0.260459 -0.290024 0.208535
91 0.00453973 0.0247195 -0.32953 -0.235739
92 0.00108633 0.0220962 -0.0034534 -0.00262327
93 0.0176834 0.0079254 0.0165971 -0.0141708
94 0.0243181 0.0170234 0.00663473 0.009098
95 0.0256033 0.0241387 0.00128518 0.00711527
96 0.0343628 0.0561602 0.0087595 0.0320215
97 0.174634 0.521805 0.140272 0.465644
98 0.212295 0.382864 0.0376609 -0.138941
99 0 0 -0.212295 -0.382864
