2383
-0.267246 0.038178 -0.962872
-0.306032 0.038254 -0.951252
-0.311965 0.0389957 -0.949293
-0.311965 0.0389957 -0.949293
-0.272407 0.0389152 -0.961395
-0.278006 3.40447e-17 -0.960579
-0.311965 0.0389957 -0.949293
-0.27263 3.33864e-17 -0.962119
-0.237485 0.0395808 -0.970585
-0.278006 3.40447e-17 -0.960579
-0.283596 3.47294e-17 -0.958944
-0.278006 3.40447e-17 -0.960579
-0.278006 3.40447e-17 -0.960579
-0.278006 3.40447e-17 -0.960579
-0.278006 3.40447e-17 -0.960579
-0.283596 3.47294e-17 -0.958944
-0.32411 3.96907e-17 -0.946019
-0.278006 3.40447e-17 -0.960579
-0.317442 0.0396803 -0.947447
-0.283596 3.47294e-17 -0.958944
-0.282843 3.46371e-17 -0.959166
-0.282843 3.46371e-17 -0.959166
-0.281981 3.45316e-17 -0.95942
-0.281981 3.45316e-17 -0.95942
-0.282843 3.46371e-17 -0.959166
-0.242437 2.96889e-17 -0.970167
-0.27706 0.03958 -0.960037
-0.277768 0.0396812 -0.959828
-0.277768 0.0396812 -0.959828
-0.317721 3.89083e-17 -0.948184
-0.311965 0.0389957 -0.949293
-0.317721 3.89083e-17 -0.948184
-0.3125 0.0390626 -0.949114
-0.350952 0.0389947 -0.935581
-0.325448 3.98546e-17 -0.94556
-0.324844 3.97806e-17 -0.945768
-0.283596 3.47294e-17 -0.958944
-0.324545 0.0405681 -0.945
-0.324844 3.97806e-17 -0.945768
-0.324844 3.97806e-17 -0.945768
-0.330442 0.0413053 -0.942922
-0.330269 0.0825671 -0.940269
-0.35692 0.0793155 -0.930762
-0.365102 0.0405669 -0.930083
-0.357888 0.0397654 -0.932917
-0.357888 0.0397654 -0.932917
-0.317859 0.0794647 -0.944802
-0.325147 0.0406434 -0.94479
-0.318699 0.0398374 -0.947018
-0.318132 0.0397665 -0.947212
-0.318132 0.0397665 -0.947212
-0.317296 0.079324 -0.945003
-0.324844 3.97806e-17 -0.945768
-0.317296 0.079324 -0.945003
-0.317296 0.079324 -0.945003
-0.318699 0.0398374 -0.947018
-0.318132 0.0397665 -0.947212
-0.318132 0.0397665 -0.947212
-0.318699 0.0398374 -0.947018
-0.318699 0.0398374 -0.947018
-0.312229 3.82357e-17 -0.950007
-0.312229 3.82357e-17 -0.950007
-0.311315 0.0389144 -0.94951
-0.312229 3.82357e-17 -0.950007
-0.306032 0.038254 -0.951252
-0.306032 0.038254 -0.951252
-0.304685 0.0761713 -0.949402
-0.33705 0.0748999 -0.938503
-0.304685 0.0761713 -0.949402
-0.264967 0.113557 -0.957547
-0.269989 0.11571 -0.955886
-0.263552 0.150601 -0.952817
-0.30591 0.152955 -0.939694
-0.299429 0.149715 -0.942299
-0.346032 0.115344 -0.931105
-0.306749 0.153375 -0.939351
-0.31581 0.0789526 -0.945532
-0.393526 0.0787052 -0.915938
-0.354217 0.0787149 -0.931845
-0.316633 0.0395792 -0.947722
-0.356203 0.0395781 -0.93357
-0.310552 0.038819 -0.949763
-0.309779 0.0774447 -0.947649
-0.316633 0.0395792 -0.947722
-0.316633 0.0395792 -0.947722
-0.315708 0.0394634 -0.948036
-0.321972 0.0402466 -0.945893
-0.363313 0.0403682 -0.930792
-0.314668 0.0393335 -0.948386
-0.322078 0.0805194 -0.943283
-0.319674 0.119878 -0.939914
-0.321104 0.080276 -0.943636
-0.287434 0.041062 -0.95692
-0.286645 0.0818986 -0.95453
-0.287698 3.52317e-17 -0.957721
-0.281733 0.0402475 -0.958648
-0.321972 0.0402466 -0.945893
-0.288614 3.53438e-17 -0.957446
-0.247383 3.02947e-17 -0.968918
-0.278006 3.40447e-17 -0.960579
-0.278006 3.40447e-17 -0.960579
-0.317721 3.89083e-17 -0.948184
-0.277296 3.39578e-17 -0.960785
-0.282843 3.46371e-17 -0.959166
-0.282843 3.46371e-17 -0.959166
-0.32411 3.96907e-17 -0.946019
-0.282843 3.46371e-17 -0.959166
-0.283596 3.47294e-17 -0.958944
-0.282843 3.46371e-17 -0.959166
-0.32411 3.96907e-17 -0.946019
-0.283596 3.47294e-17 -0.958944
-0.282843 3.46371e-17 -0.959166
-0.277296 3.39578e-17 -0.960785
-0.282843 3.46371e-17 -0.959166
-0.282843 3.46371e-17 -0.959166
-0.282843 3.46371e-17 -0.959166
-0.330759 4.0505e-17 -0.943715
-0.330759 4.0505e-17 -0.943715
-0.288614 3.53438e-17 -0.957446
-0.282843 3.46371e-17 -0.959166
-0.288614 3.53438e-17 -0.957446
-0.282592 0.0403703 -0.95839
-0.282592 0.0403703 -0.95839
-0.308912 0.077228 -0.94795
-0.308912 0.077228 -0.94795
-0.301961 0.113236 -0.946571
-0.301961 0.113236 -0.946571
-0.307649 0.115368 -0.94448
-0.314892 0.0787231 -0.945857
-0.307649 0.115368 -0.94448
-0.30277 0.113539 -0.946276
-0.31581 0.0789526 -0.945532
-0.323249 3.95853e-17 -0.946314
-0.322955 0.0403693 -0.945553
-0.322955 0.0403693 -0.945553
-0.357436 4.37718e-17 -0.933938
-0.316909 3.88089e-17 -0.948456
-0.315981 3.86952e-17 -0.948766
-0.277296 3.39578e-17 -0.960785
-0.315708 0.0394634 -0.948036
-0.280992 0.0802836 -0.956346
-0.275341 0.0393344 -0.960542
-0.240049 0.0800164 -0.967457
-0.274334 0.0391906 -0.960835
-0.23448 0.11724 -0.965025
-0.305625 0.114609 -0.945229
-0.312532 0.1172 -0.942649
-0.272532 0.116799 -0.955031
-0.268399 0.115028 -0.956416
-0.313549 0.117581 -0.942264
-0.30591 0.152955 -0.939694
-0.306688 0.115008 -0.944836
-0.268399 0.115028 -0.956416
-0.280036 0.0800102 -0.95665
-0.27625 0.0394643 -0.960275
-0.27625 0.0394643 -0.960275
-0.307649 0.115368 -0.94448
-0.269989 0.11571 -0.955886
-0.313549 0.117581 -0.942264
-0.313549 0.117581 -0.942264
-0.311702 0.155851 -0.937311
-0.312532 0.1172 -0.942649
-0.280992 0.0802836 -0.956346
-0.240049 0.0800164 -0.967457
-0.28641 0.0409156 -0.957233
-0.287434 0.041062 -0.95692
-0.28641 0.0409156 -0.957233
-0.321104 0.080276 -0.943636
-0.36846 0.08188 -0.926031
-0.28641 0.0409156 -0.957233
-0.320011 0.0800028 -0.94403
-0.244846 0.0816153 -0.966121
-0.321104 0.080276 -0.943636
-0.232368 0.0774561 -0.969539
-0.281845 0.0805271 -0.956075
-0.281733 0.0402475 -0.958648
-0.28641 0.0409156 -0.957233
-0.321104 0.080276 -0.943636
-0.320011 0.0800028 -0.94403
-0.327561 0.0818902 -0.941275
-0.322078 0.0805194 -0.943283
-0.365102 0.0405669 -0.930083
-0.358213 4.3867e-17 -0.93364
-0.318699 0.0398374 -0.947018
-0.357888 0.0397654 -0.932917
-0.358527 0.0398363 -0.932669
-0.351257 4.30152e-17 -0.936279
-0.317442 0.0396803 -0.947447
-0.357888 0.0397654 -0.932917
-0.351257 4.30152e-17 -0.936279
-0.344279 0.0382532 -0.938088
-0.351861 4.30891e-17 -0.936052
-0.350952 0.0389947 -0.935581
-0.35692 0.0793155 -0.930762
-0.357888 0.0397654 -0.932917
-0.318699 0.0398374 -0.947018
-0.318132 0.0397665 -0.947212
-0.319142 0.0398928 -0.946867
-0.278868 0.0398383 -0.959503
-0.317859 0.0794647 -0.944802
-0.318699 0.0398374 -0.947018
-0.357888 0.0397654 -0.932917
-0.357888 0.0397654 -0.932917
-0.318699 0.0398374 -0.947018
-0.318699 0.0398374 -0.947018
-0.318699 0.0398374 -0.947018
-0.318699 0.0398374 -0.947018
-0.365102 0.0405669 -0.930083
-0.36578 0.0406422 -0.929814
-0.366129 4.48364e-17 -0.930564
-0.306537 0.0383172 -0.951087
-0.305419 0.0381773 -0.951453
-0.344565 4.21956e-17 -0.938763
-0.350952 0.0389947 -0.935581
-0.344279 0.0382532 -0.938088
-0.299739 0.0374674 -0.953285
-0.355479 4.35321e-17 -0.934684
-0.435329 0.0395754 -0.899401
-0.421384 0.114923 -0.899571
-0.308697 0.0385872 -0.950377
-0.303151 0.0757878 -0.949924
-0.387539 0.116262 -0.914493
-0.348875 0.116292 -0.929926
-0.386676 0.154671 -0.909153
-0.340509 0.151337 -0.927982
-0.417366 0.15177 -0.895975
-0.455046 0.151682 -0.877454
-0.389291 0.155717 -0.907857
-0.389071 0.116721 -0.913783
-0.39545 0.15818 -0.904764
-0.442684 0.120732 -0.888512
-0.436054 0.118924 -0.892028
-0.429836 0.078152 -0.899518
-0.344953 0.114984 -0.93155
-0.383187 0.114956 -0.916489
-0.429836 0.078152 -0.899518
-0.425116 0.154588 -0.89184
-0.436054 0.118924 -0.892028
-0.390816 0.0781631 -0.917144
-0.346399 0.0769774 -0.934924
-0.384385 0.115316 -0.915942
-0.390473 0.117142 -0.913131
-0.431401 0.0784365 -0.898744
-0.407892 0.0815784 -0.909378
-0.354306 4.33885e-17 -0.93513
-0.315708 0.0394634 -0.948036
-0.275341 0.0393344 -0.960542
-0.237485 0.0395808 -0.970585
-0.270974 0.0387106 -0.961808
-0.303151 0.0757878 -0.949924
-0.346032 0.115344 -0.931105
-0.390473 0.117142 -0.913131
-0.41264 0.187563 -0.891375
-0.406861 0.184937 -0.894574
-0.375399 0.187699 -0.907659
-0.406861 0.184937 -0.894574
-0.371327 0.185664 -0.90975
-0.36736 0.146944 -0.918398
-0.408179 0.185536 -0.893849
-0.451419 0.188091 -0.872263
-0.447137 0.223569 -0.866075
-0.415548 0.188885 -0.889743
-0.403926 0.146882 -0.902923
-0.391741 0.117522 -0.912539
-0.429196 0.156071 -0.889625
-0.44047 0.120128 -0.889694
-0.436054 0.118924 -0.892028
-0.470301 0.156767 -0.86847
-0.436054 0.118924 -0.892028
-0.427845 0.116685 -0.896289
-0.433143 0.157507 -0.887456
-0.390473 0.117142 -0.913131
-0.433143 0.157507 -0.887456
-0.425116 0.154588 -0.89184
-0.393997 0.157599 -0.905499
-0.349406 0.155292 -0.924013
-0.38091 0.152364 -0.911972
-0.340465 0.189147 -0.921036
-0.344953 0.114984 -0.93155
-0.298372 0.0745931 -0.95153
-0.370451 0.111135 -0.922179
-0.33477 0.0743934 -0.939359
-0.377293 0.113188 -0.919151
-0.30397 0.0759925 -0.949646
-0.346399 0.0769774 -0.934924
-0.384844 0.0769689 -0.919767
-0.393313 0.0393313 -0.918563
-0.393313 0.0393313 -0.918563
-0.399916 0.0799833 -0.913055
-0.348468 0.0774372 -0.934117
-0.355162 0.0394624 -0.933972
-0.361201 0.0802669 -0.929027
-0.385852 0.0385852 -0.921754
-0.425771 0.0387065 -0.904003
-0.399916 0.0799833 -0.913055
-0.361201 0.0802669 -0.929027
-0.40128 0.0802561 -0.912432
-0.353058 0.0784573 -0.932306
-0.393526 0.0787052 -0.915938
-0.414911 0.113157 -0.902798
-0.418792 0.152288 -0.895221
-0.342964 0.152428 -0.926899
-0.421704 0.191684 -0.886241
-0.408889 0.22303 -0.884911
-0.417672 0.227821 -0.879572
-0.410362 0.223834 -0.884026
-0.416802 0.189456 -0.889035
-0.418792 0.152288 -0.895221
-0.417366 0.15177 -0.895975
-0.385175 0.15407 -0.909892
-0.346812 0.154139 -0.925183
-0.342791 0.190439 -0.919906
-0.304873 0.190545 -0.933137
-0.333845 0.222564 -0.915976
-0.376786 0.188393 -0.90694
-0.334421 0.148632 -0.930629
-0.337489 0.112496 -0.934583
-0.337489 0.112496 -0.934583
-0.294708 0.0736769 -0.952743
-0.272532 0.116799 -0.955031
-0.320236 0.160118 -0.933708
-0.234765 0.15651 -0.95937
-0.259999 0.222856 -0.93954
-0.306148 0.191343 -0.932556
-0.269929 0.154245 -0.950446
-0.323631 0.121362 -0.938368
-0.240049 0.0800164 -0.967457
-0.273235 0.0390336 -0.961155
-0.319651 0.0399564 -0.946692
-0.318803 0.0797007 -0.944464
-0.351776 0.0781724 -0.932814
-0.389071 0.116721 -0.913783
-0.417366 0.15177 -0.895975
-0.41264 0.187563 -0.891375
-0.406861 0.184937 -0.894574
-0.344953 0.114984 -0.93155
-0.35152 0.117173 -0.928819
-0.359973 0.0799939 -0.929527
-0.315708 0.0394634 -0.948036
-0.359973 0.0799939 -0.929527
-0.320011 0.0800028 -0.94403
-0.312532 0.1172 -0.942649
-0.268399 0.115028 -0.956416
-0.312532 0.1172 -0.942649
-0.352662 0.117554 -0.928337
-0.369536 0.0410596 -0.928309
-0.315981 3.86952e-17 -0.948766
-0.355162 0.0394624 -0.933972
-0.315708 0.0394634 -0.948036
-0.354306 4.33885e-17 -0.93513
-0.355162 0.0394624 -0.933972
-0.360969 0.0401076 -0.931715
-0.353993 0.0393325 -0.934421
-0.40244 0.040244 -0.914561
-0.353993 0.0393325 -0.934421
-0.355162 0.0394624 -0.933972
-0.394612 0.0394612 -0.918
-0.394612 0.0394612 -0.918
-0.355162 0.0394624 -0.933972
-0.40128 0.0802561 -0.912432
-0.360969 0.0401076 -0.931715
-0.354306 4.33885e-17 -0.93513
-0.360969 0.0401076 -0.931715
-0.40244 0.040244 -0.914561
-0.363313 0.0403682 -0.930792
-0.40128 0.0802561 -0.912432
-0.362296 0.0805102 -0.92858
-0.40244 0.040244 -0.914561
-0.360969 0.0401076 -0.931715
-0.355479 4.35321e-17 -0.934684
-0.354306 4.33885e-17 -0.93513
-0.361201 0.0802669 -0.929027
-0.361201 0.0802669 -0.929027
-0.361201 0.0802669 -0.929027
-0.355162 0.0394624 -0.933972
-0.38606 0.077212 -0.919237
-0.347493 0.0772207 -0.934497
-0.354217 0.0787149 -0.931845
-0.314892 0.0787231 -0.945857
-0.343758 0.114586 -0.932041
-0.349406 0.155292 -0.924013
-0.429509 0.195231 -0.881707
-0.429509 0.195231 -0.881707
-0.435798 0.19809 -0.877975
-0.310704 0.155352 -0.937725
-0.310704 0.155352 -0.937725
-0.30591 0.152955 -0.939694
-0.39545 0.15818 -0.904764
-0.430777 0.117485 -0.894779
-0.418792 0.152288 -0.895221
-0.42008 0.152757 -0.894538
-0.452487 0.113122 -0.884567
-0.457949 0.114487 -0.881575
-0.423273 0.0769588 -0.902728
-0.44963 0.112408 -0.886113
-0.412288 0.112442 -0.904088
-0.451618 0.0752697 -0.889031
-0.443463 0.0739106 -0.89324
-0.370844 0.0741689 -0.925729
-0.377718 0.0755435 -0.922834
-0.371734 0.0371734 -0.927595
-0.370844 0.0741689 -0.925729
-0.377718 0.0755435 -0.922834
-0.408896 0.0371724 -0.911823
-0.385852 0.0385852 -0.921754
-0.384844 0.0769689 -0.919767
-0.424609 0.0772017 -0.902079
-0.425771 0.0387065 -0.904003
-0.425771 0.0387065 -0.904003
-0.425771 0.0387065 -0.904003
-0.464459 0.0387049 -0.884748
-0.43575 5.33623e-17 -0.900068
-0.464459 0.0387049 -0.884748
-0.466912 0.0389094 -0.883447
-0.418808 0.0761469 -0.904876
-0.417827 0.0759685 -0.905345
-0.38817 0.038817 -0.92077
-0.379889 0.0759778 -0.921906
-0.379889 0.0759778 -0.921906
-0.372899 0.0745798 -0.92487
-0.412451 0.149982 -0.898549
-0.412451 0.149982 -0.898549
-0.372899 0.0745798 -0.92487
-0.377293 0.113188 -0.919151
-0.304698 0.0380872 -0.951687
-0.303151 0.0757878 -0.949924
-0.34838 0.0387089 -0.936554
-0.270116 0.0385879 -0.962054
-0.308912 0.077228 -0.94795
-0.259653 0.0741867 -0.962848
-0.301961 0.113236 -0.946571
-0.264471 0.0755632 -0.961429
-0.275341 0.0393344 -0.960542
-0.270116 0.0385879 -0.962054
-0.231714 2.83758e-17 -0.972784
-0.232452 2.84662e-17 -0.972608
-0.270333 3.31051e-17 -0.962767
-0.309679 0.0387098 -0.950053
-0.271739 0.0388198 -0.961588
-0.271194 3.32105e-17 -0.962525
-0.271194 3.32105e-17 -0.962525
-0.270974 0.0387106 -0.961808
-0.309679 0.0387098 -0.950053
-0.308697 0.0385872 -0.950377
-0.265287 3.24872e-17 -0.96417
-0.270974 0.0387106 -0.961808
-0.265082 0.0378689 -0.963482
-0.270116 0.0385879 -0.962054
-0.314892 0.0787231 -0.945857
-0.271078 0.0774509 -0.959436
-0.301053 0.112895 -0.946901
-0.301053 0.112895 -0.946901
-0.299429 0.149715 -0.942299
-0.341791 0.151907 -0.927417
-0.366963 0.220178 -0.903803
-0.373435 0.224061 -0.900191
-0.420102 0.190955 -0.887159
-0.378702 0.227221 -0.897193
-0.418787 0.266501 -0.868099
-0.419091 0.228595 -0.878696
-0.421704 0.191684 -0.886241
-0.473364 0.236682 -0.848474
-0.481225 0.160408 -0.861796
-0.472192 0.157397 -0.86733
-0.486647 0.121662 -0.865086
-0.531798 0.081815 -0.84291
-0.397641 0.0397641 -0.916679
-0.501755 0.11579 -0.857225
-0.475674 0.079279 -0.876042
-0.477129 0.0397607 -0.877933
-0.436866 5.34989e-17 -0.899527
-0.43575 5.33623e-17 -0.900068
-0.445651 5.45747e-17 -0.895207
-0.395769 0.0395769 -0.917497
-0.350221 0.0389135 -0.935858
-0.40283 4.93308e-17 -0.915275
-0.363655 4.45334e-17 -0.931534
-0.396137 4.85112e-17 -0.918192
-0.437816 5.36153e-17 -0.899064
-0.517419 6.33635e-17 -0.855732
-0.468343 5.73536e-17 -0.883547
-0.467887 0.0389906 -0.882928
-0.48674 0.0405617 -0.872605
-0.475674 0.079279 -0.876042
-0.436113 0.0792933 -0.896391
-0.467887 0.0389906 -0.882928
-0.467887 0.0389906 -0.882928
-0.429649 0.039059 -0.902151
-0.428021 0.038911 -0.902931
-0.477129 0.0397607 -0.877933
-0.444835 0.0808791 -0.891953
-0.44384 0.0806982 -0.892465
-0.436113 0.0792933 -0.896391
-0.477129 0.0397607 -0.877933
-0.460179 5.63538e-17 -0.887826
-0.421831 5.16577e-17 -0.906675
-0.413259 5.0608e-17 -0.910613
-0.45942 5.62608e-17 -0.888219
-0.428914 0.0389922 -0.902503
-0.38817 0.038817 -0.92077
-0.381754 0.0381754 -0.923475
-0.349363 0.0388181 -0.936183
-0.380854 0.0380854 -0.923851
-0.330317 0.0367019 -0.943156
-0.371932 0.0743863 -0.925275
-0.360927 0.144371 -0.921352
-0.359819 0.143928 -0.921854
-0.388884 0.141412 -0.910369
-0.391665 0.17803 -0.90272
-0.384895 0.244933 -0.889867
-0.34764 0.208584 -0.914133
-0.318335 0.212224 -0.923918
-0.31653 0.24619 -0.916078
-0.360695 0.216417 -0.907228
-0.281369 0.175856 -0.943348
-0.28491 0.213683 -0.934433
-0.292151 0.182595 -0.938779
-0.329449 0.183027 -0.926264
-0.371327 0.185664 -0.90975
-0.375129 0.150052 -0.914747
-0.390473 0.117142 -0.913131
-0.390473 0.117142 -0.913131
-0.418792 0.152288 -0.895221
-0.38805 0.15522 -0.908473
-0.430777 0.117485 -0.894779
-0.371406 0.111422 -0.921761
-0.371406 0.111422 -0.921761
-0.352395 0.15662 -0.922653
-0.295682 0.147841 -0.943777
-0.260259 0.148719 -0.954017
-0.252778 0.108333 -0.96144
-0.216832 0.108416 -0.97017
-0.147123 0.110342 -0.982944
-0.113046 0.0376819 -0.992875
-0.0768092 0.0384046 -0.996306
-0.039148 4.79409e-18 -0.999233
-0.079984 9.79489e-18 -0.996796
-0.159741 0.0399353 -0.986351
-0.156709 0.0391773 -0.986867
-0.195454 0.0781818 -0.977592
-0.191685 0.0766738 -0.978457
-0.267272 0.114545 -0.956789
-0.303267 0.151634 -0.940764
-0.340085 0.151149 -0.928168
-0.309888 0.116208 -0.943645
-0.355249 0.0789443 -0.931432
-0.316633 0.0395792 -0.947722
-0.362296 0.0805102 -0.92858
-0.395769 0.0395769 -0.917497
-0.394672 0.0789344 -0.915425
-0.393526 0.0787052 -0.915938
-0.346994 0.115665 -0.930708
-0.385451 0.115635 -0.915454
-0.409368 0.186076 -0.893193
-0.389291 0.155717 -0.907857
-0.33932 0.188511 -0.921589
-0.378189 0.151275 -0.913285
-0.342452 0.114151 -0.932575
-0.342452 0.114151 -0.932575
-0.310127 0.0775319 -0.947528
-0.312262 0.0390328 -0.949194
-0.358101 0.039789 -0.932835
-0.406292 0.0812585 -0.910123
-0.365525 4.47624e-17 -0.930802
-0.407909 4.99527e-17 -0.913023
-0.327624 4.01211e-17 -0.944808
-0.407502 0.0407502 -0.912295
-0.358101 0.039789 -0.932835
-0.31832 0.0397901 -0.947148
-0.359598 0.0399553 -0.932252
-0.364142 0.0809205 -0.927821
-0.398408 0.0796816 -0.913741
-0.35152 0.117173 -0.928819
-0.390473 0.117142 -0.913131
-0.39241 0.156964 -0.906298
-0.390805 0.195402 -0.899494
-0.350589 0.194772 -0.916052
-0.360105 0.160047 -0.919081
-0.390805 0.195402 -0.899494
-0.360105 0.160047 -0.919081
-0.401585 0.160634 -0.901624
-0.393997 0.157599 -0.905499
-0.365715 0.0812701 -0.927172
-0.356995 0.118998 -0.926495
-0.36822 0.0409133 -0.928838
-0.320011 0.0800028 -0.94403
-0.363313 0.0403682 -0.930792
-0.362209 0.0402454 -0.931228
-0.314668 0.0393335 -0.948386
-0.358614 0.079692 -0.930078
-0.310178 0.116317 -0.943536
-0.334421 0.148632 -0.930629
-0.340509 0.151337 -0.927982
-0.30278 0.15139 -0.94096
-0.333305 0.185169 -0.924457
-0.299429 0.149715 -0.942299
-0.35152 0.117173 -0.928819
-0.348468 0.0774372 -0.934117
-0.349363 0.0388181 -0.936183
-0.39678 0.039678 -0.917056
-0.396137 4.85112e-17 -0.918192
-0.355479 4.35321e-17 -0.934684
-0.394976 4.8369e-17 -0.918691
-0.355162 0.0394624 -0.933972
-0.40244 0.040244 -0.914561
-0.40244 0.040244 -0.914561
-0.355162 0.0394624 -0.933972
-0.394612 0.0394612 -0.918
-0.356203 0.0395781 -0.93357
-0.316633 0.0395792 -0.947722
-0.34838 0.0387089 -0.936554
-0.348468 0.0774372 -0.934117
-0.373744 0.0747488 -0.924515
-0.403822 0.110133 -0.908184
-0.374315 0.112294 -0.920477
-0.413868 0.188122 -0.890687
-0.468071 0.195029 -0.861901
-0.393997 0.157599 -0.905499
-0.396548 0.118964 -0.910273
-0.437488 0.0795433 -0.895699
-0.445654 0.081028 -0.891531
-0.478471 5.85939e-17 -0.878103
-0.469315 0.0391096 -0.882164
-0.43921 5.3786e-17 -0.898384
-0.470498 5.76175e-17 -0.882401
-0.47912 0.0399267 -0.876841
-0.468655 0.0781092 -0.879921
-0.477927 0.0796545 -0.874781
-0.439477 0.0399524 -0.897365
-0.479904 5.87694e-17 -0.877321
-0.479407 0.0399505 -0.876683
-0.479407 0.0399505 -0.876683
-0.507319 0.078049 -0.858217
-0.506838 0.0779751 -0.858508
-0.468388 0.0780646 -0.880068
-0.504282 0.116373 -0.855662
-0.465083 0.116271 -0.877598
-0.436885 0.0794337 -0.896003
-0.46653 0.0777549 -0.881081
-0.467323 0.0778872 -0.880649
-0.46653 0.0777549 -0.881081
-0.436113 0.0792933 -0.896391
-0.417809 0.113948 -0.901361
-0.46653 0.0777549 -0.881081
-0.456814 0.0761357 -0.886298
-0.426837 0.0776068 -0.900992
-0.436113 0.0792933 -0.896391
-0.428914 0.0389922 -0.902503
-0.390604 0.0390604 -0.91973
-0.421454 0.038314 -0.90604
-0.390604 0.0390604 -0.91973
-0.430628 5.2735e-17 -0.902529
-0.430052 5.26644e-17 -0.902804
-0.429314 5.25741e-17 -0.903155
-0.398015 4.87412e-17 -0.917379
-0.397641 0.0397641 -0.916679
-0.397641 0.0397641 -0.916679
-0.39835 0.039835 -0.916368
-0.390286 4.77946e-17 -0.920694
-0.397641 0.0397641 -0.916679
-0.390286 4.77946e-17 -0.920694
-0.390286 4.77946e-17 -0.920694
-0.398015 4.87412e-17 -0.917379
-0.398015 4.87412e-17 -0.917379
-0.398015 4.87412e-17 -0.917379
-0.390286 4.77946e-17 -0.920694
-0.390286 4.77946e-17 -0.920694
-0.398015 4.87412e-17 -0.917379
-0.364624 4.4652e-17 -0.931155
-0.39678 0.039678 -0.917056
-0.437816 5.36153e-17 -0.899064
-0.350524 4.29254e-17 -0.936554
-0.418808 0.0761469 -0.904876
-0.385451 0.115635 -0.915454
-0.422699 0.115282 -0.898908
-0.392239 0.0784478 -0.916512
-0.359973 0.0799939 -0.929527
-0.39954 0.039954 -0.915845
-0.360969 0.0401076 -0.931715
-0.361303 4.42454e-17 -0.932448
-0.316633 0.0395792 -0.947722
-0.363313 0.0403682 -0.930792
-0.364624 4.4652e-17 -0.931155
-0.364279 0.0404754 -0.93041
-0.40474 0.040474 -0.913536
-0.355249 0.0789443 -0.931432
-0.396527 0.0793054 -0.914591
-0.389123 0.0389123 -0.920363
-0.389123 0.0389123 -0.920363
-0.389471 4.76948e-17 -0.921039
-0.341849 0.0379832 -0.938987
-0.387078 0.0387078 -0.921234
-0.33862 0.112873 -0.934129
-0.345187 0.0767083 -0.935394
-0.374905 0.112471 -0.920215
-0.377718 0.0755435 -0.922834
-0.360969 0.0401076 -0.931715
-0.387419 4.74436e-17 -0.921904
-0.394976 4.8369e-17 -0.918691
-0.38619 4.7293e-17 -0.922419
-0.394976 4.8369e-17 -0.918691
-0.385852 0.0385852 -0.921754
-0.353993 0.0393325 -0.934421
-0.353993 0.0393325 -0.934421
-0.391876 0.0391876 -0.919183
-0.355533 0.118511 -0.92712
-0.353953 0.117984 -0.927792
-0.360767 0.120256 -0.924871
-0.355533 0.118511 -0.92712
-0.354773 0.157677 -0.921561
-0.353263 0.196257 -0.914707
-0.40934 0.0818679 -0.908702
-0.410581 0.0410581 -0.910899
-0.397151 4.86353e-17 -0.917753
-0.445196 0.0404723 -0.894518
-0.468343 5.73536e-17 -0.883547
-0.458994 0.0382495 -0.887616
-0.389471 4.76948e-17 -0.921039
-0.38817 0.038817 -0.92077
-0.37616 0.112848 -0.919657
-0.412288 0.112442 -0.904088
-0.40988 0.149047 -0.89988
-0.372786 0.149114 -0.915858
-0.369378 0.110813 -0.922648
-0.371932 0.0743863 -0.925275
-0.385451 0.115635 -0.915454
-0.428914 0.0389922 -0.902503
-0.426837 0.0776068 -0.900992
-0.38817 0.038817 -0.92077
-0.434057 0.0394597 -0.900021
-0.394612 0.0394612 -0.918
-0.361201 0.0802669 -0.929027
-0.38817 0.038817 -0.92077
-0.356203 0.0395781 -0.93357
-0.34838 0.0387089 -0.936554
-0.355162 0.0394624 -0.933972
-0.34838 0.0387089 -0.936554
-0.355479 4.35321e-17 -0.934684
-0.353993 0.0393325 -0.934421
-0.317483 0.0793708 -0.944936
-0.350256 0.116752 -0.929349
-0.310178 0.116317 -0.943536
-0.320236 0.160118 -0.933708
-0.311348 0.155674 -0.937458
-0.240665 0.120332 -0.96312
-0.273817 0.156467 -0.948969
-0.26601 0.152006 -0.95191
-0.262073 0.149756 -0.953358
-0.302231 0.0755577 -0.950236
-0.301053 0.112895 -0.946901
-0.307939 0.0769847 -0.948286
-0.306861 0.0767154 -0.948657
-0.306861 0.0767154 -0.948657
-0.313518 0.0391898 -0.948773
-0.313518 0.0391898 -0.948773
-0.343758 0.114586 -0.932041
-0.343758 0.114586 -0.932041
-0.343758 0.114586 -0.932041
-0.334391 0.185773 -0.923943
-0.331587 0.221058 -0.91716
-0.340465 0.189147 -0.921036
-0.348166 0.154741 -0.924573
-0.353263 0.196257 -0.914707
-0.349406 0.155292 -0.924013
-0.354773 0.157677 -0.921561
-0.396548 0.118964 -0.910273
-0.318597 0.119474 -0.940331
-0.356995 0.118998 -0.926495
-0.367156 0.0815903 -0.926574
-0.358614 0.079692 -0.930078
-0.406292 0.0812585 -0.910123
-0.396548 0.118964 -0.910273
-0.355533 0.118511 -0.92712
-0.396548 0.118964 -0.910273
-0.358614 0.079692 -0.930078
-0.356995 0.118998 -0.926495
-0.365715 0.0812701 -0.927172
-0.320011 0.0800028 -0.94403
-0.326401 0.0816002 -0.941703
-0.356995 0.118998 -0.926495
-0.348875 0.116292 -0.929926
-0.324894 0.121835 -0.93787
-0.344953 0.114984 -0.93155
-0.312532 0.1172 -0.942649
-0.306749 0.153375 -0.939351
-0.334391 0.185773 -0.923943
-0.329449 0.183027 -0.926264
-0.303722 0.189826 -0.933659
-0.264348 0.226584 -0.937433
-0.354418 0.196899 -0.914122
-0.314212 0.196382 -0.928819
-0.313072 0.19567 -0.929354
-0.396763 0.158705 -0.904097
-0.324894 0.121835 -0.93787
-0.361201 0.0802669 -0.929027
-0.40128 0.0802561 -0.912432
-0.358614 0.079692 -0.930078
-0.320011 0.0800028 -0.94403
-0.358614 0.079692 -0.930078
-0.320011 0.0800028 -0.94403
-0.318597 0.119474 -0.940331
-0.312532 0.1172 -0.942649
-0.270842 0.193459 -0.942984
-0.218986 0.109493 -0.969565
-0.224747 0.0749157 -0.971533
-0.198706 0.0794825 -0.976831
-0.19486 0.077944 -0.977729
-0.272305 0.0778016 -0.95906
-0.270643 0.11599 -0.955666
-0.376983 0.150793 -0.913863
-0.339421 0.150854 -0.928459
-0.355249 0.0789443 -0.931432
-0.362296 0.0805102 -0.92858
-0.355249 0.0789443 -0.931432
-0.395674 0.0791347 -0.914975
-0.356151 0.0791447 -0.931071
-0.388892 0.0777785 -0.917994
-0.426837 0.0776068 -0.900992
-0.437388 0.0397626 -0.898393
-0.428914 0.0389922 -0.902503
-0.428451 0.0779001 -0.900201
-0.427722 0.0777677 -0.900559
-0.39678 0.039678 -0.917056
-0.396137 4.85112e-17 -0.918192
-0.403668 0.0403668 -0.914015
-0.364279 0.0404754 -0.93041
-0.356523 4.366e-17 -0.934287
-0.397151 4.86353e-17 -0.917753
-0.356203 0.0395781 -0.93357
-0.349319 0.0776264 -0.933783
-0.379889 0.0759778 -0.921906
-0.336402 0.074756 -0.938747
-0.336402 0.074756 -0.938747
-0.301117 0.150558 -0.941627
-0.371932 0.0743863 -0.925275
-0.457996 0.152665 -0.875747
-0.412924 0.225232 -0.882476
-0.425672 0.193487 -0.883949
-0.437293 0.238523 -0.867111
-0.46874 0.23437 -0.851677
-0.423098 0.269244 -0.865157
-0.44767 0.203487 -0.870738
-0.40446 0.242676 -0.881771
-0.320229 0.200143 -0.925957
-0.398185 0.199093 -0.895439
-0.399679 0.19984 -0.894606
-0.424494 0.192952 -0.884633
-0.314455 0.117921 -0.94192
-0.394634 0.197317 -0.897402
-0.429196 0.156071 -0.889625
-0.35368 0.117893 -0.927907
-0.433699 0.197136 -0.879228
-0.414484 0.150722 -0.897489
-0.38313 0.153252 -0.910893
-0.400571 0.120171 -0.908351
-0.360622 0.120207 -0.924933
-0.393526 0.0787052 -0.915938
-0.360622 0.120207 -0.924933
-0.393526 0.0787052 -0.915938
-0.430777 0.117485 -0.894779
-0.401725 0.0730409 -0.912843
-0.410143 0.0745714 -0.908968
-0.376983 0.150793 -0.913863
-0.335087 0.111696 -0.935543
-0.382085 0.152834 -0.911402
-0.396763 0.158705 -0.904097
-0.391741 0.117522 -0.912539
-0.422699 0.115282 -0.898908
-0.422699 0.115282 -0.898908
-0.42387 0.115601 -0.898315
-0.451912 0.150637 -0.879252
-0.413537 0.150377 -0.897983
-0.42008 0.152757 -0.894538
-0.407396 0.111108 -0.906468
-0.412451 0.149982 -0.898549
-0.411231 0.149539 -0.899181
-0.452487 0.113122 -0.884567
-0.461681 0.0769468 -0.883703
-0.421795 0.07669 -0.903442
-0.413666 0.112818 -0.903412
-0.423273 0.0769588 -0.902728
-0.421795 0.07669 -0.903442
-0.399916 0.0799833 -0.913055
-0.399916 0.0799833 -0.913055
-0.384844 0.0769689 -0.919767
-0.432815 0.0786937 -0.898041
-0.424609 0.0772017 -0.902079
-0.383187 0.114956 -0.916489
-0.38606 0.077212 -0.919237
-0.370844 0.0741689 -0.925729
-0.336747 0.149665 -0.929625
-0.396548 0.118964 -0.910273
-0.348875 0.116292 -0.929926
-0.39241 0.156964 -0.906298
-0.351776 0.0781724 -0.932814
-0.294663 0.110498 -0.949191
-0.331438 0.110479 -0.936986
-0.302231 0.0755577 -0.950236
-0.33862 0.112873 -0.934129
-0.354217 0.0787149 -0.931845
-0.357269 0.158786 -0.920405
-0.391741 0.117522 -0.912539
-0.390473 0.117142 -0.913131
-0.38805 0.15522 -0.908473
-0.35368 0.117893 -0.927907
-0.355249 0.0789443 -0.931432
-0.39678 0.039678 -0.917056
-0.356203 0.0395781 -0.93357
-0.387142 0.0774284 -0.918763
-0.434057 0.0394597 -0.900021
-0.392239 0.0784478 -0.916512
-0.352662 0.117554 -0.928337
-0.344967 0.153318 -0.926008
-0.352662 0.117554 -0.928337
-0.344953 0.114984 -0.93155
-0.35152 0.117173 -0.928819
-0.343758 0.114586 -0.932041
-0.353058 0.0784573 -0.932306
-0.351776 0.0781724 -0.932814
-0.353058 0.0784573 -0.932306
-0.344953 0.114984 -0.93155
-0.436054 0.118924 -0.892028
-0.421384 0.114923 -0.899571
-0.392239 0.0784478 -0.916512
-0.432815 0.0786937 -0.898041
-0.432815 0.0786937 -0.898041
-0.392239 0.0784478 -0.916512
-0.393313 0.0393313 -0.918563
-0.387078 0.0387078 -0.921234
-0.387142 0.0774284 -0.918763
-0.424893 0.11588 -0.897796
-0.437457 0.159075 -0.885057
-0.416986 0.113723 -0.90177
-0.39287 0.117861 -0.91201
-0.394672 0.0789344 -0.915425
-0.399375 0.119812 -0.908925
-0.399375 0.119812 -0.908925
-0.355249 0.0789443 -0.931432
-0.355249 0.0789443 -0.931432
-0.395674 0.0791347 -0.914975
-0.397778 0.0795556 -0.914026
-0.436113 0.0792933 -0.896391
-0.48262 0.120655 -0.867479
-0.48262 0.120655 -0.867479
-0.476515 0.0794192 -0.875572
-0.436885 0.0794337 -0.896003
-0.426481 0.116313 -0.896987
-0.474116 0.118529 -0.872448
-0.425764 0.116118 -0.897352
-0.426481 0.116313 -0.896987
-0.431156 0.156784 -0.888551
-0.438578 0.159483 -0.884429
-0.409679 0.122904 -0.903912
-0.450468 0.122855 -0.8843
-0.48262 0.120655 -0.867479
-0.42902 0.0780036 -0.899921
-0.518502 0.0398847 -0.854146
-0.479407 0.0399505 -0.876683
-0.47912 0.0399267 -0.876841
-0.390072 0.0780145 -0.917473
-0.42902 0.0780036 -0.899921
-0.390072 0.0780145 -0.917473
-0.382657 0.0765314 -0.920715
-0.390667 0.0781333 -0.91721
-0.39954 0.039954 -0.915845
-0.439564 0.0399604 -0.897322
-0.438268 0.079685 -0.895305
-0.391856 4.79869e-17 -0.920027
-0.430224 0.0391113 -0.901875
-0.460342 0.0383618 -0.886912
-0.45906 0.0765101 -0.885104
-0.396527 0.0793054 -0.914591
-0.357888 0.0397654 -0.932917
-0.35692 0.0793155 -0.930762
-0.349319 0.0776264 -0.933783
-0.348548 0.116183 -0.930062
-0.305294 0.0763236 -0.949194
-0.311965 0.0389957 -0.949293
-0.357888 0.0397654 -0.932917
-0.357113 0.0396792 -0.933218
-0.348468 0.0774372 -0.934117
-0.396527 0.0793054 -0.914591
-0.39678 0.039678 -0.917056
-0.395769 0.0395769 -0.917497
-0.395769 0.0395769 -0.917497
-0.356523 4.366e-17 -0.934287
-0.37071 0.04119 -0.927835
-0.276358 0.0789595 -0.957806
-0.265994 0.0759981 -0.960974
-0.227676 0.113838 -0.96706
-0.192719 0.154175 -0.969066
-0.155029 0.116272 -0.981044
-0.151334 0.151334 -0.976829
-0.111989 0.111989 -0.987379
-0.11144 0.148587 -0.9826
-0.0743063 0.222919 -0.972001
-0.112306 0.187177 -0.975885
-0.186611 0.186611 -0.964548
-0.189466 0.189466 -0.963434
-0.236666 0.197222 -0.951364
-0.343224 0.19068 -0.919695
-0.342421 0.190234 -0.920087
-0.337005 0.187225 -0.9227
-0.374222 0.187111 -0.908266
-0.414484 0.150722 -0.897489
-0.460331 0.153444 -0.874386
-0.460331 0.153444 -0.874386
-0.457996 0.152665 -0.875747
-0.46347 0.15449 -0.872541
-0.431403 0.156874 -0.888416
-0.442684 0.120732 -0.888512
-0.327055 0.122645 -0.937013
-0.363989 0.12133 -0.923467
-0.355533 0.118511 -0.92712
-0.320236 0.160118 -0.933708
-0.231712 0.115856 -0.965861
-0.310178 0.116317 -0.943536
-0.303922 0.151961 -0.9405
-0.30278 0.15139 -0.94096
-0.297358 0.148679 -0.943119
-0.265009 0.151434 -0.95228
-0.294211 0.183882 -0.937884
-0.257538 0.183956 -0.948596
-0.262135 0.187239 -0.946693
-0.273817 0.156467 -0.948969
-0.266889 0.190635 -0.944685
-0.268008 0.191434 -0.944206
-0.271629 0.232825 -0.933815
-0.269042 0.192173 -0.943762
-0.269042 0.192173 -0.943762
-0.266726 0.228622 -0.936263
-0.226103 0.226103 -0.947499
-0.229541 0.229541 -0.945844
-0.188501 0.226202 -0.955667
-0.19197 0.230364 -0.953981
-0.157881 0.197351 -0.967536
-0.119963 0.119963 -0.985504
-0.117999 0.117999 -0.985978
-0.11812 0.0787465 -0.989872
-0.118465 0.0789763 -0.989813
-0.117999 0.117999 -0.985978
-0.158349 0.0791744 -0.984204
-0.164349 0.0821744 -0.982973
-0.2416 0.0805334 -0.967028
-0.237485 0.0395808 -0.970585
-0.280614 0.120263 -0.952257
-0.31581 0.0789526 -0.945532
-0.386383 0.115915 -0.915026
-0.412451 0.149982 -0.898549
-0.418792 0.152288 -0.895221
-0.419928 0.114526 -0.900302
-0.429836 0.078152 -0.899518
-0.345187 0.0767083 -0.935394
-0.307939 0.0769847 -0.948286
-0.308912 0.077228 -0.94795
-0.276483 3.38583e-17 -0.961019
-0.270974 0.0387106 -0.961808
-0.27625 0.0394643 -0.960275
-0.27706 0.03958 -0.960037
-0.315708 0.0394634 -0.948036
-0.355162 0.0394624 -0.933972
-0.316633 0.0395792 -0.947722
-0.280768 0.0401097 -0.958937
-0.280768 0.0401097 -0.958937
-0.327624 4.01211e-17 -0.944808
-0.327624 4.01211e-17 -0.944808
-0.321972 0.0402466 -0.945893
-0.321972 0.0402466 -0.945893
-0.321972 0.0402466 -0.945893
-0.28641 0.0409156 -0.957233
-0.245718 3.00908e-17 -0.969341
-0.245499 0.0409165 -0.968533
-0.281733 0.0402475 -0.958648
-0.280768 0.0401097 -0.958937
-0.280768 0.0401097 -0.958937
-0.280768 0.0401097 -0.958937
-0.321972 0.0402466 -0.945893
-0.321972 0.0402466 -0.945893
-0.315981 3.86952e-17 -0.948766
-0.359544 0.119848 -0.9254
-0.346399 0.0769774 -0.934924
-0.353058 0.0784573 -0.932306
-0.390473 0.117142 -0.913131
-0.396763 0.158705 -0.904097
-0.38805 0.15522 -0.908473
-0.429509 0.195231 -0.881707
-0.346812 0.154139 -0.925183
-0.380629 0.190314 -0.904932
-0.383914 0.230348 -0.894176
-0.387588 0.193794 -0.901232
-0.387588 0.193794 -0.901232
-0.38926 0.19463 -0.900331
-0.358466 0.159318 -0.919848
-0.345862 0.230575 -0.909514
-0.345862 0.230575 -0.909514
-0.31048 0.19405 -0.930563
-0.347459 0.193033 -0.917612
-0.341256 0.189586 -0.920653
-0.344222 0.191234 -0.919207
-0.349079 0.193933 -0.916806
-0.355584 0.197547 -0.913529
-0.399905 0.159962 -0.90249
-0.39809 0.159236 -0.903421
-0.433143 0.157507 -0.887456
-0.401585 0.160634 -0.901624
-0.429509 0.195231 -0.881707
-0.393997 0.157599 -0.905499
-0.383676 0.191838 -0.903322
-0.385014 0.192507 -0.90261
-0.374666 0.2248 -0.899494
-0.340465 0.189147 -0.921036
-0.340465 0.189147 -0.921036
-0.393997 0.157599 -0.905499
-0.386676 0.154671 -0.909153
-0.390473 0.117142 -0.913131
-0.39545 0.15818 -0.904764
-0.433143 0.157507 -0.887456
-0.468071 0.195029 -0.861901
-0.434736 0.158086 -0.886574
-0.398032 0.11941 -0.909567
-0.393997 0.157599 -0.905499
-0.353058 0.0784573 -0.932306
-0.358614 0.079692 -0.930078
-0.320011 0.0800028 -0.94403
-0.313861 0.0784653 -0.946221
-0.307649 0.115368 -0.94448
-0.306688 0.115008 -0.944836
-0.35152 0.117173 -0.928819
-0.341791 0.151907 -0.927417
-0.37961 0.151844 -0.9126
-0.340509 0.151337 -0.927982
-0.378189 0.151275 -0.913285
-0.37961 0.151844 -0.9126
-0.389071 0.116721 -0.913783
-0.392239 0.0784478 -0.916512
-0.360969 0.0401076 -0.931715
-0.394612 0.0394612 -0.918
-0.395769 0.0395769 -0.917497
-0.394612 0.0394612 -0.918
-0.395769 0.0395769 -0.917497
-0.39678 0.039678 -0.917056
-0.395769 0.0395769 -0.917497
-0.394672 0.0789344 -0.915425
-0.395769 0.0395769 -0.917497
-0.396137 4.85112e-17 -0.918192
-0.349363 0.0388181 -0.936183
-0.436441 0.0396764 -0.898858
-0.395769 0.0395769 -0.917497
-0.356523 4.366e-17 -0.934287
-0.397151 4.86353e-17 -0.917753
-0.394976 4.8369e-17 -0.918691
-0.396137 4.85112e-17 -0.918192
-0.403668 0.0403668 -0.914015
-0.356523 4.366e-17 -0.934287
-0.356523 4.366e-17 -0.934287
-0.396137 4.85112e-17 -0.918192
-0.363313 0.0403682 -0.930792
-0.356523 4.366e-17 -0.934287
-0.363655 4.45334e-17 -0.931534
-0.403668 0.0403668 -0.914015
-0.363313 0.0403682 -0.930792
-0.395769 0.0395769 -0.917497
-0.40244 0.040244 -0.914561
-0.349363 0.0388181 -0.936183
-0.349363 0.0388181 -0.936183
-0.394612 0.0394612 -0.918
-0.347493 0.0772207 -0.934497
-0.40128 0.0802561 -0.912432
-0.361201 0.0802669 -0.929027
-0.384844 0.0769689 -0.919767
-0.37961 0.151844 -0.9126
-0.39241 0.156964 -0.906298
-0.349079 0.193933 -0.916806
-0.31048 0.19405 -0.930563
-0.344289 0.229526 -0.910375
-0.345862 0.230575 -0.909514
-0.309035 0.193147 -0.931231
-0.314756 0.196722 -0.928563
-0.315922 0.236941 -0.918723
-0.35311 0.235407 -0.905482
-0.35311 0.235407 -0.905482
-0.315922 0.236941 -0.918723
-0.314163 0.235622 -0.919665
-0.349188 0.27159 -0.896831
-0.324991 0.203119 -0.923647
-0.399022 0.239413 -0.885134
-0.365344 0.202969 -0.908476
-0.40558 0.20279 -0.891281
-0.383914 0.230348 -0.894176
-0.427818 0.194463 -0.882698
-0.415548 0.188885 -0.889743
-0.42317 0.19235 -0.885398
-0.447137 0.223569 -0.866075
-0.368307 0.257815 -0.893242
-0.382176 0.229306 -0.895187
-0.355079 0.236719 -0.904369
-0.387101 0.232261 -0.892305
-0.353873 0.196596 -0.914398
-0.382176 0.229306 -0.895187
-0.341256 0.189586 -0.920653
-0.307087 0.153544 -0.939213
-0.307087 0.153544 -0.939213
-0.266889 0.190635 -0.944685
-0.303504 0.18969 -0.933758
-0.335165 0.223443 -0.91528
-0.341146 0.227431 -0.912083
-0.347328 0.231552 -0.908706
-0.390805 0.195402 -0.899494
-0.308393 0.154197 -0.938678
-0.393997 0.157599 -0.905499
-0.354773 0.157677 -0.921561
-0.389071 0.116721 -0.913783
-0.390473 0.117142 -0.913131
-0.369378 0.110813 -0.922648
-0.407396 0.111108 -0.906468
-0.380219 0.190109 -0.905148
-0.38313 0.153252 -0.910893
-0.399375 0.119812 -0.908925
-0.486647 0.121662 -0.865086
-0.398032 0.11941 -0.909567
-0.443145 0.161144 -0.881848
-0.433143 0.157507 -0.887456
-0.353058 0.0784573 -0.932306
-0.343758 0.114586 -0.932041
-0.351776 0.0781724 -0.932814
-0.351776 0.0781724 -0.932814
-0.320011 0.0800028 -0.94403
-0.409118 0.0409118 -0.911564
-0.474883 0.0395736 -0.879159
-0.476096 0.0396746 -0.878498
-0.484094 0.0806823 -0.871289
-0.442673 0.080486 -0.893064
-0.445196 0.0404723 -0.894518
-0.403668 0.0403668 -0.914015
-0.403668 0.0403668 -0.914015
-0.401063 0.0401063 -0.915172
-0.409118 0.0409118 -0.911564
-0.438181 0.0796692 -0.895349
-0.409118 0.0409118 -0.911564
-0.368577 4.51362e-17 -0.929597
-0.32087 0.0401088 -0.946274
-0.276483 3.38583e-17 -0.961019
-0.282843 3.46371e-17 -0.959166
-0.363313 0.0403682 -0.930792
-0.482885 0.0402404 -0.874759
-0.432815 0.0786937 -0.898041
-0.44047 0.120128 -0.889694
-0.362209 0.0402454 -0.931228
-0.356203 0.0395781 -0.93357
-0.356203 0.0395781 -0.93357
-0.40244 0.040244 -0.914561
-0.441337 0.0802432 -0.893746
-0.410581 0.0410581 -0.910899
-0.360969 0.0401076 -0.931715
-0.40244 0.040244 -0.914561
-0.403668 0.0403668 -0.914015
-0.40128 0.0802561 -0.912432
-0.479733 0.0799555 -0.873764
-0.489283 0.0815472 -0.868304
-0.488956 0.0407463 -0.871356
-0.442666 0.0402424 -0.895783
-0.369536 0.0410596 -0.928309
-0.410997 5.0331e-17 -0.911636
-0.409118 0.0409118 -0.911564
-0.368577 4.51362e-17 -0.929597
-0.409118 0.0409118 -0.911564
-0.362209 0.0402454 -0.931228
-0.40128 0.0802561 -0.912432
-0.40244 0.040244 -0.914561
-0.394672 0.0789344 -0.915425
-0.394612 0.0394612 -0.918
-0.444016 0.0403651 -0.895109
-0.473496 0.039458 -0.879912
-0.441337 0.0802432 -0.893746
-0.432628 0.0393299 -0.900714
-0.432628 0.0393299 -0.900714
-0.47208 0.07868 -0.878038
-0.442666 0.0402424 -0.895783
-0.40244 0.040244 -0.914561
-0.36822 0.0409133 -0.928838
-0.36822 0.0409133 -0.928838
-0.359973 0.0799939 -0.929527
-0.362296 0.0805102 -0.92858
-0.399375 0.119812 -0.908925
-0.356995 0.118998 -0.926495
-0.358614 0.079692 -0.930078
-0.351776 0.0781724 -0.932814
-0.355533 0.118511 -0.92712
-0.274652 0.078472 -0.958336
-0.278978 0.079708 -0.956984
-0.239037 0.119519 -0.963627
-0.200737 0.0802949 -0.976349
-0.199225 0.119535 -0.972636
-0.196205 0.0784821 -0.977417
-0.238142 0.119071 -0.963904
-0.277786 0.119051 -0.953238
-0.276145 0.157797 -0.948074
-0.354773 0.157677 -0.921561
-0.404546 0.0809092 -0.910932
-0.412631 0.0825263 -0.907152
-0.414485 0.082897 -0.906273
-0.375763 0.0417514 -0.925775
-0.333045 0.0832612 -0.939228
-0.36846 0.08188 -0.926031
-0.37071 0.04119 -0.927835
-0.322078 0.0805194 -0.943283
-0.36822 0.0409133 -0.928838
-0.448233 0.0407484 -0.892988
-0.409118 0.0409118 -0.911564
-0.45001 0.04091 -0.892086
-0.409118 0.0409118 -0.911564
-0.40244 0.040244 -0.914561
-0.369898 4.52979e-17 -0.929072
-0.32087 0.0401088 -0.946274
-0.280768 0.0401097 -0.958937
-0.315981 3.86952e-17 -0.948766
-0.315981 3.86952e-17 -0.948766
-0.316633 0.0395792 -0.947722
-0.356203 0.0395781 -0.93357
-0.357113 0.0396792 -0.933218
-0.405137 4.96134e-17 -0.914256
-0.364279 0.0404754 -0.93041
-0.371736 0.041304 -0.927419
-0.32953 0.0411913 -0.943246
-0.32953 0.0411913 -0.943246
-0.363655 4.45334e-17 -0.931534
-0.377549 4.62348e-17 -0.92599
-0.369898 4.52979e-17 -0.929072
-0.369536 0.0410596 -0.928309
-0.369898 4.52979e-17 -0.929072
-0.369898 4.52979e-17 -0.929072
-0.363655 4.45334e-17 -0.931534
-0.369898 4.52979e-17 -0.929072
-0.362547 4.43977e-17 -0.931966
-0.369898 4.52979e-17 -0.929072
-0.371075 4.54421e-17 -0.928603
-0.323249 3.95853e-17 -0.946314
-0.37071 0.04119 -0.927835
-0.362209 0.0402454 -0.931228
-0.369898 4.52979e-17 -0.929072
-0.40244 0.040244 -0.914561
-0.361201 0.0802669 -0.929027
-0.366765 0.0407517 -0.929421
-0.32372 0.08093 -0.942685
-0.32372 0.08093 -0.942685
-0.324612 0.0405765 -0.944977
-0.313518 0.0391898 -0.948773
-0.312262 0.0390328 -0.949194
-0.280036 0.0800102 -0.95665
-0.278978 0.079708 -0.956984
-0.274652 0.078472 -0.958336
-0.275555 0.0787299 -0.958056
-0.276358 0.0789595 -0.957806
-0.307649 0.115368 -0.94448
-0.353058 0.0784573 -0.932306
-0.35152 0.117173 -0.928819
-0.429385 0.117105 -0.895497
-0.466568 0.116642 -0.876761
-0.466568 0.116642 -0.876761
-0.464736 0.116184 -0.877794
-0.466568 0.116642 -0.876761
-0.464736 0.116184 -0.877794
-0.457949 0.114487 -0.881575
-0.429836 0.078152 -0.899518
-0.431401 0.0784365 -0.898744
-0.392239 0.0784478 -0.916512
-0.431401 0.0784365 -0.898744
-0.384844 0.0769689 -0.919767
-0.422699 0.115282 -0.898908
-0.439838 0.0799706 -0.894509
-0.431401 0.0784365 -0.898744
-0.436054 0.118924 -0.892028
-0.429836 0.078152 -0.899518
-0.431401 0.0784365 -0.898744
-0.466568 0.116642 -0.876761
-0.421384 0.114923 -0.899571
-0.383187 0.114956 -0.916489
-0.422699 0.115282 -0.898908
-0.393526 0.0787052 -0.915938
-0.432815 0.0786937 -0.898041
-0.393313 0.0393313 -0.918563
-0.437684 0.119368 -0.89117
-0.441337 0.0802432 -0.893746
-0.409118 0.0409118 -0.911564
-0.410997 5.0331e-17 -0.911636
-0.40953 5.01513e-17 -0.912297
-0.375763 0.0417514 -0.925775
-0.450483 5.51664e-17 -0.892785
-0.452097 5.53641e-17 -0.891969
-0.452097 5.53641e-17 -0.891969
-0.403668 0.0403668 -0.914015
-0.412305 5.04912e-17 -0.911046
-0.444016 0.0403651 -0.895109
-0.419498 5.1372e-17 -0.907756
-0.451618 0.0410562 -0.891266
-0.410997 5.0331e-17 -0.911636
-0.410997 5.0331e-17 -0.911636
-0.40953 5.01513e-17 -0.912297
-0.419498 5.1372e-17 -0.907756
-0.419498 5.1372e-17 -0.907756
-0.419498 5.1372e-17 -0.907756
-0.420889 5.15424e-17 -0.907112
-0.410581 0.0410581 -0.910899
-0.410581 0.0410581 -0.910899
-0.410581 0.0410581 -0.910899
-0.40283 4.93308e-17 -0.915275
-0.40283 4.93308e-17 -0.915275
-0.410997 5.0331e-17 -0.911636
-0.40283 4.93308e-17 -0.915275
-0.363655 4.45334e-17 -0.931534
-0.40244 0.040244 -0.914561
-0.40244 0.040244 -0.914561
-0.40244 0.040244 -0.914561
-0.40244 0.040244 -0.914561
-0.442666 0.0402424 -0.895783
-0.403668 0.0403668 -0.914015
-0.403668 0.0403668 -0.914015
-0.444016 0.0403651 -0.895109
-0.441337 0.0802432 -0.893746
-0.473453 0.0789088 -0.877278
-0.460967 0.115242 -0.879903
-0.511314 0.0786636 -0.855786
-0.466568 0.116642 -0.876761
-0.38926 0.077852 -0.917832
-0.428127 0.0778412 -0.90036
-0.418336 0.114092 -0.901098
-0.434273 0.118438 -0.892961
-0.485277 0.0808794 -0.870612
-0.444926 0.0808956 -0.891906
-0.442684 0.120732 -0.888512
-0.438181 0.0796692 -0.895349
-0.407892 0.0815784 -0.909378
-0.439838 0.0799706 -0.894509
-0.398032 0.11941 -0.909567
-0.439838 0.0799706 -0.894509
-0.455848 0.0828814 -0.886191
-0.398408 0.0796816 -0.913741
-0.455848 0.0828814 -0.886191
-0.407892 0.0815784 -0.909378
-0.439838 0.0799706 -0.894509
-0.47208 0.07868 -0.878038
-0.402496 0.0804991 -0.911876
-0.439157 0.11977 -0.890391
-0.361201 0.0802669 -0.929027
-0.371075 4.54421e-17 -0.928603
-0.369536 0.0410596 -0.928309
-0.363313 0.0403682 -0.930792
-0.409118 0.0409118 -0.911564
-0.377162 0.0419069 -0.925199
-0.377162 0.0419069 -0.925199
-0.377549 4.62348e-17 -0.92599
-0.3788 4.63881e-17 -0.925478
-0.413449 5.06312e-17 -0.910527
-0.413449 5.06312e-17 -0.910527
-0.40474 0.040474 -0.913536
-0.362209 0.0402454 -0.931228
-0.410581 0.0410581 -0.910899
-0.363313 0.0403682 -0.930792
-0.369536 0.0410596 -0.928309
-0.32087 0.0401088 -0.946274
-0.36822 0.0409133 -0.928838
-0.36822 0.0409133 -0.928838
-0.366765 0.0407517 -0.929421
-0.409118 0.0409118 -0.911564
-0.45001 0.04091 -0.892086
-0.45001 0.04091 -0.892086
-0.368577 4.51362e-17 -0.929597
-0.36822 0.0409133 -0.928838
-0.360969 0.0401076 -0.931715
-0.353058 0.0784573 -0.932306
-0.314668 0.0393335 -0.948386
-0.314668 0.0393335 -0.948386
-0.353058 0.0784573 -0.932306
-0.390816 0.0781631 -0.917144
-0.429836 0.078152 -0.899518
-0.427845 0.116685 -0.896289
-0.390816 0.0781631 -0.917144
-0.353058 0.0784573 -0.932306
-0.384385 0.115316 -0.915942
-0.346399 0.0769774 -0.934924
-0.361201 0.0802669 -0.929027
-0.280992 0.0802836 -0.956346
-0.275341 0.0393344 -0.960542
-0.278978 0.079708 -0.956984
-0.280768 0.0401097 -0.958937
-0.280768 0.0401097 -0.958937
-0.358614 0.079692 -0.930078
-0.398408 0.0796816 -0.913741
-0.398408 0.0796816 -0.913741
-0.429836 0.078152 -0.899518
-0.429836 0.078152 -0.899518
-0.429836 0.078152 -0.899518
-0.35713 0.0793623 -0.930677
-0.350375 0.0778611 -0.933368
-0.350375 0.0778611 -0.933368
-0.356995 0.118998 -0.926495
-0.404546 0.0809092 -0.910932
-0.398408 0.0796816 -0.913741
-0.390816 0.0781631 -0.917144
-0.359973 0.0799939 -0.929527
-0.315708 0.0394634 -0.948036
-0.314668 0.0393335 -0.948386
-0.314668 0.0393335 -0.948386
-0.315708 0.0394634 -0.948036
-0.354217 0.0787149 -0.931845
-0.392239 0.0784478 -0.916512
-0.401063 0.0401063 -0.915172
-0.360969 0.0401076 -0.931715
-0.393526 0.0787052 -0.915938
-0.393313 0.0393313 -0.918563
-0.359973 0.0799939 -0.929527
-0.359598 0.0399553 -0.932252
-0.398408 0.0796816 -0.913741
-0.398408 0.0796816 -0.913741
-0.398408 0.0796816 -0.913741
-0.398408 0.0796816 -0.913741
-0.359973 0.0799939 -0.929527
-0.358614 0.079692 -0.930078
-0.353993 0.0393325 -0.934421
-0.359973 0.0799939 -0.929527
-0.359973 0.0799939 -0.929527
-0.399916 0.0799833 -0.913055
-0.441337 0.0802432 -0.893746
-0.393313 0.0393313 -0.918563
-0.424609 0.0772017 -0.902079
-0.370451 0.111135 -0.922179
-0.42008 0.152757 -0.894538
-0.370451 0.111135 -0.922179
-0.383187 0.114956 -0.916489
-0.384844 0.0769689 -0.919767
-0.432628 0.0393299 -0.900714
-0.433041 5.30304e-17 -0.901374
-0.38817 0.038817 -0.92077
-0.418926 0.0380842 -0.907221
-0.426972 0.0388156 -0.903431
-0.454519 0.0757531 -0.88751
-0.416702 0.0757641 -0.90588
-0.461681 0.0769468 -0.883703
-0.377718 0.0755435 -0.922834
-0.423273 0.0769588 -0.902728
-0.463137 0.0771895 -0.882919
-0.473496 0.039458 -0.879912
-0.426161 5.2188e-17 -0.904647
-0.388514 4.75777e-17 -0.921443
-0.356523 4.366e-17 -0.934287
-0.394976 4.8369e-17 -0.918691
-0.434057 0.0394597 -0.900021
-0.396137 4.85112e-17 -0.918192
-0.453536 5.55403e-17 -0.891238
-0.444016 0.0403651 -0.895109
-0.494766 6.05894e-17 -0.869026
-0.445651 5.45747e-17 -0.895207
-0.445196 0.0404723 -0.894518
-0.454305 0.0413005 -0.889888
-0.507773 6.21822e-17 -0.861491
-0.507773 6.21822e-17 -0.861491
-0.516702 0.0430585 -0.855082
-0.503398 6.16464e-17 -0.864055
-0.410997 5.0331e-17 -0.911636
-0.417497 0.0417497 -0.907719
-0.40953 5.01513e-17 -0.912297
-0.40953 5.01513e-17 -0.912297
-0.401448 4.91616e-17 -0.915882
-0.368577 4.51362e-17 -0.929597
-0.361303 4.42454e-17 -0.932448
-0.40244 0.040244 -0.914561
-0.410997 5.0331e-17 -0.911636
-0.410997 5.0331e-17 -0.911636
-0.410997 5.0331e-17 -0.911636
-0.410997 5.0331e-17 -0.911636
-0.40953 5.01513e-17 -0.912297
-0.452097 5.53641e-17 -0.891969
-0.452097 5.53641e-17 -0.891969
-0.493197 6.03972e-17 -0.869918
-0.452097 5.53641e-17 -0.891969
-0.442666 0.0402424 -0.895783
-0.434474 5.32059e-17 -0.900684
-0.395769 0.0395769 -0.917497
-0.441151 0.0401047 -0.896536
-0.439838 0.0799706 -0.894509
-0.468833 0.0781389 -0.879824
-0.353993 0.0393325 -0.934421
-0.269989 0.11571 -0.955886
-0.314892 0.0787231 -0.945857
-0.313549 0.117581 -0.942264
-0.320011 0.0800028 -0.94403
-0.398408 0.0796816 -0.913741
-0.398408 0.0796816 -0.913741
-0.406292 0.0812585 -0.910123
-0.326401 0.0816002 -0.941703
-0.276358 0.0789595 -0.957806
-0.314892 0.0787231 -0.945857
-0.393526 0.0787052 -0.915938
-0.433143 0.157507 -0.887456
-0.39545 0.15818 -0.904764
-0.433143 0.157507 -0.887456
-0.393997 0.157599 -0.905499
-0.318597 0.119474 -0.940331
-0.362441 0.120814 -0.924143
-0.355533 0.118511 -0.92712
-0.402588 0.120776 -0.907379
-0.402588 0.120776 -0.907379
-0.396548 0.118964 -0.910273
-0.398408 0.0796816 -0.913741
-0.396548 0.118964 -0.910273
-0.35152 0.117173 -0.928819
-0.371327 0.185664 -0.90975
-0.418792 0.152288 -0.895221
-0.433143 0.157507 -0.887456
-0.398408 0.0796816 -0.913741
-0.392239 0.0784478 -0.916512
-0.427845 0.116685 -0.896289
-0.436054 0.118924 -0.892028
-0.382085 0.152834 -0.911402
-0.35152 0.117173 -0.928819
-0.341791 0.151907 -0.927417
-0.382085 0.152834 -0.911402
-0.38091 0.152364 -0.911972
-0.37961 0.151844 -0.9126
-0.38091 0.152364 -0.911972
-0.35152 0.117173 -0.928819
-0.427845 0.116685 -0.896289
-0.383187 0.114956 -0.916489
-0.390473 0.117142 -0.913131
-0.390473 0.117142 -0.913131
-0.398032 0.11941 -0.909567
-0.392239 0.0784478 -0.916512
-0.432815 0.0786937 -0.898041
-0.353058 0.0784573 -0.932306
-0.392239 0.0784478 -0.916512
-0.398032 0.11941 -0.909567
-0.35152 0.117173 -0.928819
-0.35152 0.117173 -0.928819
-0.391741 0.117522 -0.912539
-0.390473 0.117142 -0.913131
-0.35152 0.117173 -0.928819
-0.35152 0.117173 -0.928819
-0.312532 0.1172 -0.942649
-0.312532 0.1172 -0.942649
-0.313549 0.117581 -0.942264
-0.300322 0.150161 -0.941944
-0.259365 0.148209 -0.954339
-0.192901 0.115741 -0.974368
-0.235924 0.117962 -0.964585
-0.321104 0.080276 -0.943636
-0.279773 0.119903 -0.952549
-0.314892 0.0787231 -0.945857
-0.353058 0.0784573 -0.932306
-0.344953 0.114984 -0.93155
-0.353058 0.0784573 -0.932306
-0.383187 0.114956 -0.916489
-0.421384 0.114923 -0.899571
-0.38606 0.077212 -0.919237
-0.398032 0.11941 -0.909567
-0.359973 0.0799939 -0.929527
-0.40128 0.0802561 -0.912432
-0.361201 0.0802669 -0.929027
-0.361201 0.0802669 -0.929027
-0.358334 0.119445 -0.925921
-0.390816 0.0781631 -0.917144
-0.398032 0.11941 -0.909567
-0.398032 0.11941 -0.909567
-0.353058 0.0784573 -0.932306
-0.399916 0.0799833 -0.913055
-0.390473 0.117142 -0.913131
-0.398032 0.11941 -0.909567
-0.392239 0.0784478 -0.916512
-0.390816 0.0781631 -0.917144
-0.35713 0.0793623 -0.930677
-0.365177 0.0405753 -0.930053
-0.364142 0.0809205 -0.927821
-0.35713 0.0793623 -0.930677
-0.396761 0.0793521 -0.914486
-0.396761 0.0793521 -0.914486
-0.438181 0.0796692 -0.895349
-0.399916 0.0799833 -0.913055
-0.398408 0.0796816 -0.913741
-0.398408 0.0796816 -0.913741
-0.359973 0.0799939 -0.929527
-0.399916 0.0799833 -0.913055
-0.399916 0.0799833 -0.913055
-0.398408 0.0796816 -0.913741
-0.407892 0.0815784 -0.909378
-0.358334 0.119445 -0.925921
-0.398032 0.11941 -0.909567
-0.439838 0.0799706 -0.894509
-0.439838 0.0799706 -0.894509
-0.439838 0.0799706 -0.894509
-0.439838 0.0799706 -0.894509
-0.439838 0.0799706 -0.894509
-0.431401 0.0784365 -0.898744
-0.460967 0.115242 -0.879903
-0.457996 0.152665 -0.875747
-0.415548 0.188885 -0.889743
-0.403926 0.146882 -0.902923
-0.33775 0.150111 -0.929189
-0.303922 0.151961 -0.9405
-0.38355 0.15342 -0.910687
-0.381807 0.152723 -0.911537
-0.345346 0.153487 -0.925839
-0.384102 0.115231 -0.916072
-0.34738 0.115793 -0.930548
-0.355533 0.118511 -0.92712
-0.364142 0.0809205 -0.927821
-0.398408 0.0796816 -0.913741
-0.431401 0.0784365 -0.898744
-0.374905 0.112471 -0.920215
-0.384844 0.0769689 -0.919767
-0.394612 0.0394612 -0.918
-0.385852 0.0385852 -0.921754
-0.393313 0.0393313 -0.918563
-0.378302 0.11349 -0.918699
-0.375129 0.150052 -0.914747
-0.412451 0.149982 -0.898549
-0.375129 0.150052 -0.914747
-0.387539 0.116262 -0.914493
-0.39241 0.156964 -0.906298
-0.382212 0.191106 -0.904097
-0.351791 0.156351 -0.922929
-0.349079 0.193933 -0.916806
-0.358466 0.159318 -0.919848
-0.358466 0.159318 -0.919848
-0.322291 0.201432 -0.924962
-0.363525 0.161567 -0.917467
-0.372557 0.165581 -0.913118
-0.331334 0.165667 -0.928855
-0.405753 0.162301 -0.899457
-0.35334 0.15704 -0.92222
-0.39241 0.156964 -0.906298
-0.393997 0.157599 -0.905499
-0.433143 0.157507 -0.887456
-0.437684 0.119368 -0.89117
-0.446845 0.0812446 -0.890915
-0.438181 0.0796692 -0.895349
-0.438181 0.0796692 -0.895349
-0.444926 0.0808956 -0.891906
-0.437684 0.119368 -0.89117
-0.390473 0.117142 -0.913131
-0.355533 0.118511 -0.92712
-0.393997 0.157599 -0.905499
-0.386676 0.154671 -0.909153
-0.338067 0.187815 -0.922191
-0.345346 0.153487 -0.925839
-0.312828 0.156414 -0.936842
-0.349079 0.193933 -0.916806
-0.342791 0.190439 -0.919906
-0.342791 0.190439 -0.919906
-0.339756 0.226504 -0.912832
-0.38926 0.19463 -0.900331
-0.345346 0.153487 -0.925839
-0.312828 0.156414 -0.936842
-0.365384 0.162393 -0.916582
-0.365384 0.162393 -0.916582
-0.35334 0.15704 -0.92222
-0.390805 0.195402 -0.899494
-0.39241 0.156964 -0.906298
-0.35334 0.15704 -0.92222
-0.39241 0.156964 -0.906298
-0.375399 0.187699 -0.907659
-0.336711 0.187062 -0.92284
-0.331843 0.2581 -0.907339
-0.339756 0.226504 -0.912832
-0.382176 0.229306 -0.895187
-0.392894 0.196447 -0.898356
-0.389052 0.233431 -0.89115
-0.382176 0.229306 -0.895187
-0.355584 0.197547 -0.913529
-0.350589 0.194772 -0.916052
-0.350589 0.194772 -0.916052
-0.385175 0.15407 -0.909892
-0.439619 0.159862 -0.883843
-0.404306 0.121292 -0.906546
-0.433143 0.157507 -0.887456
-0.434273 0.118438 -0.892961
-0.434736 0.158086 -0.886574
-0.437684 0.119368 -0.89117
-0.475502 0.118876 -0.871646
-0.427845 0.116685 -0.896289
-0.429509 0.195231 -0.881707
-0.399905 0.159962 -0.90249
-0.402588 0.120776 -0.907379
-0.405753 0.162301 -0.899457
-0.407675 0.16307 -0.898448
-0.399905 0.159962 -0.90249
-0.386676 0.154671 -0.909153
-0.348166 0.154741 -0.924573
-0.38805 0.15522 -0.908473
-0.425116 0.154588 -0.89184
-0.427845 0.116685 -0.896289
-0.390473 0.117142 -0.913131
-0.430777 0.117485 -0.894779
-0.434057 0.0394597 -0.900021
-0.439157 0.11977 -0.890391
-0.432815 0.0786937 -0.898041
-0.439157 0.11977 -0.890391
-0.407892 0.0815784 -0.909378
-0.394672 0.0789344 -0.915425
-0.395769 0.0395769 -0.917497
-0.441337 0.0802432 -0.893746
-0.441337 0.0802432 -0.893746
-0.439157 0.11977 -0.890391
-0.431401 0.0784365 -0.898744
-0.398032 0.11941 -0.909567
-0.430777 0.117485 -0.894779
-0.389071 0.116721 -0.913783
-0.393997 0.157599 -0.905499
-0.429509 0.195231 -0.881707
-0.383676 0.191838 -0.903322
-0.357181 0.198434 -0.912714
-0.398185 0.199093 -0.895439
-0.393997 0.157599 -0.905499
-0.345544 0.191969 -0.918557
-0.336383 0.224255 -0.914635
-0.376786 0.188393 -0.90694
-0.376786 0.188393 -0.90694
-0.378054 0.189027 -0.90628
-0.310704 0.155352 -0.937725
-0.390473 0.117142 -0.913131
-0.436175 0.158609 -0.885773
-0.437684 0.119368 -0.89117
-0.475486 0.158495 -0.865328
-0.473922 0.157974 -0.866281
-0.469748 0.195728 -0.860829
-0.431056 0.195935 -0.880795
-0.431056 0.195935 -0.880795
-0.443145 0.161144 -0.881848
-0.437584 0.198902 -0.876903
-0.481225 0.160408 -0.861796
-0.44146 0.160531 -0.882804
-0.431056 0.195935 -0.880795
-0.427984 0.15563 -0.890286
-0.436175 0.158609 -0.885773
-0.392219 0.196109 -0.898724
-0.389071 0.116721 -0.913783
-0.405879 0.121764 -0.905779
-0.41236 0.123708 -0.902583
-0.414029 0.124209 -0.901749
-0.40934 0.0818679 -0.908702
-0.399916 0.0799833 -0.913055
-0.399375 0.119812 -0.908925
-0.360622 0.120207 -0.924933
-0.441337 0.0802432 -0.893746
-0.359973 0.0799939 -0.929527
-0.393526 0.0787052 -0.915938
-0.432815 0.0786937 -0.898041
-0.399916 0.0799833 -0.913055
-0.429836 0.078152 -0.899518
-0.393313 0.0393313 -0.918563
-0.431048 0.0391862 -0.901477
-0.346399 0.0769774 -0.934924
-0.383499 0.0766999 -0.920351
-0.351776 0.0781724 -0.932814
-0.353058 0.0784573 -0.932306
-0.346399 0.0769774 -0.934924
-0.383187 0.114956 -0.916489
-0.393526 0.0787052 -0.915938
-0.361201 0.0802669 -0.929027
-0.393526 0.0787052 -0.915938
-0.354217 0.0787149 -0.931845
-0.393526 0.0787052 -0.915938
-0.430777 0.117485 -0.894779
-0.430777 0.117485 -0.894779
-0.399916 0.0799833 -0.913055
-0.432815 0.0786937 -0.898041
-0.436054 0.118924 -0.892028
-0.465107 0.155036 -0.871573
-0.436175 0.158609 -0.885773
-0.436175 0.158609 -0.885773
-0.473922 0.157974 -0.866281
-0.434736 0.158086 -0.886574
-0.443145 0.161144 -0.881848
-0.443145 0.161144 -0.881848
-0.434736 0.158086 -0.886574
-0.446297 0.121717 -0.886569
-0.450194 0.0818534 -0.889171
-0.47888 0.11972 -0.869679
-0.450194 0.0818534 -0.889171
-0.411884 0.0411884 -0.910305
-0.482822 0.0804703 -0.872014
-0.439157 0.11977 -0.890391
-0.439838 0.0799706 -0.894509
-0.429836 0.078152 -0.899518
-0.35152 0.117173 -0.928819
-0.356084 0.158259 -0.920955
-0.355533 0.118511 -0.92712
-0.354773 0.157677 -0.921561
-0.35334 0.15704 -0.92222
-0.387539 0.116262 -0.914493
-0.346812 0.154139 -0.925183
-0.35152 0.117173 -0.928819
-0.356084 0.158259 -0.920955
-0.348166 0.154741 -0.924573
-0.390473 0.117142 -0.913131
-0.38805 0.15522 -0.908473
-0.386676 0.154671 -0.909153
-0.390473 0.117142 -0.913131
-0.342964 0.152428 -0.926899
-0.335636 0.149172 -0.930106
-0.330743 0.146997 -0.932202
-0.409368 0.186076 -0.893193
-0.371406 0.111422 -0.921761
-0.368414 0.147366 -0.917908
-0.34055 0.113517 -0.933349
-0.356203 0.0395781 -0.93357
-0.394612 0.0394612 -0.918
-0.361201 0.0802669 -0.929027
-0.394612 0.0394612 -0.918
-0.392239 0.0784478 -0.916512
-0.442666 0.0402424 -0.895783
-0.441337 0.0802432 -0.893746
-0.40244 0.040244 -0.914561
-0.40128 0.0802561 -0.912432
-0.360969 0.0401076 -0.931715
-0.384844 0.0769689 -0.919767
-0.344953 0.114984 -0.93155
-0.429836 0.078152 -0.899518
-0.344953 0.114984 -0.93155
-0.38091 0.152364 -0.911972
-0.426623 0.155136 -0.891025
-0.417919 0.189963 -0.888402
-0.457996 0.152665 -0.875747
-0.427984 0.15563 -0.890286
-0.429509 0.195231 -0.881707
-0.35334 0.15704 -0.92222
-0.354773 0.157677 -0.921561
-0.396548 0.118964 -0.910273
-0.318597 0.119474 -0.940331
-0.353058 0.0784573 -0.932306
-0.352662 0.117554 -0.928337
-0.31581 0.0789526 -0.945532
-0.309779 0.0774447 -0.947649
-0.34055 0.113517 -0.933349
-0.33862 0.112873 -0.934129
-0.339641 0.113214 -0.933717
-0.377293 0.113188 -0.919151
-0.377293 0.113188 -0.919151
-0.344953 0.114984 -0.93155
-0.381861 0.114558 -0.917092
-0.389071 0.116721 -0.913783
-0.396548 0.118964 -0.910273
-0.389071 0.116721 -0.913783
-0.37961 0.151844 -0.9126
-0.386676 0.154671 -0.909153
-0.42347 0.153989 -0.892727
-0.425116 0.154588 -0.89184
-0.427845 0.116685 -0.896289
-0.425116 0.154588 -0.89184
-0.436054 0.118924 -0.892028
-0.468833 0.0781389 -0.879824
-0.439838 0.0799706 -0.894509
-0.439838 0.0799706 -0.894509
-0.439838 0.0799706 -0.894509
-0.441151 0.0401047 -0.896536
-0.453536 5.55403e-17 -0.891238
-0.482885 0.0402404 -0.874759
-0.441337 0.0802432 -0.893746
-0.441337 0.0802432 -0.893746
-0.399916 0.0799833 -0.913055
-0.359973 0.0799939 -0.929527
-0.353058 0.0784573 -0.932306
-0.359973 0.0799939 -0.929527
-0.361201 0.0802669 -0.929027
-0.313861 0.0784653 -0.946221
-0.319674 0.119878 -0.939914
-0.35152 0.117173 -0.928819
-0.35152 0.117173 -0.928819
-0.396763 0.158705 -0.904097
-0.396763 0.158705 -0.904097
-0.389291 0.155717 -0.907857
-0.389291 0.155717 -0.907857
-0.396763 0.158705 -0.904097
-0.390473 0.117142 -0.913131
-0.434736 0.158086 -0.886574
-0.398032 0.11941 -0.909567
-0.437684 0.119368 -0.89117
-0.439157 0.11977 -0.890391
-0.44047 0.120128 -0.889694
-0.439157 0.11977 -0.890391
-0.37071 0.04119 -0.927835
-0.441337 0.0802432 -0.893746
-0.399916 0.0799833 -0.913055
-0.399916 0.0799833 -0.913055
-0.398408 0.0796816 -0.913741
-0.438181 0.0796692 -0.895349
-0.407502 0.0407502 -0.912295
-0.35713 0.0793623 -0.930677
-0.364142 0.0809205 -0.927821
-0.364142 0.0809205 -0.927821
-0.350256 0.116752 -0.929349
-0.389071 0.116721 -0.913783
-0.390473 0.117142 -0.913131
-0.398032 0.11941 -0.909567
-0.433143 0.157507 -0.887456
-0.389071 0.116721 -0.913783
-0.359544 0.119848 -0.9254
-0.357269 0.158786 -0.920405
-0.314892 0.0787231 -0.945857
-0.309251 0.115969 -0.943883
-0.276358 0.0789595 -0.957806
-0.275894 0.11824 -0.953888
-0.232886 0.116443 -0.965508
-0.194096 0.116457 -0.974045
-0.151579 0.151579 -0.976754
-0.119517 0.0796782 -0.98963
-0.121304 0.121304 -0.985175
-0.121411 0.0809405 -0.989297
-0.121635 0.08109 -0.989257
-0.123598 0.123598 -0.984605
-0.165505 0.0827526 -0.982731
-0.201844 0.121106 -0.971901
-0.241735 0.120868 -0.962785
-0.240568 0.120284 -0.96315
-0.319674 0.119878 -0.939914
-0.398032 0.11941 -0.909567
-0.475502 0.118876 -0.871646
-0.437684 0.119368 -0.89117
-0.446297 0.121717 -0.886569
-0.47888 0.11972 -0.869679
-0.469759 0.11744 -0.874948
-0.508674 0.117386 -0.852919
-0.466586 0.155529 -0.870694
-0.439157 0.11977 -0.890391
-0.401616 0.120485 -0.907848
-0.401616 0.120485 -0.907848
-0.400571 0.120171 -0.908351
-0.44047 0.120128 -0.889694
-0.39287 0.117861 -0.91201
-0.47208 0.07868 -0.878038
-0.52136 0.0802093 -0.849559
-0.441337 0.0802432 -0.893746
-0.442673 0.080486 -0.893064
-0.362296 0.0805102 -0.92858
-0.357113 0.0396792 -0.933218
-0.322928 0.0807321 -0.942974
-0.323813 0.0404766 -0.945255
-0.282592 0.0403703 -0.95839
-0.242227 0.0403711 -0.969379
-0.281733 0.0402475 -0.958648
-0.327561 0.0818902 -0.941275
-0.314892 0.0787231 -0.945857
-0.269467 0.0769907 -0.959927
-0.278095 0.158912 -0.947317
-0.23448 0.11724 -0.965025
-0.277169 0.158382 -0.947677
-0.238438 0.158959 -0.95806
-0.198083 0.158467 -0.967291
-0.198747 0.158997 -0.967068
-0.194348 0.155479 -0.968532
-0.194348 0.155479 -0.968532
-0.162557 0.121918 -0.979138
-0.121928 0.121928 -0.985021
-0.122443 0.0816285 -0.989113
-0.124939 0.0832926 -0.988662
-0.0819213 0.0819213 -0.993266
-0.0821803 0.0821803 -0.993223
-0.118399 0.0394664 -0.992181
-0.0807459 0.0403729 -0.995917
-0.0403731 0.0403731 -0.998369
-0.0404805 0.0404805 -0.99836
-0.0403731 0.0403731 -0.998369
-0.0403731 0.0403731 -0.998369
-0.0397151 4.86353e-18 -0.999211
-0.081211 9.94514e-18 -0.996697
-0.121715 0.0405715 -0.991736
-0.0811436 0.0405718 -0.995876
-0.121541 1.4884e-17 -0.992586
-0.15886 1.94541e-17 -0.987301
-0.15886 1.94541e-17 -0.987301
-0.198413 0.0396825 -0.979315
-0.237682 2.91067e-17 -0.971343
-0.232923 0.0388205 -0.97172
-0.305294 0.0763236 -0.949194
-0.350044 0.0777875 -0.933498
-0.271741 0.0776403 -0.959233
-0.271078 0.0774509 -0.959436
-0.27706 0.03958 -0.960037
-0.27032 0.0772342 -0.959668
-0.275555 0.0787299 -0.958056
-0.314892 0.0787231 -0.945857
-0.358334 0.119445 -0.925921
-0.396548 0.118964 -0.910273
-0.363989 0.12133 -0.923467
-0.362441 0.120814 -0.924143
-0.314208 0.157104 -0.936265
-0.308393 0.154197 -0.938678
-0.304873 0.190545 -0.933137
-0.33932 0.188511 -0.921589
-0.350589 0.194772 -0.916052
-0.350256 0.116752 -0.929349
-0.37961 0.151844 -0.9126
-0.311475 0.0778688 -0.947058
-0.396548 0.118964 -0.910273
-0.398408 0.0796816 -0.913741
-0.36822 0.0409133 -0.928838
-0.40244 0.040244 -0.914561
-0.362209 0.0402454 -0.931228
-0.348468 0.0774372 -0.934117
-0.394672 0.0789344 -0.915425
-0.356203 0.0395781 -0.93357
-0.348468 0.0774372 -0.934117
-0.387142 0.0774284 -0.918763
-0.347493 0.0772207 -0.934497
-0.349363 0.0388181 -0.936183
-0.384385 0.115316 -0.915942
-0.346399 0.0769774 -0.934924
-0.347493 0.0772207 -0.934497
-0.353058 0.0784573 -0.932306
-0.383187 0.114956 -0.916489
-0.42008 0.152757 -0.894538
-0.372413 0.186206 -0.909195
-0.40218 0.182809 -0.897124
-0.329449 0.183027 -0.926264
-0.364479 0.255135 -0.895579
-0.376786 0.188393 -0.90694
-0.346812 0.154139 -0.925183
-0.406292 0.0812585 -0.910123
-0.41236 0.123708 -0.902583
-0.402588 0.120776 -0.907379
-0.358614 0.079692 -0.930078
-0.399916 0.0799833 -0.913055
-0.352662 0.117554 -0.928337
-0.441337 0.0802432 -0.893746
-0.403668 0.0403668 -0.914015
-0.356203 0.0395781 -0.93357
-0.363313 0.0403682 -0.930792
-0.356523 4.366e-17 -0.934287
-0.39678 0.039678 -0.917056
-0.357113 0.0396792 -0.933218
-0.363313 0.0403682 -0.930792
-0.355479 4.35321e-17 -0.934684
-0.355479 4.35321e-17 -0.934684
-0.34838 0.0387089 -0.936554
-0.347493 0.0772207 -0.934497
-0.387078 0.0387078 -0.921234
-0.34838 0.0387089 -0.936554
-0.346399 0.0769774 -0.934924
-0.307649 0.115368 -0.94448
-0.346032 0.115344 -0.931105
-0.306688 0.115008 -0.944836
-0.350256 0.116752 -0.929349
-0.312721 0.0781803 -0.946622
-0.310704 0.155352 -0.937725
-0.348166 0.154741 -0.924573
-0.386676 0.154671 -0.909153
-0.385175 0.15407 -0.909892
-0.385533 0.23132 -0.893227
-0.342191 0.266148 -0.90115
-0.343607 0.26725 -0.900284
-0.342191 0.266148 -0.90115
-0.337632 0.262603 -0.903905
-0.36961 0.258727 -0.89244
-0.417672 0.227821 -0.879572
-0.342964 0.152428 -0.926899
-0.348875 0.116292 -0.929926
-0.352662 0.117554 -0.928337
-0.355162 0.0394624 -0.933972
-0.355162 0.0394624 -0.933972
-0.310552 0.038819 -0.949763
-0.350524 4.29254e-17 -0.936554
-0.350221 0.0389135 -0.935858
-0.349663 4.28199e-17 -0.936876
-0.316909 3.88089e-17 -0.948456
-0.350524 4.29254e-17 -0.936554
-0.357436 4.37718e-17 -0.933938
-0.437388 0.0397626 -0.898393
-0.405137 4.96134e-17 -0.914256
-0.436441 0.0396764 -0.898858
-0.474652 0.0791087 -0.876611
-0.475674 0.079279 -0.876042
-0.445654 0.081028 -0.891531
-0.478644 0.039887 -0.877103
-0.48607 0.0810117 -0.870157
-0.486768 0.0811279 -0.869756
-0.447029 0.0812781 -0.890819
-0.484965 0.121241 -0.866088
-0.437921 0.079622 -0.895481
-0.477927 0.0796545 -0.874781
-0.477927 0.0796545 -0.874781
-0.439477 0.0399524 -0.897365
-0.447121 0.0812948 -0.890771
-0.373416 0.0829813 -0.923945
-0.319715 0.0399644 -0.94667
-0.326227 0.0407783 -0.944412
-0.24908 0.0830265 -0.964918
-0.163092 0.040773 -0.985768
-0.0815473 0.0407737 -0.995835
-0.0416215 0.0416215 -0.998266
0 0 0
0.0812092 0.0812092 -0.993383
0.121635 0.08109 -0.989257
0.165187 0.0825937 -0.982798
0.207977 0.166382 -0.963879
0.251124 0.125562 -0.959777
0.245394 0.122697 -0.961627
0.290978 0.166273 -0.94217
0.330418 0.165209 -0.929263
0.370198 0.164532 -0.914266
0.370198 0.164532 -0.914266
0.366998 0.203888 -0.907602
0.404306 0.121292 -0.906546
0.44767 0.203487 -0.870738
0.450081 0.163666 -0.877861
0.445942 0.202701 -0.871807
0.459023 0.166917 -0.872603
0.404101 0.20205 -0.89212
0.500286 0.166762 -0.84965
0.500286 0.166762 -0.84965
0.487747 0.203228 -0.849
0.487747 0.203228 -0.849
0.539669 0.207565 -0.815889
0.500604 0.208585 -0.840171
0.525918 0.242731 -0.815164
0.533642 0.205247 -0.820427
0.548909 0.168895 -0.818641
0.525918 0.242731 -0.815164
0.570796 0.203856 -0.795384
0.583385 0.208352 -0.785017
0.524566 0.242107 -0.81622
0.583385 0.208352 -0.785017
0.603763 0.172504 -0.778275
0.535882 0.24733 -0.807254
0.541378 0.208222 -0.814588
0.594836 0.212441 -0.775267
-0.199635 0.199635 -0.959318
-0.205204 0.164163 -0.964853
-0.206478 0.123887 -0.970577
-0.209201 0.167361 -0.963445
-0.204988 0.163991 -0.964928
-0.209201 0.167361 -0.963445
-0.204988 0.163991 -0.964928
-0.204988 0.163991 -0.964928
-0.205204 0.164163 -0.964853
-0.206478 0.123887 -0.970577
-0.164199 0.164199 -0.972665
-0.212014 0.212014 -0.953992
-0.205204 0.164163 -0.964853
-0.203602 0.203602 -0.957649
-0.203602 0.203602 -0.957649
-0.163037 0.203796 -0.965342
-0.158433 0.237649 -0.958343
-0.158433 0.237649 -0.958343
-0.194234 0.23308 -0.952863
-0.228543 0.228543 -0.946328
-0.195928 0.195928 -0.960846
-0.199794 0.199794 -0.959252
-0.199754 0.199754 -0.959269
-0.246383 0.164256 -0.955152
-0.166348 0.207935 -0.963894
-0.166348 0.207935 -0.963894
-0.16983 0.212287 -0.962337
-0.126035 0.252069 -0.959467
0 0 0
0 0 0
0.039519 0.237114 -0.970678
0.0406544 0.203272 -0.978278
0.0809667 0.202417 -0.975947
0.118055 0.236111 -0.964528
0.119088 0.19848 -0.972843
0.116833 0.194721 -0.973876
0.156514 0.23477 -0.959368
0.113473 0.226946 -0.967274
0.157881 0.197351 -0.967536
0.158344 0.19793 -0.967342
0.121219 0.161626 -0.979379
0.162164 0.162164 -0.973348
0.16413 0.205162 -0.964868
0.162164 0.162164 -0.973348
0.162164 0.162164 -0.973348
0.117041 0.234082 -0.965146
0.162026 0.243038 -0.956389
0.161399 0.242098 -0.956733
0.162026 0.243038 -0.956389
0.160397 0.200496 -0.966475
0.20196 0.161568 -0.965975
0.197294 0.197294 -0.960287
0.236666 0.197222 -0.951364
0.235889 0.196574 -0.95169
0.235889 0.196574 -0.95169
0.275986 0.197133 -0.940729
0.235889 0.196574 -0.95169
0.242289 0.161526 -0.956664
0.298802 0.170744 -0.938916
0.298802 0.170744 -0.938916
0.252124 0.168083 -0.952986
0.246125 0.164083 -0.955248
0.204261 0.163409 -0.965181
0.234765 0.15651 -0.95937
0.231428 0.154286 -0.96054
0.196549 0.157239 -0.967804
0.195682 0.156546 -0.968092
0.234091 0.195076 -0.952442
0.195682 0.156546 -0.968092
0.238063 0.158709 -0.958195
0.195682 0.156546 -0.968092
0.234091 0.195076 -0.952442
0.194297 0.194297 -0.961508
0.194297 0.194297 -0.961508
0.192898 0.154318 -0.969008
0.193655 0.154924 -0.96876
0.188824 0.188824 -0.963686
0.222481 0.185401 -0.957146
0.227984 0.189986 -0.95495
0.225358 0.150238 -0.962623
0.235244 0.117622 -0.964793
0.240568 0.120284 -0.96315
0.200502 0.120301 -0.972279
0.235244 0.117622 -0.964793
0.195425 0.117255 -0.973684
0.238438 0.158959 -0.95806
0.156356 0.117267 -0.980715
0.159397 0.119548 -0.979949
0.235244 0.117622 -0.964793
0.199225 0.119535 -0.972636
0.204778 0.0819112 -0.975375
0.203888 0.122333 -0.971321
0.245717 0.0819055 -0.965875
0.245717 0.0819055 -0.965875
0.245717 0.0819055 -0.965875
0.245717 0.0819055 -0.965875
0.245717 0.0819055 -0.965875
0.244629 0.122314 -0.961871
0.195425 0.117255 -0.973684
0.18392 0.147136 -0.971866
0.21388 0.21388 -0.953158
0.192992 0.192992 -0.962034
0.224454 0.187045 -0.956365
0.234586 0.156391 -0.959433
0.270643 0.11599 -0.955666
0.309251 0.115969 -0.943883
0.276358 0.0789595 -0.957806
0.241198 0.120599 -0.962953
0.237498 0.0791659 -0.968157
0.27706 0.0791601 -0.957586
0.317296 0.079324 -0.945003
0.283747 0.0810707 -0.955466
0.283225 0.0809213 -0.955634
0.24342 0.0405699 -0.969072
0.201879 0.0807516 -0.976076
0.0821803 0.0821803 -0.993223
0.0396443 0.118933 -0.992111
-0.0356008 0.0712017 -0.996826
-0.142464 0.071232 -0.987234
-0.152697 0.114523 -0.981615
-0.224745 0.112372 -0.967917
-0.266546 0.114234 -0.957029
-0.298478 0.111929 -0.94783
-0.301811 0.150905 -0.941349
-0.296339 0.148169 -0.94352
-0.259365 0.148209 -0.954339
-0.296898 0.148449 -0.9433
-0.340085 0.151149 -0.928168
-0.337998 0.0751107 -0.938145
-0.401111 0.145858 -0.904343
-0.401576 0.146028 -0.904109
-0.394965 0.215435 -0.893079
-0.358218 0.214931 -0.908562
-0.366769 0.183385 -0.912058
-0.407774 0.148281 -0.900962
-0.407774 0.148281 -0.900962
-0.371439 0.148576 -0.916492
-0.377718 0.151087 -0.913511
-0.37553 0.187765 -0.907591
-0.372216 0.223329 -0.900877
-0.408402 0.14851 -0.90064
-0.368809 0.184404 -0.91103
-0.337653 0.187585 -0.922389
-0.312181 0.195113 -0.929771
-0.234895 0.195746 -0.952107
-0.156787 0.195984 -0.967992
-0.113202 0.188669 -0.975494
-0.0376612 0.188306 -0.981388
0.0377689 0.151075 -0.9878
0.0771773 0.115766 -0.990274
0.115438 0.115438 -0.986584
0.117658 0.117658 -0.986059
0.115438 0.115438 -0.986584
0.117276 0.117276 -0.986151
0.114837 0.153116 -0.981513
0.15029 0.15029 -0.977152
0.153907 0.11543 -0.98132
0.153907 0.11543 -0.98132
0.153907 0.11543 -0.98132
