87
1 0.0237514 0.0177572 0.0237514 0.0177572
2 0.0094178 0.00578109 -0.0143336 -0.0119761
3 0.0386645 0.0414791 0.0292467 0.035698
4 0.00918913 0.00948889 -0.0294754 -0.0319902
5 0.0121301 0.0408952 0.00294093 0.0314063
6 0.0110897 0.0181038 -0.00104033 -0.0227915
7 0.00560367 0.0197179 -0.00548607 0.00161411
8 0.00189273 0.0446627 -0.00371093 0.0249448
9 0.0177965 0.0554526 0.0159037 0.0107899
10 0.00331913 0.0361431 -0.0144773 -0.0193095
11 0.0346263 0.00066932 0.0313071 -0.0354738
12 0.0127779 0.0045214 -0.0218484 0.00385208
13 0.00603167 0.00284785 -0.0067462 -0.00167355
14 0.00392613 0.00441989 -0.00210553 0.00157203
15 0.0218645 0.0453019 0.0179383 0.040882
16 0.0270907 0.0260195 0.0052262 -0.0192823
17 0.0042566 0.072538 -0.0228341 0.0465185
18 0.0454965 0.0415929 0.0412399 -0.0309451
19 0.0483118 0.00494604 0.00281527 -0.0366469
20 0.0098936 0.0275033 -0.0384182 0.0225573
21 0.0494705 0.0290672 0.0395769 0.00156389
22 0.0529489 0.0231467 0.0034784 -0.0059205
23 0.0342277 0.0176687 -0.0187212 -0.00547799
24 0.115373 0.0646129 0.0811457 0.0469442
25 0.0284085 0.0587458 -0.0869649 -0.0058671
26 0.110988 0.0806689 0.0825798 0.0219231
27 0.0483323 0.0359877 -0.062656 -0.0446813
28 0.00866776 0.0558778 -0.0396646 0.0198902
29 0.100642 0.126819 0.0919742 0.0709408
30 0.0030484 0.122987 -0.0975936 -0.00383152
31 0.00292827 0.0113198 -0.000120133 -0.111667
32 0.0252795 0.104186 0.0223512 0.0928657
33 0.00831733 0.0215461 -0.0169621 -0.0826394
34 0.0510869 0.00229472 0.0427696 -0.0192514
35 0.0125699 0.00918215 -0.0385171 0.00688743
36 0.0496799 0.0413864 0.0371101 0.0322043
37 0.0529251 0.0368629 0.0032452 -0.00452347
38 0.000661733 0.0666989 -0.0522634 0.0298359
39 0.0570401 0.00722807 0.0563783 -0.0594708
40 0.0116241 0.0386785 -0.0454159 0.0314504
41 0.0821471 0.0974832 0.070523 0.0588047
42 0.0103314 0.0760627 -0.0718157 -0.0214204
43 0.0111471 0.0415484 0.000815667 -0.0345143
44 0.132859 0.0446406 0.121712 0.00309222
45 0.0978722 9.06e-05 -0.0349865 -0.04455
46 0.018051 0.00497603 -0.0798212 0.00488543
47 0.0728684 0.0252966 0.0548174 0.0203206
48 0.024945 0.0384732 -0.0479234 0.0131766
49 0.0251413 0.0119824 0.000196333 -0.0264908
50 0.0242011 0.0164156 -0.0009402 0.00443315
51 0.147705 0.00582847 0.123504 -0.0105871
52 0.0191136 0.0673011 -0.128592 0.0614726
53 0.0156083 0.0459078 -0.00350533 -0.0213933
54 0.177908 0.825074 0.1623 0.779166
55 0.00725413 0.0458587 -0.170654 -0.779216
56 0.0274276 0.0406845 0.0201735 -0.0051742
57 0.420537 0.750508 0.39311 0.709824
58 0.0761946 0.58608 -0.344343 -0.164429
59 0.00212433 0.003001 -0.0740703 -0.583079
60 0.00924873 0.0209457 0.0071244 0.0179447
61 0.0189094 0.0423594 0.00966067 0.0214137
62 0.183474 0.221711 0.164564 0.179352
63 0.169771 0.0829085 -0.0137026 -0.138803
64 0.0778756 0.0347776 -0.0918955 -0.0481309
65 0.0201558 0.00210853 -0.0577198 -0.0326691
66 0.0439181 0.0125412 0.0237623 0.0104327
67 0.0725547 0.224937 0.0286367 0.212396
68 0.0379743 0.0708697 -0.0345805 -0.154067
69 0.0834047 0.460385 0.0454305 0.389515
70 0.0500382 0.145541 -0.0333665 -0.314844
71 0.0181677 0.0647468 -0.0318705 -0.0807939
72 0.0201799 0.00204573 0.00201213 -0.0627011
73 0.168165 0.193864 0.147986 0.191819
74 0.119159 0.0920862 -0.0490064 -0.101778
75 0.0578898 0.0235044 -0.0612693 -0.0685818
76 0.024765 0.00877403 -0.0331248 -0.0147304
77 0.0322692 0.0165789 0.0075042 0.00780485
78 0.008835 0.0426949 -0.0234342 0.026116
79 0.0598401 0.107098 0.0510051 0.0644035
80 0.00878967 0.0354436 -0.0510505 -0.0716549
81 0.0182047 0.0516372 0.00941507 0.0161936
82 0.00172633 0.0186692 -0.0164784 -0.032968
83 0.0362511 0.117065 0.0345247 0.0983962
84 0.000749133 0.0171872 -0.0355019 -0.0998781
85 0.188174 0.0273917 0.187425 0.0102046
86 0.0200979 0.00303803 -0.168077 -0.0243537
87 0.0055252 0.0495734 -0.0145727 0.0465354
