72
1 0.0481086 0.0105934 0.0481086 0.0105934
2 0.006977 0.0196234 -0.0411316 0.00902996
3 0.0255176 0.0217915 0.0185406 0.00216809
4 0.0650541 0.0999155 0.0395365 0.0781241
5 0.0384475 0.0279161 -0.0266067 -0.0719995
6 0.0669221 0.0324452 0.0284747 0.00452913
7 0.0323069 0.0154276 -0.0346153 -0.0170176
8 0.0183867 0.00709861 -0.0139202 -0.00832903
9 0.0801743 0.001677 0.0617877 -0.00542161
10 0.00411887 0.0341294 -0.0760555 0.0324524
11 0.037504 0.00345695 0.0333851 -0.0306724
12 0.0567974 0.0874499 0.0192934 0.0839929
13 0.0152709 0.0225765 -0.0415265 -0.0648734
14 0.0561674 0.0436174 0.0408965 0.0210409
15 0.0255613 0.0807869 -0.0306061 0.0371695
16 0.0512872 0.0758363 0.0257259 -0.00495053
17 0.0753883 0.000489293 0.0241011 -0.075347
18 0.20087 0.292924 0.125482 0.292435
19 0.00701767 0.0003418 -0.193852 -0.292582
20 0.000973133 0.0052642 -0.00604453 0.0049224
21 0.00375127 0.000133733 0.00277813 -0.00513047
22 0.0139378 0.0286057 0.0101865 0.028472
23 0.0032454 0.022198 -0.0106924 -0.00640773
24 0.00574107 0.0164757 0.00249567 -0.00572233
25 0.0256046 0.0572272 0.0198635 0.0407515
26 0.0440553 0.0370152 0.0184507 -0.020212
27 0.0169001 0.0313725 -0.0271553 -0.00564273
28 0.0229418 0.0266374 0.00604173 -0.00473507
29 0.0068122 0.00441027 -0.0161296 -0.0222271
30 0.0383791 0.0760539 0.0315669 0.0716437
31 0.0422417 0.0598563 0.0038626 -0.0161977
32 0.0235465 0.0415367 -0.0186951 -0.0183196
33 0.0600561 0.132137 0.0365096 0.0906003
34 0.0316291 0.0651817 -0.028427 -0.0669553
35 0.0561481 0.116569 0.024519 0.0513872
36 0.0465672 0.16555 -0.00958093 0.0489814
37 0.518553 0.273922 0.471986 0.108372
38 0.0647231 0.0581447 -0.45383 -0.215777
39 0.00368033 0.0287401 -0.0610427 -0.0294046
40 0.0225913 0.00504353 0.018911 -0.0236965
41 0.0071298 0.019029 -0.0154615 0.0139855
42 0.000568067 0.0468465 -0.00656173 0.0278175
43 0.0400984 0.0924792 0.0395303 0.0456327
44 0.0665564 0.108263 0.026458 0.0157837
45 0.0168169 0.00253167 -0.0497395 -0.105731
46 0.0134689 0.0929436 -0.00334793 0.0904119
47 0.0057856 0.0316655 -0.00768333 -0.0612781
48 0.0358315 0.0310931 0.0300459 -0.000572333
49 0.0113091 0.02409 -0.0245225 -0.00700313
50 0.0194419 0.04638 0.0081328 0.02229
51 0.0024746 0.00702527 -0.0169673 -0.0393547
52 0.0095748 0.0241763 0.0071002 0.017151
53 0.019524 0.0518266 0.0099492 0.0276503
54 0.0215642 0.0601029 0.0020402 0.00827633
55 0.0558683 0.137448 0.0343041 0.0773455
56 0.0559282 0.128415 5.99333e-05 -0.009033
57 0.00286007 0.0231273 -0.0530681 -0.105288
58 0.538559 0.409921 0.535699 0.386794
59 0 0 -0.538559 -0.409921
60 0 0 0 0
61 0 0 0 0
62 0 0 0 0
63 0 0 0 0
64 0 0 0 0
65 0 0 0 0
66 0 0 0 0
67 0 0 0 0
68 0 0 0 0
69 0 0 0 0
70 0 0 0 0
71 0 0 0 0
72 0 0 0 0
