79
1 0.0388773 0.00755283 0.0388773 0.00755283
2 0.00779533 0.0183413 -0.031082 0.0107885
3 0.0252073 0.0157526 0.0174119 -0.00258874
4 0.00425127 0.0269072 -0.020956 0.0111547
5 0.0154873 0.0045075 0.0112361 -0.0223997
6 0.0091238 0.0316119 -0.00636353 0.0271044
7 0.0174179 0.00549511 0.00829413 -0.0261167
8 0.0581353 0.0526652 0.0407173 0.04717
9 0.0667265 0.0624996 0.0085912 0.00983445
10 0.0165914 0.057434 -0.0501351 -0.00506557
11 0.088036 0.0637005 0.0714446 0.00626649
12 0.0108067 0.0760792 -0.0772293 0.0123787
13 0.0030298 0.0919803 -0.00777693 0.015901
14 0.00676227 0.0293089 0.00373247 -0.0626714
15 0.0360158 0.0421441 0.0292535 0.0128352
16 0.0407049 0.154524 0.00468907 0.11238
17 0.0703615 0.0294788 0.0296566 -0.125045
18 0.147155 0.0931382 0.0767937 0.0636594
19 0.0114885 0.0409045 -0.135667 -0.0522337
20 0.0366871 0.0374438 0.0251985 -0.00346073
21 0.078682 0.0270456 0.0419949 -0.0103982
22 0.0574109 0.0490095 -0.0212711 0.0219638
23 0.02152 0.0192488 -0.0358909 -0.0297606
24 0.0201085 0.0354451 -0.00141153 0.0161963
25 0.0786597 0.0246403 0.0585512 -0.0108048
26 0.0297027 0.0263681 -0.048957 0.0017278
27 0.0344495 0.0561637 0.0047468 0.0297956
28 0.00979913 0.0423337 -0.0246503 -0.01383
29 0.0025864 0.0678188 -0.00721273 0.025485
30 0.0567293 0.00694325 0.0541429 -0.0608755
31 0.0116717 0.0158721 -0.0450577 0.00892887
32 0.0300602 0.00243541 0.0183885 -0.0134367
33 0.0640361 0.000251413 0.0339759 -0.00218399
34 0.146384 0.0315512 0.0823476 0.0312998
35 0.0289267 0.0928768 -0.117457 0.0613256
36 0.0183039 0.0117726 -0.0106228 -0.0811042
37 0.00116213 0.0132985 -0.0171418 0.00152591
38 0.0141628 0.0380684 0.0130007 0.0247699
39 0.0126151 0.0184353 -0.00154767 -0.0196331
40 0.0510383 0.00297253 0.0384231 -0.0154628
41 0.0527783 0.0612034 0.00174007 0.0582309
42 0.0197891 0.0185534 -0.0329892 -0.04265
43 0.0381504 0.031502 0.0183613 0.0129485
44 0.0520649 0.0614419 0.0139145 0.0299399
45 0.0268167 0.0318569 -0.0252482 -0.029585
46 0.0268902 0.00769183 7.34667e-05 -0.0241651
47 0.0158488 0.021348 -0.0110414 0.0136561
48 0.0021538 0.0276613 -0.013695 0.00631332
49 0.0160407 0.000119 0.0138869 -0.0275423
50 0.0340997 0.00584736 0.0180589 0.00572836
51 0.0205499 0.0273599 -0.0135498 0.0215125
52 0.0323546 0.0270836 0.0118047 -0.00027624
53 0.0354107 0.0660907 0.00305607 0.0390071
54 0.0102986 0.0168366 -0.0251121 -0.0492541
55 0.0798776 0.00428174 0.069579 -0.0125549
56 0.0034674 0.0176905 -0.0764102 0.0134087
57 0.0505371 0.00371334 0.0470697 -0.0139771
58 0.0347214 0.023613 -0.0158157 0.0198996
59 0.0153615 0.0216349 -0.0193599 -0.00197811
60 0.00549993 0.0434638 -0.0098616 0.0218289
61 0.0392231 0.00505723 0.0337231 -0.0384065
62 0.0240129 0.0388177 -0.0152101 0.0337605
63 0.0402826 0.0191647 0.0162697 -0.019653
64 0.0277976 0.0387581 -0.012485 0.0195934
65 0.0416797 0.00022314 0.0138821 -0.0385349
66 0.0102033 0.052323 -0.0314764 0.0520999
67 0.183459 0.0106836 0.173256 -0.0416394
68 0.0400271 0.0500519 -0.143432 0.0393683
69 0.0812839 0.100634 0.0412568 0.050582
70 0.0492626 0.00663893 -0.0320213 -0.093995
71 0.0143628 0.0690405 -0.0348998 0.0624015
72 0.0078188 0.0595426 -0.006544 -0.00949792
73 0.162372 0.13173 0.154553 0.072187
74 0.0419416 0.0989769 -0.120431 -0.0327526
75 0.0302225 0.0273597 -0.0117191 -0.0716172
76 0.0765446 0.0861965 0.0463221 0.0588368
77 0.0229182 0.0207365 -0.0536264 -0.06546
78 0.00043776 0.0300242 -0.0224804 0.00928771
79 0.0117009 0.0404325 0.0112632 0.0104082
