40
1 0.0430999 0.0417998 0.0430999 0.0417998
2 0.180723 0.012999 0.137623 -0.0288008
3 0.172017 0.0810932 -0.00870627 0.0680942
4 0.0890877 0.0344905 -0.0829289 -0.0466027
5 0.133033 0.0523355 0.0439448 0.017845
6 0.0376337 0.0285448 -0.0953988 -0.0237907
7 0.00701884 0.0230164 -0.0306148 -0.00552845
8 0.0374107 0.00290999 0.0303919 -0.0201064
9 0.0613372 0.0283618 0.0239265 0.0254518
10 0.0395209 0.0288862 -0.0218162 0.000524447
11 0.661138 0.294303 0.621617 0.265417
12 0.63332 0.410396 -0.0278185 0.116093
13 0.0188142 0.029897 -0.614506 -0.380499
14 0.0301146 0.386113 0.0113004 0.356216
15 0.0721566 0.336501 0.042042 -0.0496121
16 0.0333342 0.529022 -0.0388224 0.192521
17 0.0385188 0.0354756 0.00518463 -0.493547
18 0.21694 0.00282059 0.178421 -0.032655
19 0.00505404 0.026104 -0.211886 0.0232834
20 0.226503 0.022617 0.221449 -0.00348708
21 0.401084 0.196184 0.174582 0.173567
22 0.0201218 0.0450753 -0.380963 -0.151108
23 0.0365754 0.0008378 0.0164536 -0.0442375
24 0.0169906 0.0418278 -0.0195848 0.04099
25 0.0263133 0.0625327 0.00932277 0.0207049
26 0.0478421 0.0222166 0.0215288 -0.040316
27 0.0248695 0.252442 -0.0229726 0.230226
28 0.0194719 0.793339 -0.00539759 0.540897
29 0.0703677 0.343538 0.0508958 -0.449801
30 0.0237079 0.00240227 -0.0466598 -0.341136
31 0.00769924 0.0645498 -0.0160087 0.0621475
32 0.0363224 0.162189 0.0286232 0.0976396
33 0.0895103 0.680617 0.0531879 0.518428
34 0.018465 0.00965607 -0.0710453 -0.670961
35 0.0408836 0.00297927 0.0224187 -0.0066768
36 0.0615827 0.864999 0.0206991 0.86202
37 8.16933e-05 0.563629 -0.061501 -0.30137
38 0.0258936 0.0409502 0.0258119 -0.522679
39 0.103253 0.0068372 0.0773596 -0.034113
40 0.252759 0.112317 0.149506 0.10548
