67
1 0.0388635 0.0491941 0.0388635 0.0491941
2 0.00430612 0.0505081 -0.0345574 0.00131405
3 0.0732747 0.088286 0.0689685 0.0377779
4 0.00979627 0.0134792 -0.0634784 -0.0748068
5 0.601265 0.202414 0.591468 0.188934
6 0.43268 0.0384536 -0.168584 -0.16396
7 0.0105642 0.00951995 -0.422116 -0.0289336
8 0.443104 0.0393705 0.43254 0.0298505
9 0.130387 0.0252453 -0.312718 -0.0141252
10 0.00233807 0.0210685 -0.128049 -0.00417672
11 0.002879 0.0436435 0.000540933 0.022575
12 0.00362973 0.031283 0.000750733 -0.0123606
13 0.0056704 0.0127039 0.00204067 -0.0185791
14 0.612981 0.00623927 0.607311 -0.0064646
15 0.0228893 0.618149 -0.590092 0.611909
16 0.213775 0.379904 0.190886 -0.238244
17 0.0452792 0.941283 -0.168496 0.561379
18 0.00193033 0.00594697 -0.0433489 -0.935336
19 0.00397847 0.0100573 0.00204813 0.00411033
20 0.006963 0.0487335 0.00298453 0.0386762
21 0.0234707 0.0772252 0.0165077 0.0284918
22 0.00278313 0.0298081 -0.0206876 -0.0474172
23 0.00769533 0.0177147 0.0049122 -0.0120933
24 0.00122667 0.00757767 -0.00646867 -0.0101371
25 0.114507 0.0904147 0.11328 0.082837
26 0.0250824 0.185889 -0.0894242 0.0954743
27 0.0204167 0.962682 -0.00466574 0.776793
28 0.682655 0.780252 0.662238 -0.18243
29 0.0002686 0.0115281 -0.682386 -0.768724
30 0.467564 0.279271 0.467296 0.267743
31 0.695922 0.0419268 0.228358 -0.237344
32 0.235145 0.146164 -0.460777 0.104237
33 0.337218 0.664946 0.102073 0.518782
34 0.00324753 0.0190763 -0.333971 -0.64587
35 0.375093 0.00838853 0.371846 -0.0106877
36 0.0757536 0.0637878 -0.29934 0.0553993
37 0.190584 0.0769505 0.114831 0.0131627
38 0.183198 0.0642546 -0.00738659 -0.0126959
39 0.393447 0.0346053 0.21025 -0.0296493
40 0.61388 0.0148633 0.220433 -0.019742
41 0.00660488 0.0921009 -0.607275 0.0772376
42 0.0428427 0.187115 0.0362378 0.0950138
43 0.0497328 0.82363 0.00689017 0.636515
44 0.0235278 0.198212 -0.026205 -0.625418
45 0.0292644 0.0039496 0.00573659 -0.194262
46 0.000681813 0.336983 -0.0285826 0.333033
47 0.135066 1.0006 0.134384 0.663619
48 0.00739952 0.550231 -0.127666 -0.450371
49 0.483874 0.126795 0.476474 -0.423437
50 0.152468 0.222513 -0.331406 0.0957187
51 0.0039998 0.0622754 -0.148468 -0.160238
52 0.216513 0.529265 0.212513 0.46699
53 0.0959309 0.875176 -0.120582 0.345911
54 0.155388 0.156629 0.0594575 -0.718547
55 0.0273132 0.0138385 -0.128075 -0.142791
56 0.0137952 0.790154 -0.013518 0.776316
57 0.0448653 0.00121393 0.0310701 -0.78894
58 0.0734777 0.598637 0.0286124 0.597423
59 0.03077 0.425252 -0.0427077 -0.173385
60 0.375653 0.185265 0.344884 -0.239987
61 0.00929971 0.457545 -0.366354 0.272279
62 0.131166 0.084418 0.121867 -0.373127
63 0.094642 0.175849 -0.0365244 0.0914311
64 0.130598 0.0149404 0.0359559 -0.160909
65 0.0477948 0.0149498 -0.0828031 9.47333e-06
66 0.0639297 0.00707723 0.0161349 -0.0078726
67 0 0 -0.0639297 -0.00707723
