46
1 0.277428 0.648614 0.277428 0.648614
2 0.0386564 0.891706 -0.238771 0.243092
3 0.0298607 0.0881492 -0.00879579 -0.803557
4 0.180493 0.158268 0.150632 0.0701186
5 0.138803 0.0321142 -0.0416901 -0.126154
6 0.630739 0.0530634 0.491936 0.0209493
7 0.764214 0.112833 0.133475 0.0597695
8 0.89308 0.214304 0.128866 0.101471
9 0.812703 0.676994 -0.080377 0.46269
10 0.391288 0.49222 -0.421415 -0.184774
11 0.321054 0.0985819 -0.0702343 -0.393638
12 0.0194246 0.165894 -0.301629 0.0673125
13 0.0369909 0.400981 0.0175663 0.235087
14 0.0435227 0.188479 0.00653179 -0.212502
15 0.00970163 0.060447 -0.0338211 -0.128032
16 0.102691 0.589063 0.0929892 0.528616
17 0.77285 0.0379684 0.670159 -0.551095
18 0.261975 0.0778232 -0.510875 0.0398548
19 0.434805 0.0515299 0.17283 -0.0262934
20 0.634381 0.136567 0.199576 0.0850375
21 0.0494487 0.0275058 -0.584932 -0.109062
22 0.105711 0.0620985 0.0562618 0.0345927
23 0.0437064 0.20317 -0.0620042 0.141072
24 0.0594567 0.999413 0.0157504 0.796242
25 0.0351054 0.00290373 -0.0243513 -0.996509
26 0.38951 0.36345 0.354405 0.360547
27 0.18306 0.0457304 -0.20645 -0.31772
28 0.316449 0.0276389 0.133389 -0.0180915
29 0.705747 0.135438 0.389298 0.107799
30 0.234356 0.191774 -0.47139 0.0563364
31 0.516956 0.0692217 0.282599 -0.122552
32 0.284361 0.295686 -0.232595 0.226464
33 0.514171 0.32992 0.22981 0.0342339
34 0.807737 0.00412205 0.293566 -0.325798
35 0.00232559 0.00980637 -0.805411 0.00568432
36 0.0499384 0.0143917 0.0476129 0.00458529
37 0.0474041 0.0616307 -0.00253435 0.0472391
38 0.0158674 0.0441946 -0.0315367 -0.0174361
39 0.122042 0.116548 0.106174 0.0723533
40 0.0719891 0.0968327 -0.0500526 -0.0197153
41 0.0808583 0.13352 0.00886913 0.0366871
42 0.11459 0.133564 0.0337318 4.37867e-05
43 0.0283424 0.0177083 -0.0862477 -0.115855
44 0.024324 0.0378847 -0.0040184 0.0201763
45 0.0648217 0.0387697 0.0404977 0.000885067
46 0 0 -0.0648217 -0.0387697
