1407
0 0 0
0 0 0
0 0 0
-0.0344162 0.0688325 -0.997034
-0.035218 0.035218 -0.998759
-0.0350607 0.0350607 -0.99877
-0.0351526 0.0703052 -0.996906
-0.033996 0.067992 -0.997106
0 0 0
0 0 0
0 0 0
0.0354828 0.106448 -0.993685
0.0710536 0.10658 -0.991762
0.0361723 0.144689 -0.988816
0.0702601 0.10539 -0.991946
0.104822 0.104822 -0.988951
0.0716795 0.0716795 -0.994849
0.105386 0.105386 -0.988831
0.106577 0.106577 -0.988576
0.105147 0.070098 -0.991983
0.137152 0.0685762 -0.988173
0.138974 0.10423 -0.984796
0.104235 0.104235 -0.989075
0.104555 0.0697032 -0.992073
0.101944 0.0339812 -0.99421
0.101228 0.0674855 -0.992572
0.0662433 0.099365 -0.992844
0.0659894 0.131979 -0.989054
0.0659894 0.131979 -0.989054
0.0652228 0.0978342 -0.993063
0.0659894 0.131979 -0.989054
0.0659894 0.131979 -0.989054
0.0659894 0.131979 -0.989054
0.0659894 0.131979 -0.989054
0.0672943 0.100941 -0.992614
0.0695856 0.139171 -0.98782
0.0706425 0.105964 -0.991858
0.0706425 0.105964 -0.991858
0.104235 0.104235 -0.989075
0.104235 0.104235 -0.989075
0.101569 0.135425 -0.985568
0.135414 0.135414 -0.981492
0.102032 0.170053 -0.980139
0.138163 0.103622 -0.984974
0.068799 0.137598 -0.988096
0.0706425 0.105964 -0.991858
0.0361312 0.108394 -0.993451
0.0342593 0.0685187 -0.997061
0 0 0
0 0 0
0 0 0
0 0 0
0 0 0
0 0 0
0 0 0
0.0348313 0.0696625 -0.996962
0.0354217 0.0708434 -0.996858
0.0337051 0.0674102 -0.997156
0 0 0
0 0 0
-0.0352885 0.176443 -0.983678
0 0 0
-0.0675577 0.202673 -0.976913
-0.0676853 0.169213 -0.983253
-0.0676853 0.169213 -0.983253
-0.0327335 0.196401 -0.979977
-0.0642029 0.192609 -0.979173
-0.0977792 0.195558 -0.975805
-0.0977792 0.195558 -0.975805
-0.13652 0.17065 -0.975828
-0.102949 0.137266 -0.98517
-0.070075 0.14015 -0.987647
-0.0697774 0.104666 -0.992057
-0.0689228 0.103384 -0.992251
-0.0689228 0.103384 -0.992251
-0.103381 0.103381 -0.989255
-0.100051 0.100051 -0.989939
-0.0665294 0.232853 -0.970234
-0.0657185 0.197156 -0.978167
-0.0323544 0.194126 -0.980443
-0.0337813 0.202688 -0.978661
-0.0683419 0.205026 -0.976368
-0.0330903 0.132361 -0.990649
-0.0650822 0.162705 -0.984526
-0.0643801 0.12876 -0.989584
-0.0319436 0.127774 -0.991289
-0.0317455 0.190473 -0.981179
-0.0637206 0.191162 -0.979488
-0.0666918 0.133384 -0.988818
-0.103361 0.137815 -0.98505
-0.0348894 0.104668 -0.993895
-0.0344621 0.103386 -0.994044
0 0 0
0.0337578 0.101273 -0.994286
0.0653958 0.130792 -0.989251
0.0320706 0.128282 -0.991219
0 0 0
0.0324183 0.162091 -0.986243
0.0658537 0.164634 -0.984154
0.0332225 0.13289 -0.990574
0.0680385 0.136077 -0.988359
0.0691579 0.138316 -0.987971
0.0691579 0.138316 -0.987971
0.0344108 0.137643 -0.989884
0.0699571 0.139914 -0.987689
0.105463 0.140617 -0.984431
0.0699571 0.139914 -0.987689
0.10725 0.143 -0.983895
0.104172 0.104172 -0.989089
0.142155 0.177694 -0.973764
0.10725 0.143 -0.983895
0.0715047 0.143009 -0.987135
0.0715047 0.143009 -0.987135
0.10725 0.143 -0.983895
0.107738 0.107738 -0.988324
0.107738 0.107738 -0.988324
0.107738 0.107738 -0.988324
0.107738 0.107738 -0.988324
0.107738 0.107738 -0.988324
0.0718284 0.107743 -0.991581
0.0699571 0.139914 -0.987689
0.108092 0.0720611 -0.991526
0.0720623 0.0720623 -0.994793
0.0726769 0.109015 -0.99138
0.0739449 0.110917 -0.991075
0.0735917 0.147183 -0.986368
0.0735917 0.147183 -0.986368
0.111001 0.148001 -0.982738
0.0369734 0.11092 -0.993141
0.0735917 0.147183 -0.986368
0.0727352 0.14547 -0.986685
0.0740062 0.148012 -0.986213
0.113542 0.113542 -0.987024
0.0735917 0.147183 -0.986368
0.111001 0.148001 -0.982738
0.110379 0.147173 -0.982933
0.0740062 0.148012 -0.986213
0.111594 0.148792 -0.982552
0.0740062 0.148012 -0.986213
0.0740062 0.148012 -0.986213
0.0735917 0.147183 -0.986368
0.0719173 0.179793 -0.981072
0.0372088 0.186044 -0.981837
0.0354149 0.247904 -0.968137
0.0696843 0.243895 -0.967295
0.0679805 0.271922 -0.959915
0.0689354 0.241274 -0.968006
0.104787 0.209574 -0.972162
0.105505 0.175842 -0.978748
0.0711306 0.142261 -0.98727
0.0357537 0.143015 -0.989075
0.0339955 0.169978 -0.984861
0 0 0
0 0 0
0 0 0
0.0349962 0.0699924 -0.996933
0 0 0
0 0 0
-0.0363876 0.0727751 -0.996684
-0.0685081 0.0685081 -0.995296
-0.0696725 0.0696725 -0.995134
-0.069461 0.104192 -0.992129
-0.0344621 0.103386 -0.994044
-0.0328354 0.0328354 -0.998921
0 0 0
0 0 0
-0.067795 0.101692 -0.992503
-0.0340303 0.102091 -0.994193
-0.0347681 0.0347681 -0.99879
-0.0704359 0.0352179 -0.996894
-0.0700873 0.105131 -0.991986
-0.0653958 0.130792 -0.989251
-0.0973921 0.194784 -0.975999
-0.161664 0.226329 -0.960541
-0.168593 0.202311 -0.9647
-0.131452 0.164316 -0.97761
-0.104188 0.104188 -0.989085
-0.0703045 0.0703045 -0.995045
-0.136604 0.102453 -0.985314
-0.130015 0.130015 -0.982951
-0.0993721 0.132496 -0.98619
-0.0975176 0.130023 -0.986704
-0.0962548 0.12834 -0.987048
-0.130109 0.097582 -0.986686
-0.0993721 0.132496 -0.98619
-0.0963448 0.0963448 -0.990674
-0.0648446 0.0972669 -0.993144
-0.0621641 0.15541 -0.985892
-0.0306495 0.122598 -0.991983
-0.0318101 0.0954302 -0.994928
-0.0638376 0.0957564 -0.993356
-0.0975855 0.0975855 -0.990431
-0.0975855 0.0975855 -0.990431
-0.0656331 0.131266 -0.989172
-0.0309191 0.185515 -0.982155
-0.0321909 0.128763 -0.991153
-0.0326594 0.163297 -0.986036
-0.0335719 0.0671438 -0.997178
0 0 0
0 0 0
0.0333517 0.100055 -0.994423
0.0330903 0.132361 -0.990649
0 0 0
0.0333517 0.100055 -0.994423
0.033218 0.099654 -0.994468
0.0333517 0.100055 -0.994423
0 0 0
0 0 0
0 0 0
0 0 0
0 0 0
0 0 0
0 0 0
-0.0314421 0.157211 -0.987064
-0.0306998 0.184199 -0.982409
-0.0311545 0.186927 -0.98188
-0.0319436 0.127774 -0.991289
-0.0321491 0.160745 -0.986472
-0.0319436 0.127774 -0.991289
-0.0317977 0.158989 -0.986768
-0.032287 0.161435 -0.986355
0 0 0
-0.0311964 0.155982 -0.987267
0 0 0
0 0 0
0 0 0
0 0 0
0 0 0
0.0330903 0.132361 -0.990649
0 0 0
0 0 0
0.0320051 0.0640101 -0.997436
0 0 0
0.0330183 0.0660367 -0.997271
0.0336097 0.100829 -0.994336
0 0 0
0.0347415 0.138966 -0.989688
-0.0338591 0.135436 -0.990207
0.0340203 0.136081 -0.990113
0.0341591 0.102477 -0.994149
0.0723039 0.18076 -0.980866
0.0371837 0.111551 -0.993063
0.108997 0.181662 -0.977302
0.0363691 0.145477 -0.988693
0.0361543 0.180772 -0.98286
0.0723039 0.18076 -0.980866
0.0336097 0.100829 -0.994336
0.0376616 0.150646 -0.98787
0.0363691 0.145477 -0.988693
0.0740062 0.148012 -0.986213
0.0723039 0.18076 -0.980866
0.0363691 0.145477 -0.988693
0.0726729 0.181682 -0.980668
0.0361543 0.180772 -0.98286
0.0361543 0.180772 -0.98286
0.0355496 0.177748 -0.983434
0.0358968 0.215381 -0.97587
0.0726729 0.181682 -0.980668
0.0355496 0.177748 -0.983434
0.0697824 0.209347 -0.975348
0.0694556 0.208367 -0.975581
0.1025 0.205 -0.97338
0.0642029 0.192609 -0.979173
0.0678268 0.237394 -0.969043
0.0339947 0.271957 -0.961709
0.068915 0.241202 -0.968025
0.0353047 0.211828 -0.976669
0 0 0
0.0355496 0.177748 -0.983434
0.0360774 0.216465 -0.975624
0.035725 0.178625 -0.983268
0 0 0
0.0351577 0.140631 -0.989438
0.0353273 0.141309 -0.989335
0.0726729 0.181682 -0.980668
0.0348894 0.104668 -0.993895
0.0367785 0.183893 -0.982258
0.0357537 0.143015 -0.989075
0.0341591 0.102477 -0.994149
0.0357537 0.143015 -0.989075
0.0341591 0.102477 -0.994149
0.0357537 0.143015 -0.989075
0.0361543 0.180772 -0.98286
0.0359609 0.179805 -0.983045
0.0357537 0.143015 -0.989075
0.0361543 0.180772 -0.98286
0.0363388 0.181694 -0.982683
0.0723039 0.18076 -0.980866
0 0 0
0.0363388 0.181694 -0.982683
0.0348894 0.104668 -0.993895
0.0361543 0.180772 -0.98286
0.0351577 0.140631 -0.989438
0.0357537 0.143015 -0.989075
0.0370048 0.148019 -0.988292
0.0370048 0.148019 -0.988292
0.0370048 0.148019 -0.988292
0.0361543 0.180772 -0.98286
-0.034559 0.207354 -0.977655
0 0 0
-0.0334718 0.267774 -0.9629
-0.0667699 0.233695 -0.970015
-0.13878 0.173475 -0.975011
-0.103361 0.137815 -0.98505
-0.16525 0.0991497 -0.981255
-0.141172 0.141172 -0.979868
-0.142267 0.177834 -0.973722
-0.105512 0.140682 -0.984417
-0.0712773 0.142555 -0.987217
-0.0731018 0.0731018 -0.994642
-0.0738189 0.110728 -0.991105
-0.0362142 0.0724283 -0.996716
-0.0357598 0.0715196 -0.996798
-0.0354217 0.0708434 -0.996858
0 0 0
0 0 0
0.033218 0.099654 -0.994468
0.0675144 0.101272 -0.992565
0.0336238 0.134495 -0.990344
0.0672455 0.134491 -0.98863
0.0683456 0.136691 -0.988253
0.0680385 0.136077 -0.988359
0.0355667 0.142267 -0.989189
0 0 0
0.0369795 0.147918 -0.988308
0.0371001 0.148401 -0.988231
0 0 0
0 0 0
0.0338005 0.202803 -0.978636
0.0333509 0.233456 -0.971795
0.0706079 0.141216 -0.987458
0 0 0
0 0 0
0 0 0
0 0 0
0 0 0
0 0 0
-0.033686 0.067372 -0.997159
0 0 0
-0.035533 0.142132 -0.98921
0 0 0
0.0358056 0.0716113 -0.99679
0 0 0
0 0 0
0.0362498 0.0724997 -0.996709
0.0360315 0.0720631 -0.996749
0 0 0
0.0361312 0.108394 -0.993451
0.0365389 0.109617 -0.993302
0 0 0
0.035915 0.107745 -0.99353
0 0 0
0.0346058 0.173029 -0.984309
0.0344157 0.172079 -0.984482
0.0707403 0.141481 -0.98741
0.0707403 0.141481 -0.98741
0.0355276 0.106583 -0.993669
0.0353715 0.141486 -0.989308
0.034794 0.139176 -0.989656
0.0707403 0.141481 -0.98741
0.0719311 0.143862 -0.98698
0.0719311 0.143862 -0.98698
0.0351686 0.140674 -0.989431
0.0347885 0.173943 -0.984141
0.0346058 0.173029 -0.984309
0.0353715 0.141486 -0.989308
0.0355496 0.177748 -0.983434
0 0 0
0 0 0
0.0349584 0.139834 -0.989558
0 0 0
0 0 0
-0.034741 0.208446 -0.977417
-0.0353047 0.211828 -0.976669
-0.0349742 0.174871 -0.98397
-0.0363628 0.181814 -0.98266
-0.0717872 0.215362 -0.973892
-0.0721482 0.216445 -0.973625
-0.0709469 0.212841 -0.974508
-0.105124 0.210248 -0.97198
-0.109522 0.182537 -0.97708
-0.146909 0.146909 -0.97818
-0.0728575 0.109286 -0.991337
-0.108281 0.108281 -0.988206
-0.0702566 0.175642 -0.981944
-0.108293 0.14439 -0.983577
-0.0715979 0.107397 -0.991635
-0.106454 0.141938 -0.984135
-0.106454 0.141938 -0.984135
-0.0718615 0.143723 -0.987005
-0.0718615 0.143723 -0.987005
-0.108293 0.14439 -0.983577
-0.0718615 0.143723 -0.987005
-0.0718615 0.143723 -0.987005
-0.105849 0.176415 -0.978608
-0.0361015 0.144406 -0.98886
-0.0344162 0.0688325 -0.997034
-0.0326946 0.0980838 -0.994641
-0.0320584 0.0961751 -0.994848
-0.0355496 0.177748 -0.983434
-0.0338443 0.169222 -0.984997
-0.0353657 0.176829 -0.983606
0 0 0
-0.0357537 0.143015 -0.989075
-0.0352398 0.0704796 -0.996891
-0.0357254 0.107176 -0.993598
-0.0361312 0.108394 -0.993451
-0.0358401 0.0716802 -0.996784
0 0 0
0.0352179 0.0704359 -0.996894
0 0 0
0.0352179 0.0704359 -0.996894
0 0 0
0 0 0
0 0 0
0 0 0
0.0340947 0.0681893 -0.99709
0.0351091 0.105327 -0.993818
0.0354605 0.106382 -0.993693
0.0352179 0.0704359 -0.996894
0.0335577 0.0671154 -0.997181
0 0 0
0.0341543 0.0341543 -0.998833
0.0330363 0.0660727 -0.997268
0.0325817 0.0325817 -0.998938
-0.035915 0.107745 -0.99353
0.0362914 0.108874 -0.993393
0 0 0
0 0 0
-0.0357537 0.143015 -0.989075
0 0 0
0 0 0
0.0352179 0.0704359 -0.996894
0.0356913 0.107074 -0.99361
0 0 0
0 0 0
-0.035322 0.105966 -0.993742
0 0 0
0 0 0
0 0 0
0 0 0
0 0 0
0 0 0
0 0 0
0 0 0
0 0 0
0 0 0
0 0 0
0 0 0
0.0344775 0.0689551 -0.997024
0.0349426 0.104828 -0.993876
0.0355276 0.106583 -0.993669
0 0 0
0 0 0
0 0 0
0 0 0
0 0 0
0 0 0
0 0 0
0 0 0
-0.0340499 0.1362 -0.990096
0 0 0
0 0 0
0 0 0
0.035322 0.105966 -0.993742
0 0 0
0 0 0
0 0 0
0 0 0
0 0 0
0 0 0
0 0 0
0 0 0
0.0345599 0 -0.999403
0 0 0
0 0 0
0 0 0
-0.0341891 0.102567 -0.994138
-0.035322 0.105966 -0.993742
-0.0357592 0.178796 -0.983236
0 0 0
-0.0355496 0.177748 -0.983434
-0.0355496 0.177748 -0.983434
-0.0357537 0.143015 -0.989075
-0.0719173 0.179793 -0.981072
-0.10725 0.143 -0.983895
-0.0694806 0.138961 -0.987857
-0.107157 0.178595 -0.97807
-0.105124 0.210248 -0.97198
-0.0717783 0.179446 -0.981146
-0.0717783 0.179446 -0.981146
-0.034894 0.209364 -0.977215
-0.0353047 0.211828 -0.976669
-0.0347305 0.208383 -0.97743
-0.0710949 0.177737 -0.981507
-0.0699231 0.174808 -0.982117
-0.0710949 0.177737 -0.981507
-0.0710949 0.177737 -0.981507
-0.0710949 0.177737 -0.981507
-0.0714088 0.214226 -0.97417
-0.0358968 0.215381 -0.97587
-0.0367785 0.183893 -0.982258
-0.0361543 0.180772 -0.98286
0 0 0
0 0 0
0 0 0
0 0 0
0 0 0
0 0 0
0 0 0
0 0 0
0 0 0
0 0 0
0 0 0
0 0 0
0 0 0
0 0 0
0 0 0
0 0 0
0 0 0
0 0 0
0 0 0
0 0 0
0 0 0
0.0361543 0.180772 -0.98286
-0.0361543 0.180772 -0.98286
0 0 0
0 0 0
-0.0342287 0.171144 -0.984651
0 0 0
-0.0342287 0.171144 -0.984651
0 0 0
-0.0331444 0.198866 -0.979466
-0.0639808 0.191942 -0.979318
-0.0629412 0.220294 -0.973401
-0.0639808 0.191942 -0.979318
-0.0670359 0.16759 -0.983575
-0.0695856 0.139171 -0.98782
-0.0710536 0.10658 -0.991762
-0.106104 0.141472 -0.98424
-0.13762 0.13762 -0.980878
-0.101973 0.169955 -0.980162
-0.140163 0.105122 -0.984532
-0.136673 0.136673 -0.981143
-0.100863 0.134484 -0.985769
-0.131134 0.163918 -0.977719
-0.129182 0.129182 -0.98317
-0.0972517 0.0972517 -0.990497
-0.064598 0.129196 -0.989513
-0.0623992 0.124798 -0.990218
-0.0623992 0.124798 -0.990218
-0.0315242 0.126097 -0.991517
0 0 0
-0.0322998 0.129199 -0.991092
-0.0326991 0.0653981 -0.997323
0 0 0
0 0 0
0 0 0
0 0 0
0 0 0
-0.0341543 0.0341543 -0.998833
0 0 0
0.0348313 0.0696625 -0.996962
0.0347209 0.0347209 -0.998794
0 0 0
0 0 0
0 0 0
0 0 0
0 0 0
0 0 0
0 0 0
0 0 0
0.0348313 0.0696625 -0.996962
0 0 0
0 0 0
0.0344775 0.0689551 -0.997024
0.0338253 0.101476 -0.994263
0 0 0
0 0 0
0 0 0
0 0 0
0 0 0
0 0 0
0.0352398 0.0704796 -0.996891
0.0358401 0.0716802 -0.996784
0 0 0
0.0350499 0.0700998 -0.996924
0 0 0
0 0 0
0 0 0
0.0343754 0.103126 -0.994074
0 0 0
0.034794 0.139176 -0.989656
0.0343754 0.103126 -0.994074
0.0343754 0.103126 -0.994074
0 0 0
0 0 0
0.033163 0.132652 -0.990608
0.0343754 0.103126 -0.994074
0.034794 0.139176 -0.989656
0.034794 0.139176 -0.989656
0.0355276 0.106583 -0.993669
0.0357537 0.143015 -0.989075
0 0 0
0 0 0
0 0 0
0.0340546 0.170273 -0.984808
0 0 0
0.0329999 0.165 -0.985741
0 0 0
-0.0339959 0.101988 -0.994205
-0.0333097 0.166548 -0.98547
-0.0620356 0.186107 -0.980569
-0.0668018 0.167005 -0.983691
-0.100195 0.166991 -0.980854
-0.0995722 0.165954 -0.981094
-0.100251 0.167085 -0.980833
-0.104089 0.138786 -0.984837
-0.138214 0.138214 -0.980711
-0.143091 0.107318 -0.983874
-0.137876 0.103407 -0.985037
-0.10298 0.137306 -0.985161
-0.135912 0.101934 -0.985463
-0.135028 0.135028 -0.981598
-0.135356 0.135356 -0.981508
-0.13558 0.101685 -0.985534
-0.138225 0.103669 -0.98496
-0.138536 0.103902 -0.984892
-0.107934 0.0719561 -0.991551
-0.105463 0.140617 -0.984431
-0.141925 0.0709625 -0.987331
-0.106446 0.0709641 -0.991783
-0.0724878 0.0362439 -0.996711
-0.108856 0.0362855 -0.993395
-0.072631 0.0363155 -0.996698
-0.0356178 0.0712355 -0.996823
-0.0356008 0.0712017 -0.996826
0 0 0
0.0345753 0.0691506 -0.997007
0.0683071 0.102461 -0.992389
0.0703045 0.0703045 -0.995045
0.140329 0 -0.990105
0.0709771 0.0354886 -0.996846
0.105983 0 -0.994368
0.173602 0.0347203 -0.984204
0.172693 0.0345386 -0.98437
0.175682 0 -0.984447
0.138968 0 -0.990297
0.139665 0 -0.990199
0.104749 0 -0.994499
0.105983 0 -0.994368
0.107728 0.0359092 -0.993532
0.107798 0 -0.994173
0.141953 0.0354882 -0.989237
0.144502 0 -0.989504
0.112173 0.037391 -0.992985
0.15038 0.037595 -0.987913
0.109598 0.0365328 -0.993304
0.109377 0.072918 -0.991322
0.109377 0.072918 -0.991322
0.0722038 0.0361019 -0.996736
0.0730761 0.109614 -0.991284
0.0720623 0.0720623 -0.994793
0.0720623 0.0720623 -0.994793
0.0720623 0.0720623 -0.994793
0.0697896 0.0348948 -0.996951
0.0686396 0.0343198 -0.997051
0.0685181 0.0685181 -0.995294
0.0353057 0.0353057 -0.998753
0.0716795 0.0716795 -0.994849
0.0358401 0.0716802 -0.996784
0.0720623 0.0720623 -0.994793
0.0720623 0.0720623 -0.994793
0.0730761 0.109614 -0.991284
0.0708427 0.0708427 -0.994969
0.035311 0.105933 -0.993746
0.0348313 0.0696625 -0.996962
0.0360315 0.0720631 -0.996749
0.0352398 0.0704796 -0.996891
0.0348313 0.0696625 -0.996962
0.0699917 0.0699917 -0.995089
0.0342593 0.0685187 -0.997061
0.0348313 0.0696625 -0.996962
0.035311 0.105933 -0.993746
0.0360315 0.0720631 -0.996749
0.0360315 0.0720631 -0.996749
0.035311 0.105933 -0.993746
0.0354217 0.0708434 -0.996858
0.0361723 0.144689 -0.988816
0.0721901 0.108285 -0.991495
0.0718284 0.107743 -0.991581
0.0696619 0.0696619 -0.995135
0 0 0
0.0345545 0.103664 -0.994012
0 0 0
0 0 0
0 0 0
0 0 0
0 0 0
0 0 0
0 0 0
0 0 0
-0.0324178 0.226925 -0.973373
0 0 0
0 0 0
0.076122 0.114183 -0.990539
0 0 0
0 0 0
0.0343754 0.103126 -0.994074
0.0343754 0.103126 -0.994074
0 0 0
0 0 0
0 0 0
0 0 0
0.035311 0.105933 -0.993746
0 0 0
0.0355276 0.106583 -0.993669
0 0 0
0 0 0
0 0 0
0 0 0
0 0 0
0 0 0
0.0355276 0.106583 -0.993669
0 0 0
0 0 0
0 0 0
0 0 0
0 0 0
0 0 0
0 0 0
0 0 0
0 0 0
0 0 0
0 0 0
0.0338591 0.135436 -0.990207
0.0345545 0.103664 -0.994012
0.0343754 0.103126 -0.994074
0 0 0
0 0 0
0.0359322 0.143729 -0.988965
0 0 0
0 0 0
0 0 0
0 0 0
0 0 0
0 0 0
-0.0355667 0.142267 -0.989189
0 0 0
0 0 0
0 0 0
0 0 0
0 0 0
0.0328077 0.262462 -0.964385
-0.03291 0.23037 -0.972546
-0.0326456 0.261165 -0.964742
0 0 0
0 0 0
0 0 0
0 0 0
0 0 0
0 0 0
0 0 0
0 0 0
0 0 0
0 0 0
0.0349584 0.139834 -0.989558
0 0 0
0.0319922 0.191953 -0.980882
0.0319922 0.191953 -0.980882
0 0 0
0.0331444 0.198866 -0.979466
0.0338734 0.169367 -0.984971
0.0340002 0.204001 -0.97838
0.0336855 0.168428 -0.985138
0.0338734 0.169367 -0.984971
0.0351686 0.140674 -0.989431
0.0710633 0.142127 -0.987294
0.035322 0.105966 -0.993742
0.0710633 0.142127 -0.987294
0.0988352 0.0988352 -0.990183
0.0685785 0.0685785 -0.995286
0.0739556 0.147911 -0.986232
0.0722472 0.144494 -0.986865
0.0357537 0.143015 -0.989075
0.0703435 0.175859 -0.981899
0.0695733 0.173933 -0.982297
0.0691993 0.138399 -0.987956
0.0735066 0.11026 -0.991181
0.108387 0.108387 -0.988182
0.0722607 0.108391 -0.991479
0.0723416 0.144683 -0.98683
0.0661449 0.0330725 -0.997262
0.0683085 0.0341543 -0.997079
0.0694417 0.0347209 -0.996982
0.0669072 0.100361 -0.992699
0.0346582 0.0693165 -0.996992
0.0723416 0.144683 -0.98683
0.0719311 0.143862 -0.98698
0.0711306 0.142261 -0.98727
0.0740062 0.148012 -0.986213
0.0739449 0.110917 -0.991075
0.0357254 0.107176 -0.993598
0.0370048 0.148019 -0.988292
0.0367975 0.14719 -0.988424
0.0740062 0.148012 -0.986213
0.0731597 0.146319 -0.986528
0.0723416 0.144683 -0.98683
0.0723416 0.144683 -0.98683
0.0723416 0.144683 -0.98683
0.0723416 0.144683 -0.98683
0.0367975 0.14719 -0.988424
0.0731451 0.182863 -0.980414
0.0361723 0.144689 -0.988816
0.0359609 0.179805 -0.983045
0.0353657 0.176829 -0.983606
0.0353657 0.176829 -0.983606
0.0719173 0.179793 -0.981072
0.071514 0.178785 -0.981286
0.071514 0.178785 -0.981286
0.0357537 0.143015 -0.989075
0 0 0
-0.0717783 0.179446 -0.981146
-0.107393 0.107393 -0.9884
-0.148802 0.148802 -0.977607
-0.149345 0.149345 -0.977442
-0.184068 0.184068 -0.965525
-0.144147 0.180184 -0.973014
-0.170789 0.204946 -0.963757
-0.175434 0.175434 -0.968734
-0.214088 0.178406 -0.960384
-0.21331 0.177758 -0.960677
-0.17017 0.204204 -0.964024
-0.166792 0.233508 -0.957943
-0.17017 0.204204 -0.964024
-0.172236 0.137789 -0.975371
-0.133993 0.20099 -0.970386
-0.134843 0.168554 -0.976426
-0.134329 0.167911 -0.976607
-0.102939 0.102939 -0.989347
-0.105455 0.0703034 -0.991936
-0.103881 0.0346269 -0.993987
-0.0689551 0.0344775 -0.997024
-0.0679915 0.0679915 -0.995366
-0.0344776 0.0344776 -0.998811
-0.0344776 0.0344776 -0.998811
-0.0339129 0.0339129 -0.998849
-0.0338545 0.067709 -0.997131
0 0 0
-0.0686396 0.0343198 -0.997051
-0.0337051 0.0674102 -0.997156
-0.0347209 0.0347209 -0.998794
-0.0348313 0.0696625 -0.996962
-0.0345545 0.103664 -0.994012
-0.0336855 0.168428 -0.985138
-0.0652899 0.163225 -0.984426
-0.0325984 0.19559 -0.980144
-0.0660201 0.23107 -0.970695
-0.0986004 0.230068 -0.968167
-0.10088 0.20176 -0.974226
-0.0986004 0.230068 -0.968167
-0.0971049 0.226578 -0.96914
-0.0966881 0.225606 -0.969409
-0.0952526 0.222256 -0.970324
-0.0644674 0.225636 -0.972076
-0.0652899 0.163225 -0.984426
-0.0642956 0.160739 -0.984901
-0.0320047 0.160024 -0.986594
-0.0652999 0.1306 -0.989282
-0.0659969 0.164992 -0.984084
-0.0331583 0.165791 -0.985603
-0.033163 0.132652 -0.990608
-0.033163 0.132652 -0.990608
-0.0339959 0.101988 -0.994205
-0.0338591 0.135436 -0.990207
0 0 0
0 0 0
0 0 0
0.0341891 0.102567 -0.994138
0.0359145 0.179573 -0.983089
0.0355496 0.177748 -0.983434
0.0361425 0.180712 -0.982872
0.0357592 0.178796 -0.983236
0.0361425 0.180712 -0.982872
0 0 0
0 0 0
0 0 0
0.0353715 0.141486 -0.989308
-0.0355667 0.142267 -0.989189
0 0 0
0 0 0
0 0 0
0 0 0
0 0 0
0 0 0
0 0 0
-0.034559 0.207354 -0.977655
0.0349366 0.209619 -0.977159
0.0349366 0.209619 -0.977159
0.03551 0.21306 -0.976394
0.0349366 0.209619 -0.977159
0.0341184 0.238829 -0.970462
0.034559 0.207354 -0.977655
0 0 0
0 0 0
0.0681058 0.170264 -0.983042
0.0341184 0.238829 -0.970462
0.0338241 0.270593 -0.9621
0.0671734 0.235107 -0.969646
0.033416 0.233912 -0.971683
-0.0336465 0.269172 -0.962504
0 0 0
0 0 0
0 0 0
0 0 0
0 0 0
0.0356621 0.213973 -0.976188
0.0356621 0.213973 -0.976188
0.0356621 0.213973 -0.976188
0 0 0
0.0345017 0.276014 -0.960534
0.0345384 0.20723 -0.977682
0.0356621 0.213973 -0.976188
0.0365315 0.255721 -0.96606
0 0 0
-0.035322 0.105966 -0.993742
-0.0722803 0.180701 -0.980879
-0.0659969 0.164992 -0.984084
-0.102852 0.239989 -0.965312
-0.141576 0.247758 -0.958422
-0.141576 0.247758 -0.958422
-0.142766 0.214149 -0.966311
-0.10535 0.210701 -0.971857
-0.139115 0.173894 -0.974889
-0.102672 0.17112 -0.979886
-0.100413 0.200825 -0.974467
-0.0973783 0.259676 -0.960774
-0.0644674 0.225636 -0.972076
-0.0680151 0.204045 -0.976596
-0.0698675 0.209602 -0.975287
-0.0710139 0.213042 -0.974459
-0.033515 0.13406 -0.990406
0 0 0
-0.034234 0.136936 -0.989988
-0.0707272 0.176818 -0.981699
-0.10589 0.21178 -0.971564
-0.0692342 0.24232 -0.967723
-0.0717872 0.215362 -0.973892
-0.0706035 0.211811 -0.974757
-0.0714088 0.214226 -0.97417
-0.0717872 0.215362 -0.973892
-0.0699231 0.174808 -0.982117
-0.0676853 0.169213 -0.983253
-0.0333097 0.166548 -0.98547
-0.0687871 0.171968 -0.982698
-0.068915 0.241202 -0.968025
-0.0679805 0.271922 -0.959915
-0.0343538 0.27483 -0.960879
-0.100906 0.269083 -0.957816
-0.064371 0.28967 -0.95496
-0.0637632 0.286934 -0.955826
-0.0326456 0.261165 -0.964742
-0.0326456 0.261165 -0.964742
0 0 0
-0.03291 0.23037 -0.972546
0 0 0
-0.0342935 0.240055 -0.970153
-0.0357075 0.214245 -0.976127
-0.0357075 0.214245 -0.976127
-0.03551 0.21306 -0.976394
0 0 0
0 0 0
0 0 0
0 0 0
-0.0357592 0.178796 -0.983236
-0.0361543 0.180772 -0.98286
-0.0361543 0.180772 -0.98286
-0.0343798 0.206279 -0.977889
0 0 0
0.0341184 0.238829 -0.970462
0 0 0
-0.0355496 0.177748 -0.983434
0 0 0
-0.0355667 0.142267 -0.989189
-0.0346058 0.173029 -0.984309
-0.0677435 0.169359 -0.983223
-0.0333141 0.199885 -0.979253
-0.0335195 0.167598 -0.985285
-0.0662118 0.198635 -0.977834
-0.0662118 0.198635 -0.977834
-0.0654521 0.229082 -0.971204
-0.0669495 0.200848 -0.977332
-0.0669495 0.200848 -0.977332
0 0 0
-0.0323201 0.25856 -0.965454
-0.0338392 0.203035 -0.978587
-0.0353657 0.176829 -0.983606
0 0 0
0 0 0
0 0 0
0 0 0
0 0 0
0 0 0
0 0 0
0 0 0
-0.034846 0.243922 -0.969169
0 0 0
-0.0329633 0.263706 -0.96404
0.0341579 0.273263 -0.961333
0.0341579 0.273263 -0.961333
0.034846 0.243922 -0.969169
0 0 0
0 0 0
0.0341184 0.238829 -0.970462
0.0346623 0.242636 -0.969498
0.0344713 0.241299 -0.969838
0 0 0
0.069639 0.278556 -0.957892
0.06628 0.26512 -0.961935
0.0661684 0.297758 -0.952346
0.103332 0.206665 -0.97294
0.0694033 0.20821 -0.975619
0.105636 0.176059 -0.978695
0.0339362 0.237554 -0.970781
0.0694033 0.20821 -0.975619
0.035488 0.17744 -0.983492
0.0362257 0.144903 -0.988783
0.0366553 0.109966 -0.993259
0 0 0
0.0364839 0.145936 -0.988621
0.0356794 0.178397 -0.983311
0.0336619 0.134647 -0.990322
0.0328219 0.131288 -0.990801
0.0355496 0.177748 -0.983434
0.0359145 0.179573 -0.983089
0 0 0
0.0336855 0.168428 -0.985138
0.0385328 0.0385328 -0.998514
0 0 0
-0.0327862 0.196717 -0.979912
0.0327376 0.229163 -0.972837
0.0340002 0.204001 -0.97838
0.0340002 0.204001 -0.97838
0.0349742 0.174871 -0.98397
0 0 0
0 0 0
0.0345384 0.20723 -0.977682
0.034741 0.208446 -0.977417
0.0699445 0.174861 -0.982106
0 0 0
0.0351686 0.140674 -0.989431
0.071514 0.178785 -0.981286
0.0353047 0.211828 -0.976669
0.0701785 0.210536 -0.975064
0.0355883 0.249118 -0.967819
0.0371318 0.185659 -0.981912
0.036514 0.18257 -0.982515
0.0356621 0.213973 -0.976188
0.034741 0.208446 -0.977417
0.0359145 0.179573 -0.983089
0.0356621 0.213973 -0.976188
0 0 0
0.0717641 0.215292 -0.973909
0.0333237 0.133295 -0.990516
0.0691127 0.207338 -0.975825
0.0710139 0.213042 -0.974459
0.0744277 0.148855 -0.986054
0.0376216 0.150486 -0.987896
0.0744277 0.148855 -0.986054
0.0727209 0.181802 -0.980642
0.0731597 0.146319 -0.986528
0.0714088 0.214226 -0.97417
0.0363085 0.217851 -0.975306
0.0359609 0.179805 -0.983045
0.0739657 0.184914 -0.979967
0.0684539 0.171135 -0.982867
0.10726 0.178766 -0.978028
0.104787 0.209574 -0.972162
0.0706035 0.211811 -0.974757
0.0710139 0.213042 -0.974459
0.071514 0.178785 -0.981286
0.0723416 0.144683 -0.98683
0.0353657 0.176829 -0.983606
0.0681058 0.170264 -0.983042
0.0344108 0.137643 -0.989884
0.0345802 0.138321 -0.989784
0.0349798 0.139919 -0.989545
0.0341591 0.102477 -0.994149
0 0 0
-0.0337578 0.101273 -0.994286
-0.0668893 0.0668893 -0.995516
-0.103381 0.103381 -0.989255
-0.0682582 0.0682582 -0.99533
-0.0668893 0.0668893 -0.995516
-0.0341294 0.0682588 -0.997084
-0.0682582 0.0682582 -0.99533
-0.0342543 0.0685086 -0.997062
-0.0342543 0.0685086 -0.997062
-0.0337483 0.0337483 -0.99886
-0.0336908 0.0673815 -0.997158
-0.0335719 0.0671438 -0.997178
-0.065883 0.0988244 -0.992922
-0.0991586 0.0991586 -0.990119
-0.0975855 0.0975855 -0.990431
-0.133833 0.133833 -0.981925
-0.169466 0.101679 -0.980277
-0.172032 0.137626 -0.97543
-0.19651 0.163758 -0.96673
-0.16436 0.131488 -0.977598
-0.166209 0.166209 -0.971982
-0.195881 0.163234 -0.966946
-0.226639 0.194262 -0.954409
-0.195491 0.162909 -0.96708
-0.197416 0.197416 -0.960236
-0.202989 0.135326 -0.969785
-0.202989 0.135326 -0.969785
-0.196469 0.130979 -0.971722
-0.159765 0.191717 -0.968359
-0.15946 0.191352 -0.968482
-0.163261 0.163261 -0.972981
-0.164072 0.131257 -0.977677
-0.165187 0.165187 -0.972331
-0.164711 0.0988265 -0.981378
-0.166763 0.133411 -0.97693
-0.204285 0.102142 -0.973568
-0.203344 0.101672 -0.973814
-0.203344 0.101672 -0.973814
-0.169881 0.101928 -0.980179
-0.203344 0.101672 -0.973814
-0.174025 0.13922 -0.97485
-0.176445 0.141156 -0.974137
-0.174025 0.13922 -0.97485
-0.212397 0.141598 -0.96687
-0.208215 0.173513 -0.962569
-0.242854 0.173467 -0.954427
-0.213031 0.142021 -0.966668
-0.164293 0.164293 -0.972633
-0.1706 0.13648 -0.975843
-0.173475 0.13878 -0.975011
-0.217823 0.181519 -0.95896
-0.214088 0.178406 -0.960384
-0.251296 0.179497 -0.951121
-0.220666 0.147111 -0.964191
-0.212397 0.141598 -0.96687
-0.176003 0.176003 -0.968528
-0.217823 0.181519 -0.95896
-0.214088 0.178406 -0.960384
-0.211702 0.141135 -0.96709
-0.206271 0.171892 -0.963278
-0.206271 0.171892 -0.963278
-0.207425 0.138283 -0.968428
-0.168528 0.168528 -0.971183
-0.165384 0.198461 -0.966054
-0.193987 0.193987 -0.961633
-0.134843 0.168554 -0.976426
-0.135028 0.135028 -0.981598
-0.133899 0.100424 -0.985894
-0.167275 0.13382 -0.976786
-0.131251 0.131251 -0.982622
-0.131757 0.098818 -0.986344
-0.0996595 0.132879 -0.986109
-0.0666918 0.133384 -0.988818
-0.131251 0.131251 -0.982622
-0.129199 0.129199 -0.983166
-0.126676 0.190014 -0.973575
-0.126676 0.190014 -0.973575
-0.129004 0.161255 -0.978445
-0.0964493 0.160749 -0.982272
-0.0985997 0.164333 -0.981465
-0.0975176 0.130023 -0.986704
-0.10111 0.10111 -0.989724
-0.0994714 0.0994714 -0.990056
-0.0978837 0.0978837 -0.990372
-0.0642315 0.0963472 -0.993273
-0.0631804 0.126361 -0.98997
-0.0639999 0.128 -0.989707
-0.0665083 0.0997625 -0.992786
-0.0665083 0.0997625 -0.992786
-0.0332547 0.0997642 -0.994455
-0.0663161 0.0994742 -0.992828
-0.0327165 0.0654331 -0.99732
-0.0332502 0.0665005 -0.997232
-0.0333471 0.0666943 -0.997216
-0.0339031 0.0678062 -0.997122
-0.0339618 0.0339618 -0.998846
-0.067602 0.067602 -0.995419
-0.0689545 0.0689545 -0.995234
-0.06915 0.06915 -0.995207
-0.0689545 0.0689545 -0.995234
-0.06915 0.06915 -0.995207
-0.06915 0.06915 -0.995207
-0.0344775 0.0689551 -0.997024
-0.0701422 0.0701422 -0.995068
-0.0687403 0.0687403 -0.995264
-0.108179 0.0721196 -0.991512
-0.035567 0.0711341 -0.996832
-0.035567 0.0711341 -0.996832
-0.0726423 0.0726423 -0.994709
-0.0363215 0.072643 -0.996696
-0.035567 0.0711341 -0.996832
-0.0699168 0.0699168 -0.9951
-0.0356857 0.0713715 -0.996811
-0.0712694 0.0356347 -0.99682
-0.0712694 0.0356347 -0.99682
-0.070046 0.035023 -0.996929
-0.0356857 0.0713715 -0.996811
-0.0712694 0.0356347 -0.99682
-0.0711334 0.0711334 -0.994927
-0.035567 0.0711341 -0.996832
-0.0711334 0.0711334 -0.994927
-0.0699168 0.0699168 -0.9951
-0.0711334 0.0711334 -0.994927
-0.0711334 0.0711334 -0.994927
-0.0708761 0.0708761 -0.994964
-0.0342693 0.102808 -0.994111
-0.0342693 0.102808 -0.994111
-0.068256 0.136512 -0.988284
-0.0687495 0.103124 -0.99229
-0.106711 0.106711 -0.988547
-0.164001 0.0984004 -0.98154
-0.0943653 0.220186 -0.970883
-0.0943653 0.220186 -0.970883
-0.0954089 0.222621 -0.970225
-0.125521 0.251041 -0.959804
-0.159868 0.255788 -0.953423
-0.160578 0.224809 -0.96108
-0.0970476 0.194095 -0.97617
-0.310811 3.80622e-17 -0.950472
-0.329498 0.0823745 -0.940556
-0.372531 0.0413923 -0.927096
-0.101505 0.169175 -0.980345
-0.167456 0.200947 -0.965183
-0.19651 0.163758 -0.96673
-0.230576 0.164697 -0.959015
-0.132206 0.0991547 -0.98625
-0.134266 0.134266 -0.981807
-0.202792 0.101396 -0.973958
-0.211433 0.0352389 -0.976757
-0.211433 0.0352389 -0.976757
-0.244674 0.0699068 -0.967082
-0.304923 0.101641 -0.946938
-0.350594 0.0701189 -0.933899
-0.321079 0.0713508 -0.944361
-0.321764 0.0357516 -0.946145
-0.351622 0.0703243 -0.933497
-0.311718 0.0346353 -0.949543
-0.351581 4.30549e-17 -0.936157
-0.348261 4.26482e-17 -0.937398
-0.312724 3.82964e-17 -0.949844
-0.30296 3.71007e-17 -0.953003
-0.37155 4.55002e-17 -0.928413
-0.330884 0.0330884 -0.943091
-0.302131 0.0335701 -0.952675
-0.366693 0.0666714 -0.92795
-0.230224 0.0657783 -0.970912
-0.231226 0.0660647 -0.970654
-0.293411 0.0652024 -0.95376
-0.325995 0.065199 -0.943121
-0.336906 0.0673812 -0.939124
-0.26963 0.0337037 -0.962374
-0.303804 0.033756 -0.952136
-0.309198 3.78646e-17 -0.950998
-0.376086 0.102569 -0.92089
-0.376086 0.102569 -0.92089
-0.375593 0.102435 -0.921106
-0.409658 0.102414 -0.906472
-0.341954 0.102586 -0.9341
-0.374313 0.136114 -0.917258
-0.380169 0.138243 -0.914527
-0.388038 0.105828 -0.915547
-0.343081 0.17154 -0.923509
-0.366467 0.133261 -0.920839
-0.391703 0.16321 -0.905501
-0.39103 0.162929 -0.905842
-0.389389 0.162245 -0.906671
-0.411388 0.189871 -0.891465
-0.382854 0.223332 -0.896407
-0.354759 0.193505 -0.914714
-0.41964 0.19368 -0.886787
-0.423403 0.162847 -0.891185
-0.455709 0.162753 -0.875123
-0.456489 0.163032 -0.874665
-0.414015 0.191084 -0.889988
-0.416813 0.160313 -0.894744
-0.430957 0.165753 -0.887019
-0.448196 0.20686 -0.869672
-0.472126 0.236063 -0.849336
-0.429673 0.19831 -0.88094
-0.45797 0.228985 -0.85897
-0.4217 0.259507 -0.868807
-0.401582 0.200791 -0.893541
-0.403821 0.235562 -0.88399
-0.436066 0.234805 -0.868742
-0.437207 0.249832 -0.863964
-0.417125 0.238357 -0.877036
-0.448482 0.269089 -0.852323
-0.420049 0.270031 -0.866396
-0.390534 0.270369 -0.879991
-0.456577 0.273946 -0.846458
-0.423403 0.162847 -0.891185
-0.468037 0.133725 -0.873533
-0.496646 0.0993292 -0.862251
-0.553457 0.0976689 -0.827131
-0.566667 6.93944e-17 -0.823947
-0.541855 0.0338659 -0.83979
-0.576188 7.05604e-17 -0.817317
-0.551396 6.75244e-17 -0.834243
-0.540313 0.0675391 -0.838749
-0.506621 0.0675494 -0.859519
-0.573572 0.067479 -0.816371
-0.50779 0.0338527 -0.860815
-0.5156 0.0343734 -0.856139
-0.539929 0.0674911 -0.839
-0.584897 0.0344057 -0.810377
-0.516516 0.0344344 -0.855585
-0.5156 0.0343734 -0.856139
-0.550519 0.0344075 -0.834113
-0.550417 6.74044e-17 -0.83489
-0.539929 0.0674911 -0.839
-0.550519 0.0344075 -0.834113
-0.537785 0.100835 -0.83703
-0.529377 0.0992581 -0.842561
-0.543287 0.203732 -0.814452
-0.568195 0.20054 -0.798084
-0.582545 0.194182 -0.789262
-0.584926 0.227471 -0.778536
-0.526348 0.197381 -0.827042
-0.528864 0.231378 -0.816558
-0.458035 0.261734 -0.849529
-0.441976 0.237987 -0.864881
-0.4465 0.240423 -0.861878
-0.434983 0.267682 -0.85973
-0.390003 0.260002 -0.883344
-0.426031 0.229401 -0.875141
-0.395768 0.230865 -0.888858
-0.395768 0.230865 -0.888858
-0.430691 0.265041 -0.862704
-0.417828 0.257125 -0.871382
-0.40847 0.238274 -0.881123
-0.464006 0.24985 -0.849867
-0.423005 0.130155 -0.896731
-0.44001 0.203082 -0.874728
-0.418096 0.160806 -0.894057
-0.409411 0.188959 -0.892568
-0.429733 0.214867 -0.877019
-0.476059 0.190423 -0.858549
-0.449486 0.192637 -0.872269
-0.481163 0.192465 -0.855242
-0.503277 0.251638 -0.826674
-0.520581 0.195218 -0.831195
-0.515059 0.193147 -0.83511
-0.470537 0.188215 -0.862073
-0.528922 0.217792 -0.820249
-0.545308 0.242359 -0.802435
-0.454563 0.242433 -0.857088
-0.453695 0.24197 -0.857678
-0.500819 0.219108 -0.83736
-0.450578 0.193105 -0.871602
-0.476059 0.190423 -0.858549
-0.499092 0.249546 -0.82984
-0.50639 0.253195 -0.824295
-0.500887 0.281749 -0.81837
-0.360727 0.180364 -0.915065
-0.358601 0.163001 -0.91915
-0.453695 0.226847 -0.861801
-0.457139 0.261222 -0.850169
-0.460703 0.230351 -0.857141
-0.456129 0.260645 -0.850888
-0.460703 0.230351 -0.857141
-0.467907 0.233953 -0.852249
-0.445816 0.222908 -0.866926
-0.377147 0.220002 -0.899644
-0.334341 0.273552 -0.901879
-0.345968 0.220161 -0.91205
-0.342251 0.24891 -0.90604
-0.383774 0.223868 -0.89588
-0.418733 0.257682 -0.870783
-0.419536 0.258176 -0.87025
-0.433912 0.200267 -0.878415
-0.463815 0.165648 -0.870308
-0.427084 0.197116 -0.882465
-0.459538 0.196945 -0.866047
-0.427084 0.197116 -0.882465
-0.427084 0.197116 -0.882465
-0.393738 0.196869 -0.897894
-0.394528 0.197264 -0.89746
-0.427084 0.197116 -0.882465
-0.423403 0.162847 -0.891185
-0.429321 0.165124 -0.887929
-0.426231 0.196722 -0.882965
-0.427245 0.164325 -0.889078
-0.357512 0.227508 -0.905773
-0.353891 0.193031 -0.91515
-0.345968 0.220161 -0.91205
-0.488532 0.274799 -0.828144
-0.484969 0.333416 -0.80848
-0.49143 0.337858 -0.802713
-0.49639 0.310244 -0.810768
-0.444731 0.285899 -0.848809
-0.434993 0.310709 -0.845128
-0.42982 0.337716 -0.837378
-0.428894 0.275717 -0.86025
-0.313905 0.219733 -0.923678
-0.326028 0.195617 -0.9249
-0.332392 0.166196 -0.928383
0 0 0
