84
1 0.0512729 0.0262866 0.0512729 0.0262866
2 0.0662672 0.0241539 0.0149943 -0.00213263
3 0.0405516 0.26622 -0.0257156 0.242066
4 0.0731997 0.0368909 0.0326481 -0.229329
5 0.00153513 0.0438836 -0.0716646 0.00699274
6 0.0698263 0.0279478 0.0682912 -0.0159358
7 0.0210011 0.0167509 -0.0488252 -0.0111969
8 0.00552424 0.37768 -0.0154769 0.360929
9 0.100312 0.0123826 0.0947874 -0.365298
10 0.0216803 0.00433847 -0.0786313 -0.00804413
11 0.0024664 0.00160033 -0.0192139 -0.00273813
12 0.0293996 0.0016622 0.0269332 6.18667e-05
13 0.958231 1.06441 0.928831 1.06274
14 0.672912 0.446753 -0.285318 -0.617652
15 0.00140909 0.206105 -0.671503 -0.240648
16 0.0995953 0.938723 0.0981862 0.732618
17 0.0139996 0.00174187 -0.0855957 -0.936981
18 0.0728549 0.00968893 0.0588554 0.00794707
19 0.0232005 0.00207147 -0.0496544 -0.00761747
20 0.727604 0.870602 0.704403 0.86853
21 0.0144293 0.0449621 -0.713175 -0.82564
22 0.0098954 0.0460649 -0.00453387 0.0011028
23 0.844227 0.125866 0.834332 0.0798007
24 0.0082068 0.00300267 -0.83602 -0.122863
25 0.0112759 0.0506896 0.00306911 0.047687
26 0.0202378 0.0460797 0.0089619 -0.00460991
27 0.252084 0.0164802 0.231846 -0.0295995
28 0.920197 0.220887 0.668113 0.204407
29 0.123276 0.0336027 -0.796921 -0.187284
30 0.0822661 0.0603434 -0.04101 0.0267407
31 0.0679909 0.020872 -0.0142752 -0.0394714
32 0.0215181 0.0362157 -0.0464728 0.0153437
33 0.0167187 0.00492 -0.00479933 -0.0312957
34 0.529883 0.236656 0.513165 0.231736
35 0.447912 0.0189278 -0.0819718 -0.217728
36 0.00581213 0.0165131 -0.4421 -0.00241473
37 0.438138 0.635847 0.432326 0.619334
38 0.167852 0.782192 -0.270286 0.146345
39 0.131169 0.471688 -0.0366831 -0.310504
40 0.10245 0.298101 -0.0287189 -0.173587
41 0.11586 0.874502 0.0134102 0.576401
42 0.0281972 0.398557 -0.0876627 -0.475945
43 0.486617 0.200396 0.458419 -0.198161
44 0.406873 0.93324 -0.079744 0.732844
45 0.424344 0.623093 0.0174715 -0.310147
46 0.077169 0.350897 -0.347175 -0.272195
47 0.35378 0.00575149 0.276611 -0.345146
48 0.624304 0.159576 0.270524 0.153824
49 0.00114523 0.306842 -0.623158 0.147267
50 0.429959 0.202316 0.428814 -0.104527
51 0.895218 0.598117 0.465259 0.395802
52 0.000687933 0.0031798 -0.89453 -0.594938
53 0.140432 0.27398 0.139744 0.270801
54 0.00890033 0.0326615 -0.131532 -0.241319
55 0.375109 0.1826 0.366208 0.149939
56 0.443736 8.796e-05 0.0686278 -0.182512
57 0.0462094 0.133288 -0.397527 0.1332
58 0.096922 0.500867 0.0507126 0.367578
59 0.00205927 0.000514933 -0.0948627 -0.500352
60 0.749092 1.06803 0.747033 1.06752
61 0.00251607 0.0109651 -0.746576 -1.05707
62 0.510414 0.152146 0.507898 0.141181
63 0.0565527 0.0113045 -0.453861 -0.140842
64 0.033621 0.224827 -0.0229318 0.213522
65 0.192315 0.0816927 0.158694 -0.143134
66 0.480972 0.227671 0.288657 0.145978
67 0.000631733 0.0425611 -0.480341 -0.18511
68 0.235428 0.0387186 0.234796 -0.00384253
69 0.481997 0.164346 0.246569 0.125628
70 0.11086 0.676688 -0.371137 0.512342
71 0.025419 0.0037764 -0.0854411 -0.672912
72 0.0223025 0.00429553 -0.00311647 0.000519133
73 0.0335247 0.0049996 0.0112222 0.000704067
74 0.009638 0.00196333 -0.0238867 -0.00303627
75 0.00185687 0.00489367 -0.00778113 0.00293033
76 0.0196973 0.0001876 0.0178404 -0.00470607
77 0.0392903 0.00672533 0.0195931 0.00653773
78 0.0151632 0.720601 -0.0241271 0.713876
79 0.11717 0.190561 0.102007 -0.53004
80 0.129546 0.555695 0.0123759 0.365134
81 0.360289 0.553879 0.230744 -0.00181541
82 0.0113964 0.0896453 -0.348893 -0.464234
83 0.71703 0.143099 0.705633 0.0534533
84 0 0 -0.71703 -0.143099
