76
1 0.0045806 0.0457665 0.0045806 0.0457665
2 0.0259372 0.471139 0.0213566 0.425372
3 0.127916 0.539051 0.101979 0.0679127
4 0.0835791 0.0562384 -0.0443367 -0.482813
5 0.0206735 0.0162711 -0.0629056 -0.0399673
6 0.0391783 0.0401487 0.0185048 0.0238776
7 0.0110573 0.0660071 -0.028121 0.0258583
8 0.408573 0.129673 0.397516 0.0636661
9 0.817359 0.0626362 0.408786 -0.067037
10 0.439052 0.0739609 -0.378307 0.0113247
11 0.517222 0.80218 0.0781703 0.728219
12 0.559918 0.783082 0.0426961 -0.0190975
13 0.00236573 0.0385481 -0.557553 -0.744534
14 0.00450793 0.150901 0.0021422 0.112352
15 0.0049696 0.00894844 0.000461667 -0.141952
16 0.000359067 0.00987487 -0.00461053 0.000926427
17 0.313125 0.00162955 0.312766 -0.00824532
18 0.110193 0.212611 -0.202932 0.210982
19 0.123311 0.0117915 0.013118 -0.20082
20 0.624123 0.765607 0.500812 0.753816
21 0.115337 0.0547365 -0.508786 -0.710871
22 0.0904597 0.0677651 -0.0248775 0.0130286
23 0.19938 1.00198 0.10892 0.93422
24 0.705297 0.388569 0.505918 -0.613416
25 0.1691 0.196937 -0.536197 -0.191632
26 0.386102 0.0887319 0.217002 -0.108205
27 0.609939 0.975182 0.223837 0.88645
28 0.0226067 0.114059 -0.587332 -0.861124
29 0.956733 0.876382 0.934126 0.762323
30 0.00777827 0.00310254 -0.948955 -0.873279
31 0.0604683 0.0244843 0.05269 0.0213818
32 0.0615763 0.451622 0.00110797 0.427138
33 0.125017 0.017112 0.0634407 -0.43451
34 0.0716777 0.0119233 -0.0533392 -0.00518873
35 0.0464461 0.00787133 -0.0252316 -0.00405193
36 0.00309026 0.00153613 -0.0433559 -0.0063352
37 0.0537008 0.0072386 0.0506106 0.00570247
38 0.066567 0.0140443 0.0128662 0.00680567
39 0.103061 0.060851 0.0364943 0.0468067
40 0.102838 0.418586 -0.00022336 0.357735
41 0.475505 0.247305 0.372667 -0.17128
42 0.0204399 0.0473052 -0.455065 -0.2
43 0.452817 0.121955 0.432378 0.0746498
44 0.00390173 0.0104553 -0.448916 -0.1115
45 0.651974 0.00812635 0.648072 -0.00232897
46 0.141475 0.290451 -0.510498 0.282325
47 0.637284 0.0940679 0.495808 -0.196383
48 0.0196894 0.589171 -0.617594 0.495103
49 4.78867e-05 0.0190089 -0.0196415 -0.570162
50 0.0307106 0.0144676 0.0306627 -0.00454127
51 0.41969 0.741869 0.38898 0.727402
52 0.0138614 0.0402281 -0.405829 -0.701641
53 0.0285036 0.00294273 0.0146423 -0.0372854
54 0.00544827 0.292212 -0.0230554 0.28927
55 0.518922 0.333979 0.513474 0.0417671
56 0.0143991 0.00740374 -0.504523 -0.326576
57 0.0303304 0.0142131 0.0159313 0.00680931
58 0.0126918 0.0189594 -0.0176386 0.00474631
59 0.0116735 0.0506101 -0.00101829 0.0316508
60 0.0366911 0.0336988 0.0250176 -0.0169113
61 0.0100738 0.0145037 -0.0266173 -0.0191951
62 0.0780669 0.0176169 0.0679931 0.0031132
63 0.000426153 0.018389 -0.0776407 0.000772133
64 0.0153202 0.0225419 0.0148941 0.00415293
65 0.787548 0.639319 0.772228 0.616777
66 0.766241 0.190146 -0.0213067 -0.449174
67 0.193789 0.12964 -0.572452 -0.0605062
68 0.0027372 0.0878072 -0.191052 -0.0418325
69 0.82905 0.155756 0.826312 0.0679491
70 0.92402 0.728194 0.09497 0.572438
71 0.000926333 0.0211824 -0.923093 -0.707012
72 0.00331747 0.0228763 0.00239113 0.00169387
73 0.00794167 0.00875291 0.0046242 -0.0141234
74 0.848264 0.0981372 0.840323 0.0893843
75 0 0 -0.848264 -0.0981372
76 0 0 0 0
