32
1 0.138788 0.328415 0.138788 0.328415
2 0.0155692 0.0266499 -0.123219 -0.301765
3 0.0371944 0.0699975 0.0216252 0.0433476
4 0.0428839 0.00145187 0.00568952 -0.0685456
5 0.214582 0.147546 0.171698 0.146094
6 0.198093 0.637486 -0.0164892 0.48994
7 0.441481 0.0696133 0.243388 -0.567872
8 0.252484 0.0970414 -0.188997 0.0274281
9 0.671836 0.766625 0.419352 0.669584
10 0.0309468 0.0142937 -0.640889 -0.752332
11 0.000906133 0.0573772 -0.0300407 0.0430835
12 0.000499 0.00575013 -0.000407133 -0.0516271
13 0.378523 0.113407 0.378024 0.107657
14 0.183051 0.012263 -0.195472 -0.101144
15 0.549741 0.0790682 0.36669 0.0668052
16 0.0468777 0.27064 -0.502863 0.191571
17 0.134104 0.461491 0.0872265 0.190851
18 0.217328 0.144652 0.0832239 -0.316839
19 0.00627465 0.029014 -0.211053 -0.115638
20 0.0421014 0.0746679 0.0358267 0.0456539
21 0.0693786 0.435697 0.0272772 0.361029
22 0.148865 0.321128 0.0794866 -0.114569
23 0.228914 0.865645 0.0800486 0.544517
24 0.0847459 0.522345 -0.144168 -0.3433
25 0.330903 0.117319 0.246157 -0.405026
26 0.16229 0.150716 -0.168614 0.0333969
27 0.0340866 0.0196369 -0.128203 -0.131079
28 0.0150412 0.14744 -0.0190454 0.127803
29 0.00784831 0.0163724 -0.00719286 -0.131067
30 0.244726 0.0108351 0.236877 -0.00553726
31 1.07564 0.993712 0.830917 0.982876
32 0 0 -1.07564 -0.993712
