968
0.196674 0.196674 -0.960541
0.16242 0.16242 -0.973262
0.163218 0.130574 -0.977911
0.164116 0.164116 -0.972693
0.165633 0.19876 -0.96595
0.23053 0.197597 -0.952791
0.271856 0.101946 -0.956923
0.302164 0.100721 -0.94792
0.330893 0.165447 -0.929052
0.295855 0.164364 -0.940986
0.306203 0.13609 -0.942189
0.274108 0.137054 -0.951883
0.169757 0.0339514 -0.984901
0.140422 0.105316 -0.984475
0.0664454 0.0332227 -0.997237
0.0979384 0.0652923 -0.993048
0.0669072 0.100361 -0.992699
0.0683769 0.102565 -0.992373
0.103121 0.103121 -0.989309
0.101063 0.134751 -0.985712
0.067028 0.134056 -0.988704
0.0663241 0.132648 -0.988942
0.0315242 0.126097 -0.991517
0 0 0
0.0313725 0.12549 -0.991599
0.0633931 0.158483 -0.985325
0.030635 0.153175 -0.987724
0.0300486 0.150243 -0.988192
0 0 0
0 0 0
-0.0311964 0.155982 -0.987267
0 0 0
-0.0319436 0.127774 -0.991289
-0.0633872 0.0950808 -0.993449
-0.0954266 0.0954266 -0.990852
-0.0954266 0.0954266 -0.990852
-0.0643727 0.096559 -0.993243
-0.0641396 0.128279 -0.989662
-0.0936521 0.124869 -0.987743
-0.156355 0.156355 -0.975247
-0.125098 0.156372 -0.979744
-0.127612 0.127612 -0.98358
-0.0646064 0.129213 -0.98951
-0.0975235 0.0650157 -0.993107
-0.0991586 0.0991586 -0.990119
-0.130461 0.0652304 -0.989305
-0.132206 0.0991547 -0.98625
-0.0638376 0.0957564 -0.993356
-0.0636103 0.127221 -0.989833
-0.0957542 0.0957542 -0.990789
-0.128793 0.0643967 -0.989578
-0.190181 0.0950903 -0.977133
-0.278709 0.0929029 -0.955872
-0.304836 0.121934 -0.944567
-0.366001 0.122 -0.922583
-0.363626 0.151511 -0.919141
-0.333429 0.151559 -0.930513
-0.3583 0.149292 -0.921593
-0.424245 0.151516 -0.892782
-0.400281 0.153954 -0.903368
-0.371602 0.123867 -0.920092
-0.347246 0.0947035 -0.93298
-0.416517 0.0961193 -0.904032
-0.44693 0.127694 -0.885408
-0.383179 0.127726 -0.914801
-0.414989 0.127689 -0.900822
-0.415199 0.127754 -0.900716
-0.44693 0.127694 -0.885408
-0.416944 0.0962179 -0.903825
-0.415147 0.127737 -0.900742
-0.383325 0.127775 -0.914733
-0.415199 0.127754 -0.900716
-0.415147 0.127737 -0.900742
-0.383325 0.127775 -0.914733
-0.383325 0.127775 -0.914733
-0.415147 0.127737 -0.900742
-0.383325 0.127775 -0.914733
-0.319468 0.127787 -0.938941
-0.296754 0.131891 -0.945802
-0.219831 0.0942131 -0.970978
-0.129145 0.0645727 -0.989521
-0.0977323 1.19684e-17 -0.995213
-0.133395 0.100047 -0.986
-0.133775 0.0668873 -0.988752
-0.131278 0.0984582 -0.986444
-0.161344 0.0645377 -0.984786
-0.161522 0.0969134 -0.982099
-0.160915 0.0965489 -0.982235
-0.161957 0.0647827 -0.984669
-0.159446 0.0637786 -0.985144
-0.12756 0.0637798 -0.989778
-0.129284 0.0323209 -0.991081
-0.16482 0.032964 -0.985773
-0.0985058 0.0328353 -0.994595
-0.0969631 0.032321 -0.994763
-0.0956712 0.0637808 -0.993368
-0.0645408 0.0645408 -0.995826
-0.031774 0.063548 -0.997473
-0.031774 0.063548 -0.997473
-0.0637815 0.0637815 -0.995924
-0.031774 0.063548 -0.997473
-0.0635476 0.0635476 -0.995954
-0.0631419 0.0947128 -0.9935
-0.0633872 0.0950808 -0.993449
-0.031694 0.0950821 -0.994965
-0.0312156 0.0936468 -0.995116
-0.031694 0.0950821 -0.994965
-0.0314617 0.125847 -0.991551
-0.0315714 0.0947141 -0.995004
-0.0631419 0.0947128 -0.9935
-0.0629219 0.125844 -0.990053
-0.0321868 0.0965604 -0.994807
-0.0320584 0.0961751 -0.994848
-0.0638458 0.0957686 -0.993354
-0.0324397 0.129759 -0.991015
-0.0626666 0.125333 -0.990134
-0.0330769 0.0992306 -0.994515
-0.0319436 0.127774 -0.991289
-0.0648777 0.129755 -0.989421
-0.065119 0.0976785 -0.993085
-0.0321411 0.0642823 -0.997414
0 0 0
-0.0320584 0.0961751 -0.994848
-0.0320584 0.0961751 -0.994848
-0.0324397 0.129759 -0.991015
-0.0314617 0.125847 -0.991551
0 0 0
0 0 0
0 0 0
-0.032287 0.161435 -0.986355
-0.0334774 0.13391 -0.990428
-0.0336097 0.100829 -0.994336
-0.0337051 0.0674102 -0.997156
-0.0340947 0.0681893 -0.99709
0 0 0
0 0 0
0 0 0
0 0 0
0 0 0
0 0 0
0 0 0
0 0 0
0.0338253 0.101476 -0.994263
0 0 0
0 0 0
-0.0333237 0.133295 -0.990516
0 0 0
0 0 0
0 0 0
0 0 0
0 0 0
0.0317819 0.0953458 -0.994937
0.03181 0.12724 -0.991362
0 0 0
-0.0329286 0.0987858 -0.994564
0 0 0
0 0 0
0 0 0
0 0 0
0.0623992 0.124798 -0.990218
0.0320008 0.128003 -0.991257
0.0656419 0.131284 -0.989169
0 0 0
0.066664 0.133328 -0.988827
0 0 0
0 0 0
0.032174 0.16087 -0.986451
0 0 0
0.0312344 0.156172 -0.987236
0.0318422 0.127369 -0.991344
0.0326422 0.130569 -0.990902
0.0326422 0.130569 -0.990902
0.0324866 0.162433 -0.986185
0.0321534 0.128614 -0.991173
0.0655683 0.196705 -0.978268
0.0331674 0.165837 -0.985595
0 0 0
0.0340947 0.0681893 -0.99709
0.0340947 0.0681893 -0.99709
0.0326422 0.130569 -0.990902
0.0320008 0.128003 -0.991257
0.0974661 0.129955 -0.986718
0.12867 0.160837 -0.978558
0.0974049 0.19481 -0.975993
0.0656419 0.131284 -0.989169
0.0334635 0.100391 -0.994385
0 0 0
0 0 0
0 0 0
0.0344007 0.137603 -0.98989
0.0334587 0.133835 -0.990439
0.0636574 0.159144 -0.985201
0.0321199 0.192719 -0.980728
0.0649705 0.162426 -0.984579
0 0 0
0.0323376 0.161688 -0.986312
0 0 0
0.0313725 0.12549 -0.991599
0.0318422 0.127369 -0.991344
0.0322705 0.0968115 -0.994779
0.0635791 0.0953686 -0.99341
0.0958641 0.0958641 -0.990767
0.0941979 0.0627986 -0.993571
0.0927416 0.123656 -0.987982
0.123649 0.123649 -0.984592
0.123649 0.123649 -0.984592
0.0944405 0.0944405 -0.991041
0.0643984 0.0643984 -0.995844
0.0643984 0.0643984 -0.995844
0.0987457 0.0329152 -0.994568
0.0983078 0 -0.995156
0.0967486 0.0322495 -0.994786
0.0967486 0.0322495 -0.994786
0.0965966 0.0643977 -0.993238
0.0967486 0.0322495 -0.994786
0.0992171 0.0330724 -0.994516
0.0987457 0.0329152 -0.994568
0.0972173 0.0324058 -0.994735
0.0972173 0.0324058 -0.994735
0.098584 0.0657227 -0.992956
0.0970631 0.0647087 -0.993172
0.0965966 0.0643977 -0.993238
0.0965966 0.0643977 -0.993238
0.129415 0.0647077 -0.989477
0.0968077 0.0968077 -0.990584
0.129415 0.0647077 -0.989477
0.129072 0.0968043 -0.986899
0.0953423 0.0953423 -0.990868
0.127119 0.0953391 -0.987295
0.0951405 0.063427 -0.993441
0.0949 0.0949 -0.990953
0.0949 0.0949 -0.990953
0.0979454 0.130594 -0.986586
0.130585 0.130585 -0.9828
0.067028 0.134056 -0.988704
0.0984934 0.164156 -0.981505
0.100537 0.134049 -0.985862
0.101063 0.134751 -0.985712
0.129283 0.129283 -0.983144
0.129283 0.129283 -0.983144
0.09798 0.1633 -0.981699
0.09798 0.1633 -0.981699
0.0649432 0.19483 -0.978685
0.0651131 0.227896 -0.971506
0.031618 0.221326 -0.974687
0.0308412 0.277571 -0.96021
0 0 0
0 0 0
0.0299435 0.239548 -0.970423
0 0 0
0.0291815 0.262633 -0.964454
0.0301713 0.181028 -0.983015
0.0308862 0.123545 -0.991858
0.031678 0.126712 -0.991434
0 0 0
0 0 0
0 0 0
0 0 0
0.061735 0.0926025 -0.993787
0.0313998 0.0627996 -0.997532
0.0310947 0.0621894 -0.99758
0.0306425 0.061285 -0.99765
0.0624843 0.0624843 -0.996088
0.0928239 0.0618826 -0.993758
0.0948205 0.0316068 -0.994993
0.0655032 0.0327516 -0.997315
0.0977448 0.0325816 -0.994678
0.0640754 0.0640754 -0.995886
0.0967486 0.0322495 -0.994786
0.0953342 0 -0.995445
0.0953342 0 -0.995445
0.0953342 0 -0.995445
0.127644 0.031911 -0.991307
0.126269 0.0315673 -0.991494
0.130795 0.0326988 -0.99087
0.130795 0.0326988 -0.99087
0.130795 0.0326988 -0.99087
0.166111 0.0332223 -0.985547
0.0972689 0 -0.995258
0.0972689 0 -0.995258
0.132289 0.0330722 -0.990659
0.0987997 0 -0.995107
0.13166 0.0329151 -0.990748
0.129692 0 -0.991554
0.127644 0.031911 -0.991307
0.129415 0.0647077 -0.989477
0.127446 0.0637232 -0.989796
0.0965966 0.0643977 -0.993238
0.0951405 0.063427 -0.993441
0.125917 0.0944375 -0.987536
0.0939645 0.0939645 -0.991131
0.12018 0.180271 -0.976247
0.117749 0.117749 -0.986038
0.154289 0.216005 -0.964125
0.048722 0.097444 -0.994048
0.127706 0.223486 -0.966305
0.0907808 0.302603 -0.948784
0.0899141 0.329685 -0.9398
0.0613607 0.306804 -0.949793
0.0915377 0.305126 -0.947903
0.0927869 0.30929 -0.94643
0.0636823 0.28657 -0.95594
0.0983144 0.262172 -0.96
0.129144 0.258288 -0.957397
0.1273 0.286425 -0.949608
0.12769 0.25538 -0.958372
0.0977522 0.260672 -0.960466
0.0971049 0.226578 -0.96914
0.063871 0.255484 -0.964701
0.0927869 0.30929 -0.94643
0.0948135 0.316045 -0.943995
0.127119 0.317798 -0.939598
0.0954868 0.254631 -0.962312
0.100901 0.235435 -0.966638
0.0994005 0.265068 -0.959093
0.0655351 0.294908 -0.953276
0.0655351 0.294908 -0.953276
0.0960275 0.288082 -0.952779
0.0960275 0.288082 -0.952779
0.0941659 0.282498 -0.954635
0.127286 0.254571 -0.958641
0.0954868 0.254631 -0.962312
0.130182 0.227819 -0.964962
0.159058 0.254493 -0.953904
0.159058 0.254493 -0.953904
0.156797 0.250876 -0.955236
0.190797 0.254396 -0.948092
0.162686 0.22776 -0.96003
0.158201 0.253122 -0.954412
0.193332 0.225554 -0.954855
0.16031 0.224434 -0.961213
0.162686 0.22776 -0.96003
0.196568 0.196568 -0.960584
0.199558 0.199558 -0.95935
0.196568 0.196568 -0.960584
0.164755 0.197706 -0.966317
0.20225 0.235958 -0.950484
0.166199 0.265919 -0.94956
0.165126 0.231176 -0.958797
0.165126 0.231176 -0.958797
0.159058 0.254493 -0.953904
0.154593 0.247349 -0.956514
0.215272 0.246025 -0.945056
0.289083 0.0412976 -0.956413
0.215881 0.215881 -0.952255
0.188673 0.220118 -0.957053
0.192784 0.192784 -0.962117
0.223733 0.191771 -0.955598
0.227085 0.194644 -0.954225
0.191937 0.159947 -0.968286
0.195705 0.195705 -0.960936
0.224853 0.192731 -0.955142
0.220558 0.157542 -0.962567
0.220252 0.188787 -0.957
0.221521 0.158229 -0.962233
0.223562 0.191624 -0.955667
0.229522 0.131155 -0.964426
0.261046 0.130523 -0.956461
0.229676 0.164054 -0.959341
0.230858 0.131919 -0.964003
0.23193 0.165665 -0.958522
0.234449 0.167464 -0.957596
0.233244 0.166603 -0.95804
0.24202 0.172871 -0.954747
0.239055 0.204904 -0.94914
0.238179 0.170128 -0.956205
0.234449 0.167464 -0.957596
0.234449 0.167464 -0.957596
0.201002 0.167501 -0.965164
0.199968 0.16664 -0.965528
0.234449 0.167464 -0.957596
0.230826 0.164876 -0.958924
0.197893 0.164911 -0.966252
0.197893 0.164911 -0.966252
0.197893 0.164911 -0.966252
0.194872 0.162394 -0.967292
0.226207 0.161577 -0.960585
0.195705 0.195705 -0.960936
0.191822 0.191822 -0.962501
0.192751 0.257001 -0.946994
0.196424 0.261899 -0.944895
0.161378 0.258204 -0.952517
0.0983144 0.262172 -0.96
0.032253 0.225771 -0.973646
-0.0336855 0.168428 -0.985138
-0.0343954 0.171977 -0.9845
-0.0337813 0.202688 -0.978661
-0.0644674 0.225636 -0.972076
-0.0966881 0.225606 -0.969409
-0.0996825 0.232593 -0.967452
-0.0687871 0.171968 -0.982698
-0.0688194 0.137639 -0.988089
-0.0343954 0.171977 -0.9845
-0.100413 0.200825 -0.974467
-0.0676853 0.169213 -0.983253
-0.0669495 0.200848 -0.977332
0 0 0
-0.0659145 0.197744 -0.978035
-0.0328038 0.196823 -0.97989
-0.0324178 0.226925 -0.973373
0 0 0
0 0 0
0 0 0
0 0 0
0.0327288 0.229102 -0.972852
0.033477 0.200862 -0.979047
0.033477 0.200862 -0.979047
0.0340546 0.170273 -0.984808
0 0 0
0 0 0
0 0 0
-0.031618 0.221326 -0.974687
0 0 0
-0.0314729 0.22031 -0.974922
-0.0318257 0.190954 -0.981083
0 0 0
-0.0323201 0.25856 -0.965454
-0.0323201 0.25856 -0.965454
-0.0326456 0.261165 -0.964742
-0.033416 0.233912 -0.971683
-0.0338734 0.169367 -0.984971
-0.033477 0.200862 -0.979047
-0.064909 0.194727 -0.978707
-0.0325765 0.228036 -0.973108
-0.0329594 0.197756 -0.979697
0 0 0
0 0 0
-0.0643024 0.192907 -0.979108
0 0 0
-0.0321531 0.192918 -0.980688
0 0 0
-0.0342287 0.171144 -0.984651
0 0 0
0 0 0
0 0 0
0 0 0
0.0357537 0.143015 -0.989075
0.035967 0.143868 -0.988943
0.035915 0.107745 -0.99353
0.0718284 0.107743 -0.991581
0.102866 0.0685775 -0.992328
0.102999 0.102999 -0.989334
0.129189 0.161486 -0.978383
0.131134 0.163918 -0.977719
0.0989341 0.16489 -0.981337
0.0656419 0.131284 -0.989169
0 0 0
-0.0658562 0.0987842 -0.992927
-0.0962053 0.128274 -0.987061
-0.0965659 0.128755 -0.986964
-0.0320706 0.128282 -0.991219
-0.0638436 0.159609 -0.985114
-0.063593 0.158983 -0.985231
-0.0962053 0.128274 -0.987061
-0.0972439 0.162073 -0.981976
-0.0648777 0.129755 -0.989421
-0.0672182 0.100827 -0.992631
-0.0661527 0.099229 -0.992863
-0.0648777 0.129755 -0.989421
-0.0333101 0.0666203 -0.997222
-0.033218 0.099654 -0.994468
-0.0658562 0.0987842 -0.992927
-0.0661527 0.099229 -0.992863
-0.0666198 0.0666198 -0.995552
-0.0666198 0.0666198 -0.995552
-0.0334542 0.100363 -0.994388
0 0 0
-0.0672182 0.100827 -0.992631
-0.0337578 0.101273 -0.994286
-0.0337578 0.101273 -0.994286
-0.033218 0.099654 -0.994468
-0.0661527 0.099229 -0.992863
-0.0325728 0.130291 -0.990941
-0.0653958 0.130792 -0.989251
0 0 0
0 0 0
0 0 0
-0.0330903 0.132361 -0.990649
0 0 0
-0.0651439 0.130288 -0.989334
-0.0638855 0.127771 -0.989744
-0.063563 0.0953445 -0.993413
-0.0638855 0.127771 -0.989744
-0.0324183 0.162091 -0.986243
-0.0641396 0.128279 -0.989662
-0.0320706 0.128282 -0.991219
-0.0638855 0.127771 -0.989744
-0.0658997 0.131799 -0.989083
-0.0667022 0.100053 -0.992744
-0.0672182 0.100827 -0.992631
-0.0334774 0.13391 -0.990428
-0.0328042 0.131217 -0.990811
-0.0669072 0.100361 -0.992699
-0.0666455 0.133291 -0.988834
-0.0658997 0.131799 -0.989083
-0.0676853 0.169213 -0.983253
-0.0329999 0.165 -0.985741
-0.0329594 0.197756 -0.979697
-0.0324952 0.162476 -0.986177
-0.0649876 0.162469 -0.984571
-0.0320047 0.160024 -0.986594
-0.0636183 0.127237 -0.98983
-0.0636183 0.127237 -0.98983
-0.0321491 0.160745 -0.986472
-0.0319436 0.127774 -0.991289
-0.0328042 0.131217 -0.990811
-0.0327908 0.163954 -0.985923
0 0 0
-0.0324397 0.129759 -0.991015
0 0 0
0 0 0
0 0 0
0 0 0
0 0 0
-0.0330769 0.0992306 -0.994515
0 0 0
0 0 0
0.0330769 0.0992306 -0.994515
0 0 0
0 0 0
0 0 0
0 0 0
0 0 0
0 0 0
0 0 0
-0.0324564 0.194739 -0.980318
0 0 0
-0.0328042 0.131217 -0.990811
0 0 0
-0.032287 0.161435 -0.986355
0 0 0
0 0 0
-0.0319436 0.127774 -0.991289
-0.0322998 0.129199 -0.991092
-0.0333097 0.166548 -0.98547
-0.059648 0.059648 -0.996436
-0.0610759 0.122152 -0.99063
-0.0611594 0.183478 -0.981119
0 0 0
0 0 0
-0.031334 0.125336 -0.991619
0 0 0
0 0 0
0 0 0
-0.0329286 0.0987858 -0.994564
-0.0314617 0.125847 -0.991551
0 0 0
-0.0313225 0.12529 -0.991626
-0.0311096 0.124438 -0.99174
0 0 0
0.0315714 0.0947141 -0.995004
0.0326991 0.0326991 -0.99893
0 0 0
0 0 0
0.0318909 0.0637819 -0.997454
0.0318909 0.0637819 -0.997454
0.0328354 0.0328354 -0.998921
0.0656708 0.0328354 -0.997301
0.0646422 0.0323211 -0.997385
0.0635476 0.0635476 -0.995954
0.0646762 0 -0.997906
0.0648884 0.0324442 -0.997365
0.0955152 0 -0.995428
0.0973324 0.0324441 -0.994723
0.0958188 0.0319396 -0.994886
0.129352 0 -0.991599
0.131341 0.0328351 -0.990793
0.0653981 0.0326991 -0.997323
0.0980969 0.032699 -0.99464
0.129352 0 -0.991599
0.131341 0.0328351 -0.990793
0.0653981 0.0326991 -0.997323
0.130795 0.0326988 -0.99087
0.129284 0.0323209 -0.991081
0.0633962 0.0316981 -0.997485
0.0969631 0.032321 -0.994763
0.0969631 0.032321 -0.994763
0.0958188 0.0319396 -0.994886
0.0956712 0.0637808 -0.993368
0.0968101 0.06454 -0.993208
0.124854 0.0936407 -0.987746
0.124424 0.124424 -0.984397
0.0308715 0.123486 -0.991866
0.0929751 0.123967 -0.987921
0.0619857 0.123971 -0.990348
0.0619857 0.123971 -0.990348
0.122996 0.0922471 -0.988111
0.0936435 0.0936435 -0.991192
0.126767 0.0950755 -0.987366
0.0971776 0.0647851 -0.993156
0.0985058 0.0328353 -0.994595
0.0988931 0.0329644 -0.994552
0.0987307 0.0658205 -0.992935
0.100097 0.0333656 -0.994418
0.0988931 0.0329644 -0.994552
0.133462 0.0333655 -0.990492
0.133462 0.0333655 -0.990492
0.13565 0.0339126 -0.990176
0.133538 0 -0.991044
0.133235 0.0666177 -0.988843
0.0996678 0.0332226 -0.994466
0.0950786 0.0950786 -0.990919
0.0943791 0.125839 -0.987551
0.0968927 0.12919 -0.986875
0.123649 0.123649 -0.984592
0.0918324 0.153054 -0.983942
0.0297479 0.14874 -0.988429
0 0 0
-0.0305207 0.152603 -0.987816
-0.0612465 0.153116 -0.986308
-0.0607151 0.151788 -0.986547
-0.0614413 0.153603 -0.986221
-0.0321868 0.0965604 -0.994807
0 0 0
0 0 0
0 0 0
0.033333 0.133332 -0.990511
-0.0337435 0.0674869 -0.997149
-0.0338253 0.101476 -0.994263
-0.0661527 0.099229 -0.992863
-0.0658997 0.131799 -0.989083
-0.0656066 0.131213 -0.989181
-0.0649804 0.129961 -0.989388
0 0 0
-0.064598 0.129196 -0.989513
-0.0321534 0.128614 -0.991173
-0.0321534 0.128614 -0.991173
-0.0333467 0.166734 -0.985438
-0.0340546 0.170273 -0.984808
0 0 0
0 0 0
0 0 0
-0.0333467 0.166734 -0.985438
0 0 0
0 0 0
-0.0338734 0.169367 -0.984971
0 0 0
-0.0338734 0.169367 -0.984971
0 0 0
0 0 0
-0.0342187 0.171094 -0.98466
0 0 0
-0.0339959 0.101988 -0.994205
-0.0324866 0.162433 -0.986185
-0.0311657 0.21816 -0.975415
-0.0316653 0.253323 -0.966863
0 0 0
-0.0315358 0.157679 -0.986987
-0.0315358 0.157679 -0.986987
-0.0633931 0.158483 -0.985325
-0.0312344 0.156172 -0.987236
-0.0316977 0.158489 -0.986852
-0.0637058 0.159265 -0.985178
0 0 0
0 0 0
-0.0327735 0.0983205 -0.994615
-0.0324911 0.129964 -0.990986
0 0 0
-0.0301919 0.181151 -0.982992
0 0 0
0 0 0
0 0 0
-0.031384 0.15692 -0.987113
0 0 0
0.0323251 0.129301 -0.991078
0.033163 0.132652 -0.990608
0.0336477 0.100943 -0.994323
0 0 0
0 0 0
0 0 0
0 0 0
0.0313725 0.12549 -0.991599
0.0316977 0.158489 -0.986852
0 0 0
-0.0324911 0.129964 -0.990986
-0.0329956 0.131982 -0.990703
-0.0329956 0.131982 -0.990703
0 0 0
-0.0324911 0.129964 -0.990986
-0.0323376 0.161688 -0.986312
-0.0323376 0.161688 -0.986312
0 0 0
0 0 0
0 0 0
0 0 0
0.0326509 0.130603 -0.990897
0 0 0
0 0 0
0.0336855 0.168428 -0.985138
0 0 0
0.0333467 0.166734 -0.985438
0.0329683 0.19781 -0.979686
0 0 0
0.033477 0.200862 -0.979047
0 0 0
0 0 0
0.0344157 0.172079 -0.984482
-0.0344157 0.172079 -0.984482
0 0 0
-0.0688278 0.172069 -0.982677
-0.0687495 0.103124 -0.99229
-0.138204 0.103653 -0.984965
-0.137032 0.0685158 -0.988194
-0.137032 0.0685158 -0.988194
-0.101288 0.0337626 -0.994284
-0.0979384 0.0652923 -0.993048
-0.0653981 0.0326991 -0.997323
-0.0661813 8.1046e-18 -0.997808
-0.0675641 8.27394e-18 -0.997715
-0.0332411 4.07073e-18 -0.999447
-0.0332411 4.07073e-18 -0.999447
-0.0325558 0.0325558 -0.99894
-0.0320051 0.0640101 -0.997436
0 0 0
-0.0314424 0.0943271 -0.995045
-0.0314424 0.0943271 -0.995045
-0.0320051 0.0640101 -0.997436
-0.0319233 0.09577 -0.994891
0 0 0
0 0 0
0 0 0
0 0 0
0 0 0
0 0 0
0.0643051 0.12861 -0.989608
0 0 0
0.0327735 0.0983205 -0.994615
0 0 0
0 0 0
0.032862 0.0657239 -0.997297
0 0 0
0.0322705 0.0968115 -0.994779
0.032862 0.0657239 -0.997297
0.0327735 0.0983205 -0.994615
0.0321534 0.128614 -0.991173
0.0326991 0.0653981 -0.997323
0.0327735 0.0983205 -0.994615
0.0327735 0.0983205 -0.994615
0.033163 0.132652 -0.990608
0.033163 0.132652 -0.990608
0 0 0
0.0324911 0.129964 -0.990986
0.0323251 0.129301 -0.991078
0.0310608 0.124243 -0.991766
0.0316701 0.12668 -0.991438
0.12358 0.0823867 -0.988909
0.0310938 0.248751 -0.968068
0.031322 0.219254 -0.975165
0.0317813 0.222469 -0.974422
0.0315239 0.189143 -0.981443
0 0 0
0.0328219 0.131288 -0.990801
0.032174 0.16087 -0.986451
0.0673678 0.168419 -0.983411
0.0635578 0.222452 -0.97287
0.0626395 0.219238 -0.973658
0 0 0
0.031322 0.219254 -0.975165
-0.0316777 0.190066 -0.98126
0 0 0
0 0 0
0 0 0
0.0328219 0.131288 -0.990801
0.0328219 0.131288 -0.990801
0.033333 0.133332 -0.990511
0 0 0
0.0695312 0.173828 -0.982318
0.0347675 0.173838 -0.98416
0.0348728 0.209237 -0.977243
0 0 0
0.0345384 0.20723 -0.977682
0.0347675 0.173838 -0.98416
0.0347675 0.173838 -0.98416
0.0347675 0.173838 -0.98416
0.0347675 0.173838 -0.98416
0.0342187 0.171094 -0.98466
0.0340002 0.204001 -0.97838
0.0334913 0.167457 -0.98531
0 0 0
0.0347675 0.173838 -0.98416
0.0338734 0.169367 -0.984971
0.0340002 0.204001 -0.97838
0 0 0
0.0344157 0.172079 -0.984482
0 0 0
0.0342187 0.171094 -0.98466
0.0342187 0.171094 -0.98466
0.0338591 0.135436 -0.990207
0 0 0
0 0 0
-0.0324178 0.226925 -0.973373
0.0317813 0.222469 -0.974422
0.0317813 0.222469 -0.974422
0 0 0
0.0319922 0.191953 -0.980882
0.0315242 0.126097 -0.991517
0.0320047 0.160024 -0.986594
0 0 0
0 0 0
0 0 0
0 0 0
0 0 0
0.0320008 0.128003 -0.991257
0.0320008 0.128003 -0.991257
0.0316345 0.0949035 -0.994984
0.0629617 0.0944426 -0.993537
0.0636828 0.127366 -0.989809
0 0 0
0.0312155 0.124862 -0.991683
0.0301919 0.181151 -0.982992
0.0299172 0.149586 -0.988296
-0.0300486 0.150243 -0.988192
0 0 0
0 0 0
0.0312344 0.156172 -0.987236
0.0313725 0.12549 -0.991599
0 0 0
-0.0648777 0.129755 -0.989421
-0.0643727 0.096559 -0.993243
-0.0965659 0.128755 -0.986964
-0.0961714 0.0961714 -0.990708
-0.097676 0.097676 -0.990413
-0.100358 0.100358 -0.989877
-0.100358 0.100358 -0.989877
-0.132297 0.0992225 -0.986231
-0.133235 0.0666177 -0.988843
-0.0995015 0.0663344 -0.992824
-0.0995015 0.0663344 -0.992824
-0.133805 0.100354 -0.985913
-0.0995015 0.0663344 -0.992824
-0.0992263 0.0992263 -0.990105
-0.0990531 0.0660354 -0.992889
-0.065119 0.0976785 -0.993085
-0.065119 0.0976785 -0.993085
-0.0961714 0.0961714 -0.990708
-0.0961714 0.0961714 -0.990708
-0.0641158 0.0961737 -0.993297
-0.0973122 0.12975 -0.98676
-0.065119 0.0976785 -0.993085
-0.065119 0.0976785 -0.993085
-0.0648777 0.129755 -0.989421
-0.0661527 0.099229 -0.992863
-0.0648777 0.129755 -0.989421
-0.0651439 0.130288 -0.989334
-0.0315831 0.126332 -0.991485
-0.0629219 0.125844 -0.990053
-0.0636183 0.127237 -0.98983
-0.03256 0.09768 -0.994685
-0.0334774 0.13391 -0.990428
-0.0663352 0.0663352 -0.99559
-0.0672182 0.100827 -0.992631
-0.0341591 0.102477 -0.994149
-0.0688194 0.137639 -0.988089
-0.0328042 0.131217 -0.990811
-0.0338591 0.135436 -0.990207
-0.0691077 0.103662 -0.992209
-0.034234 0.136936 -0.989988
-0.0346009 0.138403 -0.989771
0 0 0
-0.0331444 0.198866 -0.979466
0 0 0
-0.0331444 0.198866 -0.979466
0 0 0
-0.0333467 0.166734 -0.985438
-0.033515 0.13406 -0.990406
-0.0329956 0.131982 -0.990703
0 0 0
0 0 0
0 0 0
-0.0336905 0.134762 -0.990305
-0.034234 0.136936 -0.989988
-0.103658 0.103658 -0.989197
-0.101569 0.135425 -0.985568
-0.0968927 0.12919 -0.986875
-0.0935801 0.155967 -0.983319
-0.121002 0.181503 -0.975918
-0.117805 0.23561 -0.964681
-0.120279 0.210488 -0.970169
-0.0902219 0.210518 -0.973418
-0.0908868 0.242365 -0.965919
-0.0938041 0.187608 -0.977755
-0.128747 0.128747 -0.983285
-0.130273 0.130273 -0.982882
-0.161522 0.0969134 -0.982099
-0.161522 0.0969134 -0.982099
-0.125297 0.0939731 -0.987659
-0.156067 0.124854 -0.979824
-0.123004 0.123004 -0.984754
-0.121841 0.182761 -0.975578
-0.0910849 0.18217 -0.979039
-0.0918559 0.21433 -0.972433
-0.125502 0.188253 -0.974069
-0.0938041 0.187608 -0.977755
-0.0947431 0.126324 -0.987454
-0.0950786 0.0950786 -0.990919
-0.0958242 0.127766 -0.987164
-0.0962053 0.128274 -0.987061
-0.0651439 0.130288 -0.989334
-0.0980797 0.0980797 -0.990334
-0.125745 0.157181 -0.979532
-0.0946567 0.157761 -0.98293
-0.094317 0.157195 -0.983053
-0.12322 0.184829 -0.975015
-0.0636103 0.127221 -0.989833
-0.0636103 0.127221 -0.989833
-0.0636193 0.0954289 -0.993401
-0.0950875 0.126783 -0.987362
-0.0969213 0.0969213 -0.990562
-0.0653882 0.0980822 -0.993028
-0.0641396 0.128279 -0.989662
-0.0658997 0.131799 -0.989083
-0.0336238 0.134495 -0.990344
-0.0680385 0.136077 -0.988359
-0.0680385 0.136077 -0.988359
-0.0651439 0.130288 -0.989334
-0.0648338 0.162085 -0.984645
-0.0977114 0.130282 -0.98665
-0.130777 0.130777 -0.982749
-0.160156 0.160156 -0.974012
-0.164293 0.164293 -0.972633
-0.200301 0.166918 -0.965411
-0.200301 0.166918 -0.965411
-0.199209 0.132806 -0.970916
-0.167084 0.10025 -0.980833
-0.204285 0.102142 -0.973568
-0.163742 0.130993 -0.977768
-0.157785 0.189342 -0.969151
-0.178297 0.178297 -0.967688
-0.186183 0.186183 -0.964713
-0.221045 0.189467 -0.956683
-0.258295 0.161434 -0.952482
-0.255763 0.127882 -0.958244
-0.314618 0.125847 -0.940839
-0.309834 0.123934 -0.942679
-0.34588 0.125775 -0.92981
-0.377002 0.125667 -0.917647
-0.408308 0.125633 -0.904157
-0.407958 0.125525 -0.904331
-0.439203 0.125487 -0.889581
-0.429821 0.153508 -0.889769
-0.498119 0.155662 -0.853022
-0.506314 0.158223 -0.847709
-0.490701 0.153344 -0.857729
-0.491216 0.153505 -0.857405
-0.491216 0.153505 -0.857405
-0.524056 0.123307 -0.84271
-0.532077 0.125195 -0.837389
-0.463269 0.123538 -0.877565
-0.487264 0.121816 -0.864717
-0.486983 0.121746 -0.864885
-0.4952 0.1857 -0.8487
-0.469891 0.125304 -0.873786
-0.393111 0.163796 -0.904784
-0.390879 0.19544 -0.899454
-0.23988 0.11994 -0.963365
-0.176565 0.11771 -0.977225
-0.154699 0.123759 -0.98018
-0.154001 0.184801 -0.970635
-0.154259 0.154259 -0.975914
-0.151231 0.181477 -0.971697
-0.154533 0.18544 -0.970429
-0.126624 0.15828 -0.979242
-0.127208 0.127208 -0.983685
-0.126776 0.126776 -0.983797
-0.129224 0.0969179 -0.986868
-0.0950875 0.126783 -0.987362
-0.0954266 0.0954266 -0.990852
